DataCompleta;Cota
1977-12-02;694.0
1977-12-02;694.0
1977-12-03;696.0
1977-12-03;696.0
1977-12-04;696.0
1977-12-04;696.0
1977-12-05;702.0
1977-12-05;702.0
1977-12-06;709.0
1977-12-06;709.0
1977-12-07;711.0
1977-12-07;711.0
1977-12-08;710.0
1977-12-08;710.0
1977-12-09;707.0
1977-12-09;707.0
1977-12-10;709.0
1977-12-10;709.0
1977-12-11;717.0
1977-12-11;717.0
1977-12-12;725.0
1977-12-12;725.0
1977-12-13;726.0
1977-12-13;726.0
1977-12-14;724.0
1977-12-14;724.0
1977-12-15;720.0
1977-12-15;720.0
1977-12-16;712.0
1977-12-16;712.0
1977-12-17;702.0
1977-12-17;702.0
1977-12-18;688.0
1977-12-18;688.0
1977-12-19;668.0
1977-12-19;668.0
1977-12-20;650.0
1977-12-20;650.0
1977-12-21;635.0
1977-12-21;635.0
1977-12-22;628.0
1977-12-22;628.0
1977-12-23;654.0
1977-12-23;654.0
1977-12-24;717.0
1977-12-24;717.0
1977-12-25;769.0
1977-12-25;769.0
1977-12-26;806.0
1977-12-26;806.0
1977-12-27;797.0
1977-12-27;797.0
1977-12-28;765.0
1977-12-28;765.0
1977-12-29;716.0
1977-12-29;716.0
1977-12-30;663.0
1977-12-30;663.0
1977-12-31;622.0
1977-12-31;622.0
1978-01-01;597.0
1978-01-01;597.0
1978-01-02;562.0
1978-01-02;562.0
1978-01-03;552.0
1978-01-03;552.0
1978-01-04;546.0
1978-01-04;546.0
1978-01-05;530.0
1978-01-05;530.0
1978-01-06;512.0
1978-01-06;512.0
1978-01-07;500.0
1978-01-07;500.0
1978-01-08;491.0
1978-01-08;491.0
1978-01-09;491.0
1978-01-09;491.0
1978-01-10;498.0
1978-01-10;498.0
1978-01-11;500.0
1978-01-11;500.0
1978-01-12;499.0
1978-01-12;499.0
1978-01-13;490.0
1978-01-13;490.0
1978-01-14;478.0
1978-01-14;478.0
1978-01-15;465.0
1978-01-15;465.0
1978-01-16;454.0
1978-01-16;454.0
1978-01-17;447.0
1978-01-17;447.0
1978-01-18;440.0
1978-01-18;440.0
1978-01-19;435.0
1978-01-19;435.0
1978-01-20;429.0
1978-01-20;429.0
1978-01-21;426.0
1978-01-21;426.0
1978-01-22;430.0
1978-01-22;430.0
1978-01-23;438.0
1978-01-23;438.0
1978-01-24;443.0
1978-01-24;443.0
1978-01-25;448.0
1978-01-25;448.0
1978-01-26;455.0
1978-01-26;455.0
1978-01-27;478.0
1978-01-27;478.0
1978-01-28;490.0
1978-01-28;490.0
1978-01-29;490.0
1978-01-29;490.0
1978-01-30;486.0
1978-01-30;486.0
1978-01-31;482.0
1978-01-31;482.0
1978-02-01;504.0
1978-02-01;504.0
1978-02-02;540.0
1978-02-02;540.0
1978-02-03;571.0
1978-02-03;571.0
1978-02-04;598.0
1978-02-04;598.0
1978-02-05;602.0
1978-02-05;602.0
1978-02-06;590.0
1978-02-06;590.0
1978-02-07;583.0
1978-02-07;583.0
1978-02-08;577.0
1978-02-08;577.0
1978-02-09;564.0
1978-02-09;564.0
1978-02-10;554.0
1978-02-10;554.0
1978-02-11;551.0
1978-02-11;551.0
1978-02-12;551.0
1978-02-12;551.0
1978-02-13;554.0
1978-02-13;554.0
1978-02-14;541.0
1978-02-14;541.0
1978-02-15;532.0
1978-02-15;532.0
1978-02-16;526.0
1978-02-16;526.0
1978-02-17;521.0
1978-02-17;525.0
1978-02-18;515.0
1978-02-18;513.0
1978-02-19;504.0
1978-02-19;498.0
1978-02-20;484.0
1978-02-20;495.0
1978-02-21;488.0
1978-02-21;476.0
1978-02-22;484.0
1978-02-22;469.0
1978-02-23;464.0
1978-02-23;482.0
1978-02-24;478.0
1978-02-24;460.0
1978-02-25;461.0
1978-02-25;477.0
1978-02-26;480.0
1978-02-26;464.0
1978-02-27;482.0
1978-02-27;469.0
1978-02-28;474.0
1978-02-28;478.0
1978-03-01;475.0
1978-03-01;485.0
1978-03-02;489.0
1978-03-02;483.0
1978-03-03;482.0
1978-03-03;498.0
1978-03-04;480.0
1978-03-04;502.0
1978-03-05;501.0
1978-03-05;479.0
1978-03-06;494.0
1978-03-06;484.0
1978-03-07;485.0
1978-03-07;492.0
1978-03-08;491.0
1978-03-08;477.0
1978-03-09;485.0
1978-03-09;473.0
1978-03-10;498.0
1978-03-10;467.0
1978-03-11;457.0
1978-03-11;495.0
1978-03-12;449.0
1978-03-12;483.0
1978-03-13;469.0
1978-03-13;442.0
1978-03-14;439.0
1978-03-14;454.0
1978-03-15;442.0
1978-03-15;441.0
1978-03-16;444.0
1978-03-16;432.0
1978-03-17;450.0
1978-03-17;435.0
1978-03-18;439.0
1978-03-18;460.0
1978-03-19;457.0
1978-03-19;451.0
1978-03-20;462.0
1978-03-20;462.0
1978-03-21;465.0
1978-03-21;465.0
1978-03-22;479.0
1978-03-22;479.0
1978-03-23;497.0
1978-03-23;497.0
1978-03-24;500.0
1978-03-24;500.0
1978-03-25;505.0
1978-03-25;505.0
1978-03-26;516.0
1978-03-26;516.0
1978-03-27;521.0
1978-03-27;521.0
1978-03-28;527.0
1978-03-28;527.0
1978-03-29;538.0
1978-03-29;538.0
1978-03-30;599.0
1978-03-30;599.0
1978-03-31;638.0
1978-03-31;638.0
1978-04-01;633.0
1978-04-01;633.0
1978-04-02;618.0
1978-04-02;618.0
1978-04-03;607.0
1978-04-03;607.0
1978-04-04;599.0
1978-04-04;599.0
1978-04-05;595.0
1978-04-05;595.0
1978-04-06;595.0
1978-04-06;595.0
1978-04-07;612.0
1978-04-07;612.0
1978-04-08;645.0
1978-04-08;645.0
1978-04-09;680.0
1978-04-09;680.0
1978-04-10;694.0
1978-04-10;694.0
1978-04-11;713.0
1978-04-11;713.0
1978-04-12;747.0
1978-04-12;747.0
1978-04-13;785.0
1978-04-13;785.0
1978-04-14;802.0
1978-04-14;802.0
1978-04-15;826.0
1978-04-15;826.0
1978-04-16;847.0
1978-04-16;847.0
1978-04-17;855.0
1978-04-17;855.0
1978-04-18;874.0
1978-04-18;874.0
1978-04-19;900.0
1978-04-19;900.0
1978-04-20;913.0
1978-04-20;913.0
1978-04-21;919.0
1978-04-21;919.0
1978-04-22;912.0
1978-04-22;912.0
1978-04-23;892.0
1978-04-23;892.0
1978-04-24;874.0
1978-04-24;874.0
1978-04-25;856.0
1978-04-25;856.0
1978-04-26;836.0
1978-04-26;836.0
1978-04-27;820.0
1978-04-27;820.0
1978-04-28;827.0
1978-04-28;827.0
1978-04-29;842.0
1978-04-29;842.0
1978-04-30;839.0
1978-04-30;839.0
1978-05-01;826.0
1978-05-01;826.0
1978-05-02;818.0
1978-05-02;818.0
1978-05-03;831.0
1978-05-03;831.0
1978-05-04;843.0
1978-05-04;843.0
1978-05-05;852.0
1978-05-05;852.0
1978-05-06;853.0
1978-05-06;853.0
1978-05-07;851.0
1978-05-07;851.0
1978-05-08;849.0
1978-05-08;849.0
1978-05-09;845.0
1978-05-09;845.0
1978-05-10;841.0
1978-05-10;841.0
1978-05-11;841.0
1978-05-11;841.0
1978-05-12;838.0
1978-05-12;838.0
1978-05-13;834.0
1978-05-13;834.0
1978-05-14;836.0
1978-05-14;836.0
1978-05-15;853.0
1978-05-15;853.0
1978-05-16;869.0
1978-05-16;869.0
1978-05-17;898.0
1978-05-17;898.0
1978-05-18;919.0
1978-05-18;919.0
1978-05-19;944.0
1978-05-19;944.0
1978-05-20;990.0
1978-05-20;960.0
1978-05-21;972.0
1978-05-21;963.0
1978-05-22;944.0
1978-05-22;976.0
1978-05-23;962.0
1978-05-23;934.0
1978-05-24;942.0
1978-05-24;951.0
1978-05-25;956.0
1978-05-25;981.0
1978-05-26;969.0
1978-05-26;1014.0
1978-05-27;973.0
1978-05-27;1021.0
1978-05-28;974.0
1978-05-28;1010.0
1978-05-29;999.0
1978-05-29;973.0
1978-05-30;972.0
1978-05-30;985.0
1978-05-31;975.0
1978-05-31;983.0
1978-06-01;974.0
1978-06-01;984.0
1978-06-02;983.0
1978-06-02;957.0
1978-06-03;975.0
1978-06-03;945.0
1978-06-04;937.0
1978-06-04;969.0
1978-06-05;928.0
1978-06-05;965.0
1978-06-06;919.0
1978-06-06;964.0
1978-06-07;978.0
1978-06-07;916.0
1978-06-08;917.0
1978-06-08;995.0
1978-06-09;1004.0
1978-06-09;921.0
1978-06-10;1006.0
1978-06-10;922.0
1978-06-11;924.0
1978-06-11;1003.0
1978-06-12;1008.0
1978-06-12;929.0
1978-06-13;940.0
1978-06-13;1008.0
1978-06-14;949.0
1978-06-14;1013.0
1978-06-15;1009.0
1978-06-15;952.0
1978-06-16;949.0
1978-06-16;999.0
1978-06-17;988.0
1978-06-17;940.0
1978-06-18;983.0
1978-06-18;933.0
1978-06-19;927.0
1978-06-19;974.0
1978-06-20;922.0
1978-06-20;963.0
1978-06-21;919.0
1978-06-21;969.0
1978-06-22;991.0
1978-06-22;925.0
1978-06-23;1011.0
1978-06-23;936.0
1978-06-24;1021.0
1978-06-24;954.0
1978-06-25;960.0
1978-06-25;1024.0
1978-06-26;966.0
1978-06-26;1033.0
1978-06-27;1043.0
1978-06-27;967.0
1978-06-28;963.0
1978-06-28;1043.0
1978-06-29;955.0
1978-06-29;1034.0
1978-06-30;948.0
1978-06-30;1020.0
1978-07-01;947.0
1978-07-01;1011.0
1978-07-02;951.0
1978-07-02;1012.0
1978-07-03;956.0
1978-07-03;1018.0
1978-07-04;966.0
1978-07-04;1026.0
1978-07-05;973.0
1978-07-05;1034.0
1978-07-06;976.0
1978-07-06;1031.0
1978-07-07;1026.0
1978-07-07;976.0
1978-07-08;981.0
1978-07-08;1035.0
1978-07-09;1052.0
1978-07-09;990.0
1978-07-10;1075.0
1978-07-10;1002.0
1978-07-11;1014.0
1978-07-11;1088.0
1978-07-12;1033.0
1978-07-12;1097.0
1978-07-13;1043.0
1978-07-13;1120.0
1978-07-14;1050.0
1978-07-14;1124.0
1978-07-15;1050.0
1978-07-15;1111.0
1978-07-16;1085.0
1978-07-16;1040.0
1978-07-17;1028.0
1978-07-17;1054.0
1978-07-18;1020.0
1978-07-18;1009.0
1978-07-19;992.0
1978-07-19;989.0
1978-07-20;972.0
1978-07-20;977.0
1978-07-21;958.0
1978-07-21;976.0
1978-07-22;944.0
1978-07-22;970.0
1978-07-23;958.0
1978-07-23;934.0
1978-07-24;959.0
1978-07-24;920.0
1978-07-25;904.0
1978-07-25;966.0
1978-07-26;966.0
1978-07-26;880.0
1978-07-27;959.0
1978-07-27;870.0
1978-07-28;952.0
1978-07-28;883.0
1978-07-29;961.0
1978-07-29;905.0
1978-07-30;974.0
1978-07-30;917.0
1978-07-31;995.0
1978-07-31;930.0
1978-08-01;1007.0
1978-08-01;946.0
1978-08-02;1015.0
1978-08-02;948.0
1978-08-03;936.0
1978-08-03;1020.0
1978-08-04;916.0
1978-08-04;1030.0
1978-08-05;1031.0
1978-08-05;907.0
1978-08-06;1028.0
1978-08-06;914.0
1978-08-07;931.0
1978-08-07;1020.0
1978-08-08;1012.0
1978-08-08;942.0
1978-08-09;1005.0
1978-08-09;946.0
1978-08-10;995.0
1978-08-10;938.0
1978-08-11;982.0
1978-08-11;925.0
1978-08-12;918.0
1978-08-12;969.0
1978-08-13;912.0
1978-08-13;971.0
1978-08-14;992.0
1978-08-14;913.0
1978-08-15;1019.0
1978-08-15;918.0
1978-08-16;926.0
1978-08-16;1030.0
1978-08-17;1029.0
1978-08-17;942.0
1978-08-18;945.0
1978-08-18;1013.0
1978-08-19;987.0
1978-08-19;944.0
1978-08-20;959.0
1978-08-20;935.0
1978-08-21;922.0
1978-08-21;940.0
1978-08-22;937.0
1978-08-22;912.0
1978-08-23;903.0
1978-08-23;936.0
1978-08-24;886.0
1978-08-24;941.0
1978-08-25;924.0
1978-08-25;863.0
1978-08-26;888.0
1978-08-26;851.0
1978-08-27;834.0
1978-08-27;874.0
1978-08-28;866.0
1978-08-28;824.0
1978-08-29;819.0
1978-08-29;871.0
1978-08-30;816.0
1978-08-30;869.0
1978-08-31;866.0
1978-08-31;816.0
1978-09-01;870.0
1978-09-01;820.0
1978-09-02;867.0
1978-09-02;829.0
1978-09-03;841.0
1978-09-03;881.0
1978-09-04;857.0
1978-09-04;946.0
1978-09-05;985.0
1978-09-05;880.0
1978-09-06;889.0
1978-09-06;1003.0
1978-09-07;900.0
1978-09-07;1001.0
1978-09-08;905.0
1978-09-08;983.0
1978-09-09;896.0
1978-09-09;964.0
1978-09-10;948.0
1978-09-10;877.0
1978-09-11;941.0
1978-09-11;869.0
1978-09-12;855.0
1978-09-12;946.0
1978-09-13;949.0
1978-09-13;833.0
1978-09-14;947.0
1978-09-14;820.0
1978-09-15;816.0
1978-09-15;948.0
1978-09-16;942.0
1978-09-16;824.0
1978-09-17;932.0
1978-09-17;838.0
1978-09-18;863.0
1978-09-18;934.0
1978-09-19;939.0
1978-09-19;893.0
1978-09-20;901.0
1978-09-20;951.0
1978-09-21;903.0
1978-09-21;950.0
1978-09-22;942.0
1978-09-22;898.0
1978-09-23;928.0
1978-09-23;888.0
1978-09-24;911.0
1978-09-24;877.0
1978-09-25;865.0
1978-09-25;891.0
1978-09-26;849.0
1978-09-26;880.0
1978-09-27;859.0
1978-09-27;839.0
1978-09-28;827.0
1978-09-28;853.0
1978-09-29;819.0
1978-09-29;857.0
1978-09-30;821.0
1978-09-30;844.0
1978-10-01;831.0
1978-10-01;845.0
1978-10-02;838.0
1978-10-02;846.0
1978-10-03;842.0
1978-10-03;846.0
1978-10-04;843.0
1978-10-04;837.0
1978-10-05;840.0
1978-10-05;828.0
1978-10-06;841.0
1978-10-06;841.0
1978-10-07;845.0
1978-10-07;845.0
1978-10-08;835.0
1978-10-08;835.0
1978-10-09;828.0
1978-10-09;828.0
1978-10-10;821.0
1978-10-10;821.0
1978-10-11;810.0
1978-10-11;810.0
1978-10-12;806.0
1978-10-12;806.0
1978-10-13;804.0
1978-10-13;804.0
1978-10-14;802.0
1978-10-14;802.0
1978-10-15;799.0
1978-10-15;799.0
1978-10-16;792.0
1978-10-16;792.0
1978-10-17;783.0
1978-10-17;783.0
1978-10-18;780.0
1978-10-18;780.0
1978-10-19;783.0
1978-10-19;783.0
1978-10-20;783.0
1978-10-20;783.0
1978-10-21;784.0
1978-10-21;784.0
1978-10-22;795.0
1978-10-22;795.0
1978-10-23;796.0
1978-10-23;796.0
1978-10-24;785.0
1978-10-24;785.0
1978-10-25;775.0
1978-10-25;775.0
1978-10-26;767.0
1978-10-26;767.0
1978-10-27;765.0
1978-10-27;765.0
1978-10-28;767.0
1978-10-28;767.0
1978-10-29;768.0
1978-10-29;768.0
1978-10-30;778.0
1978-10-30;778.0
1978-10-31;778.0
1978-10-31;778.0
1978-11-01;773.0
1978-11-01;773.0
1978-11-02;771.0
1978-11-02;771.0
1978-11-03;772.0
1978-11-03;772.0
1978-11-04;770.0
1978-11-04;770.0
1978-11-05;768.0
1978-11-05;768.0
1978-11-06;769.0
1978-11-06;769.0
1978-11-07;774.0
1978-11-07;774.0
1978-11-08;779.0
1978-11-08;779.0
1978-11-09;784.0
1978-11-09;784.0
1978-11-10;804.0
1978-11-10;804.0
1978-11-11;809.0
1978-11-11;809.0
1978-11-12;800.0
1978-11-12;800.0
1978-11-13;776.0
1978-11-13;776.0
1978-11-14;777.0
1978-11-14;777.0
1978-11-15;795.0
1978-11-15;795.0
1978-11-16;795.0
1978-11-16;795.0
1978-11-17;781.0
1978-11-17;781.0
1978-11-18;762.0
1978-11-18;762.0
1978-11-19;744.0
1978-11-19;744.0
1978-11-20;735.0
1978-11-20;735.0
1978-11-21;739.0
1978-11-21;739.0
1978-11-22;741.0
1978-11-22;741.0
1978-11-23;736.0
1978-11-23;736.0
1978-11-24;725.0
1978-11-24;725.0
1978-11-25;717.0
1978-11-25;717.0
1978-11-26;713.0
1978-11-26;713.0
1978-11-27;710.0
1978-11-27;710.0
1978-11-28;709.0
1978-11-28;709.0
1978-11-29;707.0
1978-11-29;707.0
1978-11-30;703.0
1978-11-30;703.0
1978-12-01;684.0
1978-12-01;684.0
1978-12-02;681.0
1978-12-02;681.0
1978-12-03;679.0
1978-12-03;679.0
1978-12-04;693.0
1978-12-04;693.0
1978-12-05;709.0
1978-12-05;709.0
1978-12-06;709.0
1978-12-06;709.0
1978-12-07;704.0
1978-12-07;704.0
1978-12-08;725.0
1978-12-08;725.0
1978-12-09;726.0
1978-12-09;726.0
1978-12-10;718.0
1978-12-10;718.0
1978-12-11;714.0
1978-12-11;714.0
1978-12-12;710.0
1978-12-12;710.0
1978-12-13;714.0
1978-12-13;714.0
1978-12-14;728.0
1978-12-14;728.0
1978-12-15;741.0
1978-12-15;741.0
1978-12-16;749.0
1978-12-16;749.0
1978-12-17;749.0
1978-12-17;749.0
1978-12-18;746.0
1978-12-18;746.0
1978-12-19;747.0
1978-12-19;747.0
1978-12-20;742.0
1978-12-20;742.0
1978-12-21;729.0
1978-12-21;729.0
1978-12-22;713.0
1978-12-22;713.0
1978-12-23;692.0
1978-12-23;692.0
1978-12-24;672.0
1978-12-24;672.0
1978-12-25;654.0
1978-12-25;654.0
1978-12-26;641.0
1978-12-26;641.0
1978-12-27;633.0
1978-12-27;633.0
1978-12-28;628.0
1978-12-28;628.0
1978-12-29;618.0
1978-12-29;618.0
1978-12-30;601.0
1978-12-30;601.0
1978-12-31;586.0
1978-12-31;586.0
1979-01-01;614.0
1979-01-01;614.0
1979-01-02;646.0
1979-01-02;646.0
1979-01-03;655.0
1979-01-03;655.0
1979-01-04;645.0
1979-01-04;645.0
1979-01-05;631.0
1979-01-05;631.0
1979-01-06;588.0
1979-01-06;588.0
1979-01-07;560.0
1979-01-07;560.0
1979-01-08;533.0
1979-01-08;533.0
1979-01-09;510.0
1979-01-09;510.0
1979-01-10;493.0
1979-01-10;493.0
1979-01-11;479.0
1979-01-11;479.0
1979-01-12;469.0
1979-01-12;469.0
1979-01-13;461.0
1979-01-13;461.0
1979-01-14;455.0
1979-01-14;455.0
1979-01-15;451.0
1979-01-15;451.0
1979-01-16;441.0
1979-01-16;441.0
1979-01-17;434.0
1979-01-17;434.0
1979-01-18;428.0
1979-01-18;428.0
1979-01-19;423.0
1979-01-19;423.0
1979-01-20;417.0
1979-01-20;417.0
1979-01-21;415.0
1979-01-21;415.0
1979-01-22;419.0
1979-01-22;419.0
1979-01-23;421.0
1979-01-23;421.0
1979-01-24;417.0
1979-01-24;417.0
1979-01-25;412.0
1979-01-25;412.0
1979-01-26;419.0
1979-01-26;419.0
1979-01-27;426.0
1979-01-27;426.0
1979-01-28;447.0
1979-01-28;447.0
1979-01-29;452.0
1979-01-29;452.0
1979-01-30;451.0
1979-01-30;451.0
1979-01-31;447.0
1979-01-31;447.0
1979-02-01;442.0
1979-02-01;442.0
1979-02-02;436.0
1979-02-02;436.0
1979-02-03;435.0
1979-02-03;435.0
1979-02-04;431.0
1979-02-04;431.0
1979-02-05;428.0
1979-02-05;428.0
1979-02-06;424.0
1979-02-06;424.0
1979-02-07;421.0
1979-02-07;421.0
1979-02-08;417.0
1979-02-08;417.0
1979-02-09;412.0
1979-02-09;412.0
1979-02-10;407.0
1979-02-10;407.0
1979-02-11;403.0
1979-02-11;403.0
1979-02-12;400.0
1979-02-12;400.0
1979-02-13;397.0
1979-02-13;397.0
1979-02-14;399.0
1979-02-14;399.0
1979-02-15;410.0
1979-02-15;410.0
1979-02-16;419.0
1979-02-16;419.0
1979-02-17;415.0
1979-02-17;415.0
1979-02-18;409.0
1979-02-18;409.0
1979-02-19;403.0
1979-02-19;403.0
1979-02-20;397.0
1979-02-20;397.0
1979-02-21;396.0
1979-02-21;396.0
1979-02-22;398.0
1979-02-22;398.0
1979-02-23;399.0
1979-02-23;399.0
1979-02-24;395.0
1979-02-24;395.0
1979-02-25;390.0
1979-02-25;390.0
1979-02-26;394.0
1979-02-26;394.0
1979-02-27;397.0
1979-02-27;397.0
1979-02-28;406.0
1979-02-28;406.0
1979-03-01;414.0
1979-03-01;414.0
1979-03-02;417.0
1979-03-02;417.0
1979-03-03;430.0
1979-03-03;430.0
1979-03-04;441.0
1979-03-04;441.0
1979-03-05;444.0
1979-03-05;444.0
1979-03-06;446.0
1979-03-06;446.0
1979-03-07;460.0
1979-03-07;460.0
1979-03-08;473.0
1979-03-08;473.0
1979-03-09;490.0
1979-03-09;490.0
1979-03-10;495.0
1979-03-10;495.0
1979-03-11;503.0
1979-03-11;503.0
1979-03-12;517.0
1979-03-12;517.0
1979-03-13;520.0
1979-03-13;520.0
1979-03-14;533.0
1979-03-14;533.0
1979-03-15;556.0
1979-03-15;556.0
1979-03-16;549.0
1979-03-16;549.0
1979-03-17;531.0
1979-03-17;531.0
1979-03-18;527.0
1979-03-18;527.0
1979-03-19;547.0
1979-03-19;547.0
1979-03-20;547.0
1979-03-20;547.0
1979-03-21;537.0
1979-03-21;537.0
1979-03-22;525.0
1979-03-22;525.0
1979-03-23;515.0
1979-03-23;515.0
1979-03-24;515.0
1979-03-24;515.0
1979-03-25;506.0
1979-03-25;506.0
1979-03-26;507.0
1979-03-26;507.0
1979-03-27;504.0
1979-03-27;504.0
1979-03-28;501.0
1979-03-28;501.0
1979-03-29;508.0
1979-03-29;508.0
1979-03-30;529.0
1979-03-30;529.0
1979-03-31;573.0
1979-03-31;573.0
1979-04-01;587.0
1979-04-01;587.0
1979-04-02;587.0
1979-04-02;587.0
1979-04-03;585.0
1979-04-03;585.0
1979-04-04;582.0
1979-04-04;582.0
1979-04-05;592.0
1979-04-05;592.0
1979-04-06;633.0
1979-04-06;633.0
1979-04-07;668.0
1979-04-07;668.0
1979-04-08;692.0
1979-04-08;692.0
1979-04-09;704.0
1979-04-09;704.0
1979-04-10;713.0
1979-04-10;713.0
1979-04-11;730.0
1979-04-11;730.0
1979-04-12;754.0
1979-04-12;754.0
1979-04-13;767.0
1979-04-13;767.0
1979-04-14;770.0
1979-04-14;770.0
1979-04-15;778.0
1979-04-15;778.0
1979-04-16;805.0
1979-04-16;805.0
1979-04-17;864.0
1979-04-17;864.0
1979-04-18;930.0
1979-04-18;930.0
1979-04-19;964.0
1979-04-19;964.0
1979-04-20;974.0
1979-04-20;974.0
1979-04-21;993.0
1979-04-21;993.0
1979-04-22;1006.0
1979-04-22;1006.0
1979-04-23;1007.0
1979-04-23;1007.0
1979-04-24;986.0
1979-04-24;986.0
1979-04-25;957.0
1979-04-25;957.0
1979-04-26;933.0
1979-04-26;933.0
1979-04-27;911.0
1979-04-27;911.0
1979-04-28;899.0
1979-04-28;899.0
1979-04-29;899.0
1979-04-29;899.0
1979-04-30;906.0
1979-04-30;906.0
1979-05-01;910.0
1979-05-01;910.0
1979-05-02;915.0
1979-05-02;915.0
1979-05-03;931.0
1979-05-03;931.0
1979-05-04;945.0
1979-05-04;945.0
1979-05-05;953.0
1979-05-05;953.0
1979-05-06;955.0
1979-05-06;955.0
1979-05-07;939.0
1979-05-07;939.0
1979-05-08;922.0
1979-05-08;922.0
1979-05-09;902.0
1979-05-09;902.0
1979-05-10;909.0
1979-05-10;909.0
1979-05-11;909.0
1979-05-11;909.0
1979-05-12;923.0
1979-05-12;923.0
1979-05-13;930.0
1979-05-13;930.0
1979-05-14;933.0
1979-05-14;933.0
1979-05-15;929.0
1979-05-15;929.0
1979-05-16;926.0
1979-05-16;926.0
1979-05-17;923.0
1979-05-17;923.0
1979-05-18;919.0
1979-05-18;919.0
1979-05-19;910.0
1979-05-19;910.0
1979-05-20;904.0
1979-05-20;904.0
1979-05-21;897.0
1979-05-21;897.0
1979-05-22;894.0
1979-05-22;894.0
1979-05-23;897.0
1979-05-23;897.0
1979-05-24;911.0
1979-05-24;911.0
1979-05-25;936.0
1979-05-25;936.0
1979-05-26;954.0
1979-05-26;954.0
1979-05-27;964.0
1979-05-27;964.0
1979-05-28;970.0
1979-05-28;970.0
1979-05-29;973.0
1979-05-29;973.0
1979-05-30;972.0
1979-05-30;972.0
1979-05-31;998.0
1979-05-31;998.0
1979-06-01;1024.0
1979-06-01;1024.0
1979-06-02;1048.0
1979-06-02;1048.0
1979-06-03;1055.0
1979-06-03;1055.0
1979-06-04;1046.0
1979-06-04;1046.0
1979-06-05;1031.0
1979-06-05;1031.0
1979-06-06;1016.0
1979-06-06;1016.0
1979-06-07;987.0
1979-06-07;987.0
1979-06-08;959.0
1979-06-08;959.0
1979-06-09;946.0
1979-06-09;946.0
1979-06-10;929.0
1979-06-10;929.0
1979-06-11;911.0
1979-06-11;911.0
1979-06-12;911.0
1979-06-12;911.0
1979-06-13;909.0
1979-06-13;909.0
1979-06-14;906.0
1979-06-14;906.0
1979-06-15;917.0
1979-06-15;917.0
1979-06-16;930.0
1979-06-16;930.0
1979-06-17;936.0
1979-06-17;936.0
1979-06-18;931.0
1979-06-18;931.0
1979-06-19;936.0
1979-06-19;936.0
1979-06-20;940.0
1979-06-20;940.0
1979-06-21;937.0
1979-06-21;937.0
1979-06-22;921.0
1979-06-22;921.0
1979-06-23;916.0
1979-06-23;916.0
1979-06-24;916.0
1979-06-24;916.0
1979-06-25;931.0
1979-06-25;931.0
1979-06-26;933.0
1979-06-26;933.0
1979-06-27;929.0
1979-06-27;929.0
1979-06-28;917.0
1979-06-28;917.0
1979-06-29;906.0
1979-06-29;906.0
1979-06-30;907.0
1979-06-30;907.0
1979-07-01;910.0
1979-07-01;910.0
1979-07-02;931.0
1979-07-02;931.0
1979-07-03;941.0
1979-07-03;941.0
1979-07-04;941.0
1979-07-04;941.0
1979-07-05;936.0
1979-07-05;936.0
1979-07-06;941.0
1979-07-06;941.0
1979-07-07;957.0
1979-07-07;957.0
1979-07-08;984.0
1979-07-08;984.0
1979-07-09;1010.0
1979-07-09;1010.0
1979-07-10;1029.0
1979-07-10;1029.0
1979-07-11;1035.0
1979-07-11;1035.0
1979-07-12;1043.0
1979-07-12;1043.0
1979-07-13;1039.0
1979-07-13;1039.0
1979-07-14;1027.0
1979-07-14;1027.0
1979-07-15;1010.0
1979-07-15;1010.0
1979-07-16;989.0
1979-07-16;989.0
1979-07-17;979.0
1979-07-17;979.0
1979-07-18;976.0
1979-07-18;976.0
1979-07-19;972.0
1979-07-19;972.0
1979-07-20;963.0
1979-07-20;963.0
1979-07-21;947.0
1979-07-21;947.0
1979-07-22;933.0
1979-07-22;933.0
1979-07-23;924.0
1979-07-23;924.0
1979-07-24;919.0
1979-07-24;919.0
1979-07-25;915.0
1979-07-25;915.0
1979-07-26;912.0
1979-07-26;912.0
1979-07-27;916.0
1979-07-27;916.0
1979-07-28;917.0
1979-07-28;917.0
1979-07-29;920.0
1979-07-29;920.0
1979-07-30;924.0
1979-07-30;924.0
1979-07-31;925.0
1979-07-31;925.0
1979-08-01;930.0
1979-08-01;930.0
1979-08-02;932.0
1979-08-02;932.0
1979-08-03;928.0
1979-08-03;928.0
1979-08-04;926.0
1979-08-04;926.0
1979-08-05;926.0
1979-08-05;926.0
1979-08-06;922.0
1979-08-06;922.0
1979-08-07;916.0
1979-08-07;914.0
1979-08-08;903.0
1979-08-08;907.0
1979-08-09;896.0
1979-08-09;899.0
1979-08-10;897.0
1979-08-10;891.0
1979-08-11;882.0
1979-08-11;919.0
1979-08-12;937.0
1979-08-12;869.0
1979-08-13;858.0
1979-08-13;941.0
1979-08-14;853.0
1979-08-14;926.0
1979-08-15;907.0
1979-08-15;854.0
1979-08-16;891.0
1979-08-16;854.0
1979-08-17;876.0
1979-08-17;849.0
1979-08-18;874.0
1979-08-18;840.0
1979-08-19;878.0
1979-08-19;829.0
1979-08-20;881.0
1979-08-20;818.0
1979-08-21;811.0
1979-08-21;871.0
1979-08-22;861.0
1979-08-22;803.0
1979-08-23;794.0
1979-08-23;858.0
1979-08-24;861.0
1979-08-24;790.0
1979-08-25;852.0
1979-08-25;789.0
1979-08-26;834.0
1979-08-26;794.0
1979-08-27;803.0
1979-08-27;815.0
1979-08-28;809.0
1979-08-28;800.0
1979-08-29;789.0
1979-08-29;814.0
1979-08-30;805.0
1979-08-30;814.0
1979-08-31;844.0
1979-08-31;810.0
1979-09-01;803.0
1979-09-01;846.0
1979-09-02;826.0
1979-09-02;796.0
1979-09-03;800.0
1979-09-03;789.0
1979-09-04;780.0
1979-09-04;778.0
1979-09-05;768.0
1979-09-05;773.0
1979-09-06;773.0
1979-09-06;764.0
1979-09-07;778.0
1979-09-07;778.0
1979-09-08;779.0
1979-09-08;779.0
1979-09-09;772.0
1979-09-09;772.0
1979-09-10;771.0
1979-09-10;771.0
1979-09-11;779.0
1979-09-11;779.0
1979-09-12;772.0
1979-09-12;772.0
1979-09-13;770.0
1979-09-13;770.0
1979-09-14;762.0
1979-09-14;762.0
1979-09-15;749.0
1979-09-15;749.0
1979-09-16;741.0
1979-09-16;741.0
1979-09-17;728.0
1979-09-17;728.0
1979-09-18;714.0
1979-09-18;714.0
1979-09-19;699.0
1979-09-19;699.0
1979-09-20;695.0
1979-09-20;695.0
1979-09-21;700.0
1979-09-21;700.0
1979-09-22;709.0
1979-09-22;709.0
1979-09-23;710.0
1979-09-23;710.0
1979-09-24;699.0
1979-09-24;699.0
1979-09-25;686.0
1979-09-25;686.0
1979-09-26;675.0
1979-09-26;675.0
1979-09-27;674.0
1979-09-27;674.0
1979-09-28;684.0
1979-09-28;684.0
1979-09-29;695.0
1979-09-29;695.0
1979-09-30;709.0
1979-09-30;709.0
1979-10-01;705.0
1979-10-01;705.0
1979-10-02;697.0
1979-10-02;697.0
1979-10-03;691.0
1979-10-03;691.0
1979-10-04;688.0
1979-10-04;688.0
1979-10-05;693.0
1979-10-05;693.0
1979-10-06;710.0
1979-10-06;710.0
1979-10-07;718.0
1979-10-07;718.0
1979-10-08;721.0
1979-10-08;721.0
1979-10-09;721.0
1979-10-09;721.0
1979-10-10;718.0
1979-10-10;718.0
1979-10-11;717.0
1979-10-11;717.0
1979-10-12;731.0
1979-10-12;731.0
1979-10-13;729.0
1979-10-13;729.0
1979-10-14;717.0
1979-10-14;717.0
1979-10-15;705.0
1979-10-15;705.0
1979-10-16;695.0
1979-10-16;695.0
1979-10-17;685.0
1979-10-17;685.0
1979-10-18;683.0
1979-10-18;683.0
1979-10-19;686.0
1979-10-19;686.0
1979-10-20;697.0
1979-10-20;697.0
1979-10-21;727.0
1979-10-21;727.0
1979-10-22;726.0
1979-10-22;726.0
1979-10-23;724.0
1979-10-23;724.0
1979-10-24;718.0
1979-10-24;718.0
1979-10-25;711.0
1979-10-25;711.0
1979-10-26;709.0
1979-10-26;709.0
1979-10-27;713.0
1979-10-27;713.0
1979-10-28;721.0
1979-10-28;721.0
1979-10-29;730.0
1979-10-29;730.0
1979-10-30;735.0
1979-10-30;735.0
1979-10-31;739.0
1979-10-31;739.0
1979-11-01;740.0
1979-11-01;740.0
1979-11-02;731.0
1979-11-02;731.0
1979-11-03;727.0
1979-11-03;727.0
1979-11-04;717.0
1979-11-04;717.0
1979-11-05;710.0
1979-11-05;710.0
1979-11-06;719.0
1979-11-06;719.0
1979-11-07;729.0
1979-11-07;729.0
1979-11-08;716.0
1979-11-08;716.0
1979-11-09;699.0
1979-11-09;699.0
1979-11-10;693.0
1979-11-10;693.0
1979-11-11;698.0
1979-11-11;698.0
1979-11-12;699.0
1979-11-12;699.0
1979-11-13;684.0
1979-11-13;684.0
1979-11-14;666.0
1979-11-14;666.0
1979-11-15;688.0
1979-11-15;688.0
1979-11-16;722.0
1979-11-16;722.0
1979-11-17;763.0
1979-11-17;763.0
1979-11-18;784.0
1979-11-18;784.0
1979-11-19;795.0
1979-11-19;795.0
1979-11-20;812.0
1979-11-20;812.0
1979-11-21;831.0
1979-11-21;831.0
1979-11-22;845.0
1979-11-22;845.0
1979-11-23;839.0
1979-11-23;839.0
1979-11-24;826.0
1979-11-24;826.0
1979-11-25;810.0
1979-11-25;810.0
1979-11-26;796.0
1979-11-26;796.0
1979-11-27;778.0
1979-11-27;778.0
1979-11-28;769.0
1979-11-28;769.0
1979-11-29;770.0
1979-11-29;770.0
1979-11-30;762.0
1979-11-30;762.0
1979-12-01;749.0
1979-12-01;749.0
1979-12-02;745.0
1979-12-02;745.0
1979-12-03;741.0
1979-12-03;741.0
1979-12-04;730.0
1979-12-04;730.0
1979-12-05;735.0
1979-12-05;735.0
1979-12-06;750.0
1979-12-06;750.0
1979-12-07;764.0
1979-12-07;764.0
1979-12-08;784.0
1979-12-08;784.0
1979-12-09;794.0
1979-12-09;794.0
1979-12-10;791.0
1979-12-10;791.0
1979-12-11;781.0
1979-12-11;781.0
1979-12-12;767.0
1979-12-12;767.0
1979-12-13;753.0
1979-12-13;753.0
1979-12-14;735.0
1979-12-14;735.0
1979-12-15;721.0
1979-12-15;721.0
1979-12-16;709.0
1979-12-16;709.0
1979-12-17;719.0
1979-12-17;719.0
1979-12-18;741.0
1979-12-18;741.0
1979-12-19;745.0
1979-12-19;745.0
1979-12-20;737.0
1979-12-20;737.0
1979-12-21;723.0
1979-12-21;723.0
1979-12-22;709.0
1979-12-22;709.0
1979-12-23;692.0
1979-12-23;692.0
1979-12-24;668.0
1979-12-24;668.0
1979-12-25;644.0
1979-12-25;644.0
1979-12-26;629.0
1979-12-26;629.0
1979-12-27;612.0
1979-12-27;612.0
1979-12-28;606.0
1979-12-28;606.0
1979-12-29;623.0
1979-12-29;623.0
1979-12-30;644.0
1979-12-30;644.0
1979-12-31;648.0
1979-12-31;648.0
1980-01-01;646.0
1980-01-01;646.0
1980-01-02;661.0
1980-01-02;661.0
1980-01-03;666.0
1980-01-03;666.0
1980-01-04;667.0
1980-01-04;667.0
1980-01-05;668.0
1980-01-05;668.0
1980-01-06;660.0
1980-01-06;660.0
1980-01-07;654.0
1980-01-07;654.0
1980-01-08;644.0
1980-01-08;644.0
1980-01-09;629.0
1980-01-09;629.0
1980-01-10;616.0
1980-01-10;616.0
1980-01-11;608.0
1980-01-11;608.0
1980-01-12;599.0
1980-01-12;599.0
1980-01-13;589.0
1980-01-13;589.0
1980-01-14;572.0
1980-01-14;572.0
1980-01-15;560.0
1980-01-15;560.0
1980-01-16;548.0
1980-01-16;548.0
1980-01-17;538.0
1980-01-17;538.0
1980-01-18;528.0
1980-01-18;528.0
1980-01-19;533.0
1980-01-19;533.0
1980-01-20;528.0
1980-01-20;528.0
1980-01-21;521.0
1980-01-21;521.0
1980-01-22;518.0
1980-01-22;518.0
1980-01-23;511.0
1980-01-23;511.0
1980-01-24;512.0
1980-01-24;512.0
1980-01-25;521.0
1980-01-25;521.0
1980-01-26;525.0
1980-01-26;525.0
1980-01-27;530.0
1980-01-27;530.0
1980-01-28;534.0
1980-01-28;534.0
1980-01-29;541.0
1980-01-29;541.0
1980-01-30;541.0
1980-01-30;541.0
1980-01-31;537.0
1980-01-31;537.0
1980-02-01;525.0
1980-02-01;525.0
1980-02-02;512.0
1980-02-02;512.0
1980-02-03;505.0
1980-02-03;505.0
1980-02-04;508.0
1980-02-04;508.0
1980-02-05;498.0
1980-02-05;498.0
1980-02-06;484.0
1980-02-06;484.0
1980-02-07;478.0
1980-02-07;478.0
1980-02-08;473.0
1980-02-08;473.0
1980-02-09;467.0
1980-02-09;467.0
1980-02-10;464.0
1980-02-10;464.0
1980-02-11;459.0
1980-02-11;459.0
1980-02-12;450.0
1980-02-12;450.0
1980-02-13;439.0
1980-02-13;439.0
1980-02-14;432.0
1980-02-14;432.0
1980-02-15;426.0
1980-02-15;426.0
1980-02-16;419.0
1980-02-16;419.0
1980-02-17;418.0
1980-02-17;418.0
1980-02-18;420.0
1980-02-18;420.0
1980-02-19;425.0
1980-02-19;425.0
1980-02-20;426.0
1980-02-20;426.0
1980-02-21;421.0
1980-02-21;421.0
1980-02-22;415.0
1980-02-22;415.0
1980-02-23;410.0
1980-02-23;410.0
1980-02-24;404.0
1980-02-24;404.0
1980-02-25;400.0
1980-02-25;400.0
1980-02-26;395.0
1980-02-26;395.0
1980-02-27;392.0
1980-02-27;392.0
1980-02-28;388.0
1980-02-28;388.0
1980-02-29;388.0
1980-02-29;388.0
1980-03-01;380.0
1980-03-01;380.0
1980-03-02;378.0
1980-03-02;378.0
1980-03-03;376.0
1980-03-03;376.0
1980-03-04;374.0
1980-03-04;374.0
1980-03-05;370.0
1980-03-05;370.0
1980-03-06;367.0
1980-03-06;367.0
1980-03-07;366.0
1980-03-07;366.0
1980-03-08;364.0
1980-03-08;364.0
1980-03-09;368.0
1980-03-09;368.0
1980-03-10;372.0
1980-03-10;372.0
1980-03-11;375.0
1980-03-11;375.0
1980-03-12;374.0
1980-03-12;374.0
1980-03-13;383.0
1980-03-13;383.0
1980-03-14;394.0
1980-03-14;394.0
1980-03-15;399.0
1980-03-15;399.0
1980-03-16;405.0
1980-03-16;405.0
1980-03-17;419.0
1980-03-17;419.0
1980-03-18;420.0
1980-03-18;420.0
1980-03-19;412.0
1980-03-19;412.0
1980-03-20;413.0
1980-03-20;413.0
1980-03-21;421.0
1980-03-21;421.0
1980-03-22;434.0
1980-03-22;434.0
1980-03-23;445.0
1980-03-23;445.0
1980-03-24;441.0
1980-03-24;441.0
1980-03-25;457.0
1980-03-25;457.0
1980-03-26;479.0
1980-03-26;479.0
1980-03-27;487.0
1980-03-27;487.0
1980-03-28;495.0
1980-03-28;495.0
1980-03-29;504.0
1980-03-29;504.0
1980-03-30;529.0
1980-03-30;529.0
1980-03-31;579.0
1980-03-31;579.0
1980-04-01;659.0
1980-04-01;659.0
1980-04-02;744.0
1980-04-02;744.0
1980-04-03;799.0
1980-04-03;799.0
1980-04-04;827.0
1980-04-04;827.0
1980-04-05;829.0
1980-04-05;829.0
1980-04-06;811.0
1980-04-06;811.0
1980-04-07;808.0
1980-04-07;808.0
1980-04-08;767.0
1980-04-08;767.0
1980-04-09;733.0
1980-04-09;733.0
1980-04-10;712.0
1980-04-10;712.0
1980-04-11;705.0
1980-04-11;705.0
1980-04-12;697.0
1980-04-12;697.0
1980-04-13;702.0
1980-04-13;702.0
1980-04-14;686.0
1980-04-14;686.0
1980-04-15;662.0
1980-04-15;662.0
1980-04-16;644.0
1980-04-16;644.0
1980-04-17;622.0
1980-04-17;622.0
1980-04-18;607.0
1980-04-18;607.0
1980-04-19;601.0
1980-04-19;601.0
1980-04-20;612.0
1980-04-20;612.0
1980-04-21;642.0
1980-04-21;642.0
1980-04-22;650.0
1980-04-22;650.0
1980-04-23;699.0
1980-04-23;699.0
1980-04-24;731.0
1980-04-24;731.0
1980-04-25;759.0
1980-04-25;759.0
1980-04-26;775.0
1980-04-26;775.0
1980-04-27;795.0
1980-04-27;795.0
1980-04-28;813.0
1980-04-28;813.0
1980-04-29;827.0
1980-04-29;827.0
1980-04-30;844.0
1980-04-30;844.0
1980-05-01;862.0
1980-05-01;862.0
1980-05-02;870.0
1980-05-02;870.0
1980-05-03;874.0
1980-05-03;874.0
1980-05-04;874.0
1980-05-04;874.0
1980-05-05;901.0
1980-05-05;901.0
1980-05-06;917.0
1980-05-06;917.0
1980-05-07;922.0
1980-05-07;922.0
1980-05-08;920.0
1980-05-08;920.0
1980-05-09;913.0
1980-05-09;913.0
1980-05-10;912.0
1980-05-10;912.0
1980-05-11;915.0
1980-05-11;915.0
1980-05-12;914.0
1980-05-12;914.0
1980-05-13;909.0
1980-05-13;909.0
1980-05-14;909.0
1980-05-14;909.0
1980-05-15;934.0
1980-05-15;934.0
1980-05-16;962.0
1980-05-16;962.0
1980-05-17;974.0
1980-05-17;974.0
1980-05-18;978.0
1980-05-18;978.0
1980-05-19;985.0
1980-05-19;985.0
1980-05-20;995.0
1980-05-20;995.0
1980-05-21;991.0
1980-05-21;991.0
1980-05-22;989.0
1980-05-22;989.0
1980-05-23;996.0
1980-05-23;996.0
1980-05-24;993.0
1980-05-24;993.0
1980-05-25;982.0
1980-05-25;982.0
1980-05-26;968.0
1980-05-26;968.0
1980-05-27;952.0
1980-05-27;952.0
1980-05-28;941.0
1980-05-28;941.0
1980-05-29;940.0
1980-05-29;940.0
1980-05-30;968.0
1980-05-30;968.0
1980-05-31;1032.0
1980-05-31;1032.0
1980-06-01;1075.0
1980-06-01;1075.0
1980-06-02;1098.0
1980-06-02;1098.0
1980-06-03;1101.0
1980-06-03;1101.0
1980-06-04;1089.0
1980-06-04;1089.0
1980-06-05;1076.0
1980-06-05;1076.0
1980-06-06;1048.0
1980-06-06;1048.0
1980-06-07;1022.0
1980-06-07;1022.0
1980-06-08;990.0
1980-06-08;990.0
1980-06-09;961.0
1980-06-09;961.0
1980-06-10;944.0
1980-06-10;944.0
1980-06-11;947.0
1980-06-11;947.0
1980-06-12;1004.0
1980-06-12;1004.0
1980-06-13;1034.0
1980-06-13;1034.0
1980-06-14;1046.0
1980-06-14;1046.0
1980-06-15;1043.0
1980-06-15;1043.0
1980-06-16;1030.0
1980-06-16;1030.0
1980-06-17;1042.0
1980-06-17;1042.0
1980-06-18;1042.0
1980-06-18;1042.0
1980-06-19;1023.0
1980-06-19;1023.0
1980-06-20;1004.0
1980-06-20;1004.0
1980-06-21;1024.0
1980-06-21;1024.0
1980-06-22;1038.0
1980-06-22;1038.0
1980-06-23;1049.0
1980-06-23;1049.0
1980-06-24;1045.0
1980-06-24;1045.0
1980-06-25;1033.0
1980-06-25;1033.0
1980-06-26;1023.0
1980-06-26;1023.0
1980-06-27;1010.0
1980-06-27;1010.0
1980-06-28;997.0
1980-06-28;997.0
1980-06-29;987.0
1980-06-29;987.0
1980-06-30;999.0
1980-06-30;999.0
1980-07-01;1014.0
1980-07-01;1014.0
1980-07-02;1026.0
1980-07-02;1026.0
1980-07-03;1044.0
1980-07-03;1044.0
1980-07-04;1066.0
1980-07-04;1066.0
1980-07-05;1085.0
1980-07-05;1085.0
1980-07-06;1094.0
1980-07-06;1094.0
1980-07-07;1090.0
1980-07-07;1090.0
1980-07-08;1079.0
1980-07-08;1079.0
1980-07-09;1066.0
1980-07-09;1066.0
1980-07-10;1053.0
1980-07-10;1053.0
1980-07-11;1039.0
1980-07-11;1039.0
1980-07-12;1021.0
1980-07-12;1021.0
1980-07-13;1008.0
1980-07-13;1008.0
1980-07-14;1001.0
1980-07-14;1001.0
1980-07-15;1007.0
1980-07-15;1007.0
1980-07-16;1017.0
1980-07-16;1017.0
1980-07-17;1015.0
1980-07-17;1015.0
1980-07-18;1008.0
1980-07-18;1008.0
1980-07-19;996.0
1980-07-19;996.0
1980-07-20;982.0
1980-07-20;982.0
1980-07-21;972.0
1980-07-21;972.0
1980-07-22;969.0
1980-07-22;969.0
1980-07-23;984.0
1980-07-23;984.0
1980-07-24;1000.0
1980-07-24;1000.0
1980-07-25;1009.0
1980-07-25;1009.0
1980-07-26;1016.0
1980-07-26;1016.0
1980-07-27;1007.0
1980-07-27;1007.0
1980-07-28;989.0
1980-07-28;989.0
1980-07-29;976.0
1980-07-29;976.0
1980-07-30;964.0
1980-07-30;964.0
1980-07-31;947.0
1980-07-31;947.0
1980-08-01;939.0
1980-08-01;939.0
1980-08-02;995.0
1980-08-02;995.0
1980-08-03;1028.0
1980-08-03;1028.0
1980-08-04;1023.0
1980-08-04;1023.0
1980-08-05;1002.0
1980-08-05;1002.0
1980-08-06;970.0
1980-08-06;970.0
1980-08-07;941.0
1980-08-07;941.0
1980-08-08;917.0
1980-08-08;917.0
1980-08-09;896.0
1980-08-09;896.0
1980-08-10;884.0
1980-08-10;884.0
1980-08-11;869.0
1980-08-11;869.0
1980-08-12;856.0
1980-08-12;856.0
1980-08-13;850.0
1980-08-13;850.0
1980-08-14;844.0
1980-08-14;844.0
1980-08-15;842.0
1980-08-15;842.0
1980-08-16;847.0
1980-08-16;847.0
1980-08-17;847.0
1980-08-17;847.0
1980-08-18;844.0
1980-08-18;844.0
1980-08-19;843.0
1980-08-19;843.0
1980-08-20;841.0
1980-08-20;841.0
1980-08-21;840.0
1980-08-21;840.0
1980-08-22;835.0
1980-08-22;835.0
1980-08-23;829.0
1980-08-23;829.0
1980-08-24;816.0
1980-08-24;816.0
1980-08-25;800.0
1980-08-25;800.0
1980-08-26;795.0
1980-08-26;795.0
1980-08-27;832.0
1980-08-27;832.0
1980-08-28;872.0
1980-08-28;872.0
1980-08-29;884.0
1980-08-29;884.0
1980-08-30;876.0
1980-08-30;876.0
1980-08-31;860.0
1980-08-31;860.0
1980-09-01;842.0
1980-09-01;842.0
1980-09-02;830.0
1980-09-02;830.0
1980-09-03;823.0
1980-09-03;823.0
1980-09-04;814.0
1980-09-04;808.0
1980-09-05;801.0
1980-09-05;803.0
1980-09-06;799.0
1980-09-06;800.0
1980-09-07;800.0
1980-09-07;820.0
1980-09-08;851.0
1980-09-08;801.0
1980-09-09;811.0
1980-09-09;873.0
1980-09-10;881.0
1980-09-10;821.0
1980-09-11;878.0
1980-09-11;827.0
1980-09-12;840.0
1980-09-12;872.0
1980-09-13;842.0
1980-09-13;866.0
1980-09-14;860.0
1980-09-14;845.0
1980-09-15;855.0
1980-09-15;844.0
1980-09-16;846.0
1980-09-16;855.0
1980-09-17;843.0
1980-09-17;875.0
1980-09-18;925.0
1980-09-18;838.0
1980-09-19;959.0
1980-09-19;832.0
1980-09-20;821.0
1980-09-20;967.0
1980-09-21;959.0
1980-09-21;820.0
1980-09-22;828.0
1980-09-22;945.0
1980-09-23;836.0
1980-09-23;937.0
1980-09-24;930.0
1980-09-24;829.0
1980-09-25;927.0
1980-09-25;832.0
1980-09-26;922.0
1980-09-26;841.0
1980-09-27;920.0
1980-09-27;852.0
1980-09-28;912.0
1980-09-28;863.0
1980-09-29;871.0
1980-09-29;896.0
1980-09-30;879.0
1980-09-30;879.0
1980-10-01;881.0
1980-10-01;861.0
1980-10-02;858.0
1980-10-02;852.0
1980-10-03;854.0
1980-10-03;825.0
1980-10-04;854.0
1980-10-04;806.0
1980-10-05;787.0
1980-10-05;860.0
1980-10-06;855.0
1980-10-06;778.0
1980-10-07;789.0
1980-10-07;855.0
1980-10-08;793.0
1980-10-08;859.0
1980-10-09;793.0
1980-10-09;859.0
1980-10-10;782.0
1980-10-10;859.0
1980-10-11;774.0
1980-10-11;863.0
1980-10-12;770.0
1980-10-12;861.0
1980-10-13;780.0
1980-10-13;859.0
1980-10-14;791.0
1980-10-14;859.0
1980-10-15;855.0
1980-10-15;806.0
1980-10-16;815.0
1980-10-16;851.0
1980-10-17;821.0
1980-10-17;857.0
1980-10-18;864.0
1980-10-18;829.0
1980-10-19;836.0
1980-10-19;862.0
1980-10-20;844.0
1980-10-20;857.0
1980-10-21;851.0
1980-10-21;855.0
1980-10-22;842.0
1980-10-22;865.0
1980-10-23;875.0
1980-10-23;842.0
1980-10-24;845.0
1980-10-24;886.0
1980-10-25;847.0
1980-10-25;881.0
1980-10-26;875.0
1980-10-26;843.0
1980-10-27;838.0
1980-10-27;864.0
1980-10-28;842.0
1980-10-28;845.0
1980-10-29;828.0
1980-10-29;844.0
1980-10-30;833.0
1980-10-30;798.0
1980-10-31;805.0
1980-10-31;815.0
1980-11-01;802.0
1980-11-01;802.0
1980-11-02;794.0
1980-11-02;789.0
1980-11-03;779.0
1980-11-03;780.0
1980-11-04;784.0
1980-11-04;771.0
1980-11-05;781.0
1980-11-05;774.0
1980-11-06;768.0
1980-11-06;773.0
1980-11-07;762.0
1980-11-07;762.0
1980-11-08;755.0
1980-11-08;755.0
1980-11-09;746.0
1980-11-09;742.0
1980-11-10;716.0
1980-11-10;734.0
1980-11-11;724.0
1980-11-11;701.0
1980-11-12;717.0
1980-11-12;682.0
1980-11-13;713.0
1980-11-13;667.0
1980-11-14;662.0
1980-11-14;739.0
1980-11-15;665.0
1980-11-15;770.0
1980-11-16;794.0
1980-11-16;683.0
1980-11-17;701.0
1980-11-17;796.0
1980-11-18;786.0
1980-11-18;707.0
1980-11-19;772.0
1980-11-19;715.0
1980-11-20;784.0
1980-11-20;720.0
1980-11-21;810.0
1980-11-21;728.0
1980-11-22;736.0
1980-11-22;836.0
1980-11-23;849.0
1980-11-23;743.0
1980-11-24;857.0
1980-11-24;747.0
1980-11-25;856.0
1980-11-25;747.0
1980-11-26;846.0
1980-11-26;756.0
1980-11-27;766.0
1980-11-27;828.0
1980-11-28;775.0
1980-11-28;813.0
1980-11-29;811.0
1980-11-29;786.0
1980-11-30;812.0
1980-11-30;785.0
1980-12-01;777.0
1980-12-01;809.0
1980-12-02;773.0
1980-12-02;801.0
1980-12-03;769.0
1980-12-03;786.0
1980-12-04;760.0
1980-12-04;772.0
1980-12-05;753.0
1980-12-05;765.0
1980-12-06;739.0
1980-12-06;746.0
1980-12-07;736.0
1980-12-07;721.0
1980-12-08;720.0
1980-12-08;714.0
1980-12-09;708.0
1980-12-09;708.0
1980-12-10;700.0
1980-12-10;700.0
1980-12-11;693.0
1980-12-11;693.0
1980-12-12;684.0
1980-12-12;684.0
1980-12-13;671.0
1980-12-13;671.0
1980-12-14;653.0
1980-12-14;653.0
1980-12-15;634.0
1980-12-15;634.0
1980-12-16;621.0
1980-12-16;621.0
1980-12-17;610.0
1980-12-17;610.0
1980-12-18;597.0
1980-12-18;597.0
1980-12-19;585.0
1980-12-19;585.0
1980-12-20;573.0
1980-12-20;573.0
1980-12-21;562.0
1980-12-21;562.0
1980-12-22;547.0
1980-12-22;547.0
1980-12-23;552.0
1980-12-23;552.0
1980-12-24;562.0
1980-12-24;562.0
1980-12-25;576.0
1980-12-25;576.0
1980-12-26;588.0
1980-12-26;588.0
1980-12-27;595.0
1980-12-27;595.0
1980-12-28;593.0
1980-12-28;593.0
1980-12-29;586.0
1980-12-29;586.0
1980-12-30;592.0
1980-12-30;592.0
1980-12-31;601.0
1980-12-31;601.0
1981-01-01;599.0
1981-01-01;599.0
1981-01-02;585.0
1981-01-02;585.0
1981-01-03;565.0
1981-01-03;565.0
1981-01-04;549.0
1981-01-04;549.0
1981-01-05;538.0
1981-01-05;538.0
1981-01-06;530.0
1981-01-06;530.0
1981-01-07;528.0
1981-01-07;528.0
1981-01-08;533.0
1981-01-08;533.0
1981-01-09;547.0
1981-01-09;547.0
1981-01-10;563.0
1981-01-10;563.0
1981-01-11;575.0
1981-01-11;575.0
1981-01-12;586.0
1981-01-12;586.0
1981-01-13;580.0
1981-01-13;580.0
1981-01-14;575.0
1981-01-14;575.0
1981-01-15;574.0
1981-01-15;574.0
1981-01-16;571.0
1981-01-16;571.0
1981-01-17;574.0
1981-01-17;574.0
1981-01-18;578.0
1981-01-18;578.0
1981-01-19;574.0
1981-01-19;574.0
1981-01-20;566.0
1981-01-20;566.0
1981-01-21;548.0
1981-01-21;548.0
1981-01-22;524.0
1981-01-22;524.0
1981-01-23;503.0
1981-01-23;503.0
1981-01-24;487.0
1981-01-24;487.0
1981-01-25;474.0
1981-01-25;474.0
1981-01-26;472.0
1981-01-26;472.0
1981-01-27;482.0
1981-01-27;482.0
1981-01-28;479.0
1981-01-28;479.0
1981-01-29;471.0
1981-01-29;471.0
1981-01-30;467.0
1981-01-30;467.0
1981-01-31;486.0
1981-01-31;486.0
1981-02-01;487.0
1981-02-01;487.0
1981-02-02;482.0
1981-02-02;482.0
1981-02-03;484.0
1981-02-03;484.0
1981-02-04;500.0
1981-02-04;500.0
1981-02-05;516.0
1981-02-05;516.0
1981-02-06;540.0
1981-02-06;540.0
1981-02-07;544.0
1981-02-07;544.0
1981-02-08;554.0
1981-02-08;554.0
1981-02-09;557.0
1981-02-09;557.0
1981-02-10;551.0
1981-02-10;551.0
1981-02-11;538.0
1981-02-11;538.0
1981-02-12;532.0
1981-02-12;532.0
1981-02-13;530.0
1981-02-13;530.0
1981-02-14;521.0
1981-02-14;521.0
1981-02-15;510.0
1981-02-15;510.0
1981-02-16;495.0
1981-02-16;495.0
1981-02-17;490.0
1981-02-17;490.0
1981-02-18;494.0
1981-02-18;494.0
1981-02-19;495.0
1981-02-19;495.0
1981-02-20;503.0
1981-02-20;503.0
1981-02-21;536.0
1981-02-21;536.0
1981-02-22;567.0
1981-02-22;567.0
1981-02-23;567.0
1981-02-23;567.0
1981-02-24;555.0
1981-02-24;555.0
1981-02-25;558.0
1981-02-25;558.0
1981-02-26;575.0
1981-02-26;575.0
1981-02-27;608.0
1981-02-27;608.0
1981-02-28;631.0
1981-02-28;631.0
1981-03-01;641.0
1981-03-01;641.0
1981-03-02;660.0
1981-03-02;660.0
1981-03-03;681.0
1981-03-03;681.0
1981-03-04;702.0
1981-03-04;702.0
1981-03-05;707.0
1981-03-05;707.0
1981-03-06;719.0
1981-03-06;719.0
1981-03-07;731.0
1981-03-07;731.0
1981-03-08;734.0
1981-03-08;734.0
1981-03-09;727.0
1981-03-09;727.0
1981-03-10;732.0
1981-03-10;732.0
1981-03-11;750.0
1981-03-11;750.0
1981-03-12;769.0
1981-03-12;769.0
1981-03-13;782.0
1981-03-13;782.0
1981-03-14;779.0
1981-03-14;779.0
1981-03-15;768.0
1981-03-15;768.0
1981-03-16;754.0
1981-03-16;754.0
1981-03-17;737.0
1981-03-17;737.0
1981-03-18;717.0
1981-03-18;717.0
1981-03-19;696.0
1981-03-19;696.0
1981-03-20;674.0
1981-03-20;674.0
1981-03-21;653.0
1981-03-21;653.0
1981-03-22;637.0
1981-03-22;637.0
1981-03-23;622.0
1981-03-23;622.0
1981-03-24;610.0
1981-03-24;610.0
1981-03-25;602.0
1981-03-25;602.0
1981-03-26;601.0
1981-03-26;601.0
1981-03-27;596.0
1981-03-27;596.0
1981-03-28;580.0
1981-03-28;580.0
1981-03-29;560.0
1981-03-29;560.0
1981-03-30;544.0
1981-03-30;544.0
1981-03-31;537.0
1981-03-31;537.0
1981-04-01;537.0
1981-04-01;537.0
1981-04-02;538.0
1981-04-02;538.0
1981-04-03;540.0
1981-04-03;540.0
1981-04-04;576.0
1981-04-04;576.0
1981-04-05;631.0
1981-04-05;631.0
1981-04-06;693.0
1981-04-06;693.0
1981-04-07;725.0
1981-04-07;725.0
1981-04-08;727.0
1981-04-08;727.0
1981-04-09;722.0
1981-04-09;722.0
1981-04-10;699.0
1981-04-10;699.0
1981-04-11;675.0
1981-04-11;675.0
1981-04-12;662.0
1981-04-12;662.0
1981-04-13;662.0
1981-04-13;644.0
1981-04-14;675.0
1981-04-14;625.0
1981-04-15;709.0
1981-04-15;659.0
1981-04-16;689.0
1981-04-16;739.0
1981-04-17;707.0
1981-04-17;757.0
1981-04-18;764.0
1981-04-18;714.0
1981-04-19;786.0
1981-04-19;736.0
1981-04-20;818.0
1981-04-20;768.0
1981-04-21;792.0
1981-04-21;842.0
1981-04-22;806.0
1981-04-22;856.0
1981-04-23;902.0
1981-04-23;852.0
1981-04-24;952.0
1981-04-24;902.0
1981-04-25;922.0
1981-04-25;972.0
1981-04-26;961.0
1981-04-26;911.0
1981-04-27;950.0
1981-04-27;900.0
1981-04-28;891.0
1981-04-28;937.0
1981-04-29;918.0
1981-04-29;883.0
1981-04-30;874.0
1981-04-30;883.0
1981-05-01;866.0
1981-05-01;866.0
1981-05-02;845.0
1981-05-02;845.0
1981-05-03;837.0
1981-05-03;837.0
1981-05-04;845.0
1981-05-04;845.0
1981-05-05;922.0
1981-05-05;922.0
1981-05-06;953.0
1981-05-06;953.0
1981-05-07;925.0
1981-05-07;925.0
1981-05-08;883.0
1981-05-08;883.0
1981-05-09;841.0
1981-05-09;841.0
1981-05-10;817.0
1981-05-10;817.0
1981-05-11;801.0
1981-05-11;801.0
1981-05-12;788.0
1981-05-12;788.0
1981-05-13;788.0
1981-05-13;788.0
1981-05-14;809.0
1981-05-14;809.0
1981-05-15;834.0
1981-05-15;834.0
1981-05-16;842.0
1981-05-16;842.0
1981-05-17;836.0
1981-05-17;836.0
1981-05-18;820.0
1981-05-18;820.0
1981-05-19;792.0
1981-05-19;792.0
1981-05-20;762.0
1981-05-20;762.0
1981-05-21;743.0
1981-05-21;743.0
1981-05-22;750.0
1981-05-22;750.0
1981-05-23;789.0
1981-05-23;789.0
1981-05-24;832.0
1981-05-24;832.0
1981-05-25;855.0
1981-05-25;855.0
1981-05-26;887.0
1981-05-26;887.0
1981-05-27;900.0
1981-05-27;900.0
1981-05-28;921.0
1981-05-28;921.0
1981-05-29;925.0
1981-05-29;925.0
1981-05-30;921.0
1981-05-30;921.0
1981-05-31;945.0
1981-05-31;945.0
1981-06-01;955.0
1981-06-01;955.0
1981-06-02;972.0
1981-06-02;972.0
1981-06-03;984.0
1981-06-03;984.0
1981-06-04;990.0
1981-06-04;990.0
1981-06-05;983.0
1981-06-05;983.0
1981-06-06;970.0
1981-06-06;970.0
1981-06-07;963.0
1981-06-07;963.0
1981-06-08;953.0
1981-06-08;953.0
1981-06-09;961.0
1981-06-09;961.0
1981-06-10;981.0
1981-06-10;981.0
1981-06-11;1002.0
1981-06-11;1002.0
1981-06-12;1004.0
1981-06-12;1004.0
1981-06-13;992.0
1981-06-13;992.0
1981-06-14;983.0
1981-06-14;983.0
1981-06-15;983.0
1981-06-15;983.0
1981-06-16;982.0
1981-06-16;982.0
1981-06-17;979.0
1981-06-17;979.0
1981-06-18;978.0
1981-06-18;978.0
1981-06-19;996.0
1981-06-19;996.0
1981-06-20;1006.0
1981-06-20;1006.0
1981-06-21;1008.0
1981-06-21;1008.0
1981-06-22;1019.0
1981-06-22;1019.0
1981-06-23;1017.0
1981-06-23;1017.0
1981-06-24;998.0
1981-06-24;998.0
1981-06-25;978.0
1981-06-25;978.0
1981-06-26;947.0
1981-06-26;947.0
1981-06-27;941.0
1981-06-27;941.0
1981-06-28;946.0
1981-06-28;946.0
1981-06-29;952.0
1981-06-29;952.0
1981-06-30;956.0
1981-06-30;956.0
1981-07-01;952.0
1981-07-01;952.0
1981-07-02;953.0
1981-07-02;953.0
1981-07-03;955.0
1981-07-03;955.0
1981-07-04;947.0
1981-07-04;947.0
1981-07-05;943.0
1981-07-05;943.0
1981-07-06;948.0
1981-07-06;948.0
1981-07-07;964.0
1981-07-07;964.0
1981-07-08;970.0
1981-07-08;970.0
1981-07-09;980.0
1981-07-09;980.0
1981-07-10;996.0
1981-07-10;996.0
1981-07-11;1027.0
1981-07-11;1027.0
1981-07-12;1075.0
1981-07-12;1075.0
1981-07-13;1101.0
1981-07-13;1101.0
1981-07-14;1119.0
1981-07-14;1119.0
1981-07-15;1146.0
1981-07-15;1146.0
1981-07-16;1147.0
1981-07-16;1147.0
1981-07-17;1139.0
1981-07-17;1139.0
1981-07-18;1123.0
1981-07-18;1123.0
1981-07-19;1099.0
1981-07-19;1099.0
1981-07-20;1075.0
1981-07-20;1075.0
1981-07-21;1049.0
1981-07-21;1049.0
1981-07-22;1021.0
1981-07-22;1021.0
1981-07-23;998.0
1981-07-23;998.0
1981-07-24;978.0
1981-07-24;978.0
1981-07-25;966.0
1981-07-25;966.0
1981-07-26;941.0
1981-07-26;941.0
1981-07-27;926.0
1981-07-27;926.0
1981-07-28;911.0
1981-07-28;911.0
1981-07-29;907.0
1981-07-29;907.0
1981-07-30;902.0
1981-07-30;902.0
1981-07-31;895.0
1981-07-31;895.0
1981-08-01;882.0
1981-08-01;882.0
1981-08-02;871.0
1981-08-02;871.0
1981-08-03;861.0
1981-08-03;861.0
1981-08-04;850.0
1981-08-04;850.0
1981-08-05;840.0
1981-08-05;840.0
1981-08-06;829.0
1981-08-06;829.0
1981-08-07;841.0
1981-08-07;841.0
1981-08-08;854.0
1981-08-08;854.0
1981-08-09;869.0
1981-08-09;869.0
1981-08-10;866.0
1981-08-10;866.0
1981-08-11;874.0
1981-08-11;874.0
1981-08-12;884.0
1981-08-12;884.0
1981-08-13;884.0
1981-08-13;884.0
1981-08-14;878.0
1981-08-14;878.0
1981-08-15;865.0
1981-08-15;865.0
1981-08-16;848.0
1981-08-16;848.0
1981-08-17;837.0
1981-08-17;837.0
1981-08-18;826.0
1981-08-18;826.0
1981-08-19;814.0
1981-08-19;814.0
1981-08-20;814.0
1981-08-20;814.0
1981-08-21;818.0
1981-08-21;818.0
1981-08-22;822.0
1981-08-22;822.0
1981-08-23;821.0
1981-08-23;821.0
1981-08-24;817.0
1981-08-24;817.0
1981-08-25;811.0
1981-08-25;811.0
1981-08-26;809.0
1981-08-26;809.0
1981-08-27;807.0
1981-08-27;807.0
1981-08-28;800.0
1981-08-28;800.0
1981-08-29;785.0
1981-08-29;785.0
1981-08-30;771.0
1981-08-30;771.0
1981-08-31;775.0
1981-08-31;775.0
1981-09-01;805.0
1981-09-01;805.0
1981-09-02;834.0
1981-09-02;834.0
1981-09-03;842.0
1981-09-03;842.0
1981-09-04;833.0
1981-09-04;833.0
1981-09-05;813.0
1981-09-05;813.0
1981-09-06;802.0
1981-09-06;802.0
1981-09-07;798.0
1981-09-07;798.0
1981-09-08;796.0
1981-09-08;796.0
1981-09-09;798.0
1981-09-09;798.0
1981-09-10;808.0
1981-09-10;808.0
1981-09-11;832.0
1981-09-11;832.0
1981-09-12;843.0
1981-09-12;843.0
1981-09-13;840.0
1981-09-13;840.0
1981-09-14;827.0
1981-09-14;827.0
1981-09-15;809.0
1981-09-15;809.0
1981-09-16;803.0
1981-09-16;803.0
1981-09-17;817.0
1981-09-17;817.0
1981-09-18;852.0
1981-09-18;852.0
1981-09-19;873.0
1981-09-19;873.0
1981-09-20;882.0
1981-09-20;882.0
1981-09-21;885.0
1981-09-21;885.0
1981-09-22;876.0
1981-09-22;876.0
1981-09-23;862.0
1981-09-23;862.0
1981-09-24;847.0
1981-09-24;847.0
1981-09-25;861.0
1981-09-25;861.0
1981-09-26;879.0
1981-09-26;879.0
1981-09-27;890.0
1981-09-27;890.0
1981-09-28;895.0
1981-09-28;895.0
1981-09-29;893.0
1981-09-29;893.0
1981-09-30;885.0
1981-09-30;885.0
1981-10-01;866.0
1981-10-01;866.0
1981-10-02;844.0
1981-10-02;844.0
1981-10-03;828.0
1981-10-03;828.0
1981-10-04;824.0
1981-10-04;824.0
1981-10-05;819.0
1981-10-05;819.0
1981-10-06;811.0
1981-10-06;811.0
1981-10-07;801.0
1981-10-07;801.0
1981-10-08;790.0
1981-10-08;790.0
1981-10-09;778.0
1981-10-09;778.0
1981-10-10;772.0
1981-10-10;772.0
1981-10-11;777.0
1981-10-11;777.0
1981-10-12;777.0
1981-10-12;777.0
1981-10-13;772.0
1981-10-13;772.0
1981-10-14;764.0
1981-10-14;764.0
1981-10-15;774.0
1981-10-15;770.0
1981-10-16;806.0
1981-10-16;776.0
1981-10-17;825.0
1981-10-17;795.0
1981-10-18;797.0
1981-10-18;827.0
1981-10-19;796.0
1981-10-19;826.0
1981-10-20;821.0
1981-10-20;791.0
1981-10-21;812.0
1981-10-21;782.0
1981-10-22;766.0
1981-10-22;796.0
1981-10-23;785.0
1981-10-23;755.0
1981-10-24;782.0
1981-10-24;752.0
1981-10-25;759.0
1981-10-25;789.0
1981-10-26;788.0
1981-10-26;758.0
1981-10-27;753.0
1981-10-27;783.0
1981-10-28;777.0
1981-10-28;747.0
1981-10-29;772.0
1981-10-29;742.0
1981-10-30;763.0
1981-10-30;733.0
1981-10-31;727.0
1981-10-31;757.0
1981-11-01;738.0
1981-11-01;708.0
1981-11-02;729.0
1981-11-02;699.0
1981-11-03;710.0
1981-11-03;692.0
1981-11-04;698.0
1981-11-04;686.0
1981-11-05;679.0
1981-11-05;679.0
1981-11-06;682.0
1981-11-06;682.0
1981-11-07;676.0
1981-11-07;676.0
1981-11-08;685.0
1981-11-08;685.0
1981-11-09;694.0
1981-11-09;694.0
1981-11-10;696.0
1981-11-10;696.0
1981-11-11;689.0
1981-11-11;689.0
1981-11-12;677.0
1981-11-12;677.0
1981-11-13;684.0
1981-11-13;684.0
1981-11-14;698.0
1981-11-14;698.0
1981-11-15;706.0
1981-11-15;706.0
1981-11-16;705.0
1981-11-16;705.0
1981-11-17;686.0
1981-11-17;686.0
1981-11-18;667.0
1981-11-18;667.0
1981-11-19;654.0
1981-11-19;654.0
1981-11-20;649.0
1981-11-20;649.0
1981-11-21;648.0
1981-11-21;648.0
1981-11-22;636.0
1981-11-22;636.0
1981-11-23;628.0
1981-11-23;628.0
1981-11-24;628.0
1981-11-24;628.0
1981-11-25;622.0
1981-11-25;622.0
1981-11-26;618.0
1981-11-26;618.0
1981-11-27;644.0
1981-11-27;644.0
1981-11-28;657.0
1981-11-28;657.0
1981-11-29;662.0
1981-11-29;662.0
1981-11-30;671.0
1981-11-30;671.0
1981-12-01;673.0
1981-12-01;673.0
1981-12-02;673.0
1981-12-02;673.0
1981-12-03;657.0
1981-12-03;657.0
1981-12-04;644.0
1981-12-04;644.0
1981-12-05;639.0
1981-12-05;639.0
1981-12-06;637.0
1981-12-06;637.0
1981-12-07;633.0
1981-12-07;633.0
1981-12-08;629.0
1981-12-08;629.0
1981-12-09;635.0
1981-12-09;635.0
1981-12-10;638.0
1981-12-10;638.0
1981-12-11;629.0
1981-12-11;629.0
1981-12-12;627.0
1981-12-12;627.0
1981-12-13;623.0
1981-12-13;623.0
1981-12-14;629.0
1981-12-14;629.0
1981-12-15;638.0
1981-12-15;638.0
1981-12-16;644.0
1981-12-16;644.0
1981-12-17;656.0
1981-12-17;656.0
1981-12-18;690.0
1981-12-18;690.0
1981-12-19;701.0
1981-12-19;701.0
1981-12-20;705.0
1981-12-20;705.0
1981-12-21;705.0
1981-12-21;705.0
1981-12-22;693.0
1981-12-22;693.0
1981-12-23;683.0
1981-12-23;683.0
1981-12-24;681.0
1981-12-24;681.0
1981-12-25;687.0
1981-12-25;687.0
1981-12-26;687.0
1981-12-26;687.0
1981-12-27;680.0
1981-12-27;680.0
1981-12-28;660.0
1981-12-28;660.0
1981-12-29;646.0
1981-12-29;646.0
1981-12-30;646.0
1981-12-30;646.0
1981-12-31;647.0
1981-12-31;647.0
1982-01-01;657.0
1982-01-01;657.0
1982-01-02;654.0
1982-01-02;654.0
1982-01-03;656.0
1982-01-03;656.0
1982-01-04;681.0
1982-01-04;681.0
1982-01-05;695.0
1982-01-05;695.0
1982-01-06;691.0
1982-01-06;691.0
1982-01-07;673.0
1982-01-07;673.0
1982-01-08;659.0
1982-01-08;659.0
1982-01-09;643.0
1982-01-09;643.0
1982-01-10;632.0
1982-01-10;632.0
1982-01-11;620.0
1982-01-11;620.0
1982-01-12;633.0
1982-01-12;633.0
1982-01-13;662.0
1982-01-13;662.0
1982-01-14;676.0
1982-01-14;676.0
1982-01-15;678.0
1982-01-15;678.0
1982-01-16;660.0
1982-01-16;660.0
1982-01-17;637.0
1982-01-17;637.0
1982-01-18;634.0
1982-01-18;634.0
1982-01-19;584.0
1982-01-19;584.0
1982-01-20;559.0
1982-01-20;559.0
1982-01-21;547.0
1982-01-21;547.0
1982-01-22;533.0
1982-01-22;533.0
1982-01-23;522.0
1982-01-23;522.0
1982-01-24;504.0
1982-01-24;504.0
1982-01-25;494.0
1982-01-25;494.0
1982-01-26;481.0
1982-01-26;481.0
1982-01-27;473.0
1982-01-27;473.0
1982-01-28;467.0
1982-01-28;467.0
1982-01-29;467.0
1982-01-29;467.0
1982-01-30;470.0
1982-01-30;470.0
1982-01-31;468.0
1982-01-31;468.0
1982-02-01;463.0
1982-02-01;463.0
1982-02-02;460.0
1982-02-02;460.0
1982-02-03;472.0
1982-02-03;472.0
1982-02-04;493.0
1982-02-04;493.0
1982-02-05;512.0
1982-02-05;512.0
1982-02-06;522.0
1982-02-06;522.0
1982-02-07;532.0
1982-02-07;532.0
1982-02-08;543.0
1982-02-08;543.0
1982-02-09;556.0
1982-02-09;556.0
1982-02-10;568.0
1982-02-10;568.0
1982-02-11;577.0
1982-02-11;577.0
1982-02-12;570.0
1982-02-12;570.0
1982-02-13;557.0
1982-02-13;557.0
1982-02-14;549.0
1982-02-14;549.0
1982-02-15;556.0
1982-02-15;556.0
1982-02-16;553.0
1982-02-16;553.0
1982-02-17;551.0
1982-02-17;551.0
1982-02-18;555.0
1982-02-18;555.0
1982-02-19;548.0
1982-02-19;548.0
1982-02-20;543.0
1982-02-20;543.0
1982-02-21;549.0
1982-02-21;549.0
1982-02-22;559.0
1982-02-22;559.0
1982-02-23;575.0
1982-02-23;575.0
1982-02-24;569.0
1982-02-24;569.0
1982-02-25;560.0
1982-02-25;560.0
1982-02-26;556.0
1982-02-26;556.0
1982-02-27;576.0
1982-02-27;576.0
1982-02-28;566.0
1982-02-28;566.0
1982-03-01;563.0
1982-03-01;563.0
1982-03-02;572.0
1982-03-02;572.0
1982-03-03;576.0
1982-03-03;576.0
1982-03-04;568.0
1982-03-04;568.0
1982-03-05;559.0
1982-03-05;559.0
1982-03-06;551.0
1982-03-06;551.0
1982-03-07;552.0
1982-03-07;552.0
1982-03-08;531.0
1982-03-08;531.0
1982-03-09;514.0
1982-03-09;514.0
1982-03-10;509.0
1982-03-10;509.0
1982-03-11;505.0
1982-03-11;505.0
1982-03-12;504.0
1982-03-12;504.0
1982-03-13;514.0
1982-03-13;514.0
1982-03-14;518.0
1982-03-14;518.0
1982-03-15;516.0
1982-03-15;516.0
1982-03-16;505.0
1982-03-16;505.0
1982-03-17;494.0
1982-03-17;494.0
1982-03-18;493.0
1982-03-18;493.0
1982-03-19;498.0
1982-03-19;498.0
1982-03-20;505.0
1982-03-20;505.0
1982-03-21;521.0
1982-03-21;521.0
1982-03-22;553.0
1982-03-22;553.0
1982-03-23;580.0
1982-03-23;580.0
1982-03-24;600.0
1982-03-24;600.0
1982-03-25;600.0
1982-03-25;600.0
1982-03-26;590.0
1982-03-26;590.0
1982-03-27;585.0
1982-03-27;585.0
1982-03-28;581.0
1982-03-28;581.0
1982-03-29;576.0
1982-03-29;576.0
1982-03-30;576.0
1982-03-30;576.0
1982-03-31;578.0
1982-03-31;578.0
1982-04-01;583.0
1982-04-01;583.0
1982-04-02;629.0
1982-04-02;629.0
1982-04-03;734.0
1982-04-03;734.0
1982-04-04;794.0
1982-04-04;794.0
1982-04-05;852.0
1982-04-05;852.0
1982-04-06;881.0
1982-04-06;881.0
1982-04-07;889.0
1982-04-07;889.0
1982-04-08;882.0
1982-04-08;882.0
1982-04-09;867.0
1982-04-09;867.0
1982-04-10;851.0
1982-04-10;851.0
1982-04-11;864.0
1982-04-11;864.0
1982-04-12;873.0
1982-04-12;873.0
1982-04-13;865.0
1982-04-13;910.0
1982-04-14;912.0
1982-04-14;849.0
1982-04-15;908.0
1982-04-15;831.0
1982-04-16;815.0
1982-04-16;900.0
1982-04-17;820.0
1982-04-17;888.0
1982-04-18;822.0
1982-04-18;879.0
1982-04-19;825.0
1982-04-19;869.0
1982-04-20;829.0
1982-04-20;857.0
1982-04-21;831.0
1982-04-21;851.0
1982-04-22;834.0
1982-04-22;836.0
1982-04-23;823.0
1982-04-23;838.0
1982-04-24;840.0
1982-04-24;813.0
1982-04-25;811.0
1982-04-25;843.0
1982-04-26;817.0
1982-04-26;846.0
1982-04-27;838.0
1982-04-27;850.0
1982-04-28;852.0
1982-04-28;854.0
1982-04-29;861.0
1982-04-29;858.0
1982-04-30;865.0
1982-04-30;860.0
1982-05-01;867.0
1982-05-01;868.0
1982-05-02;893.0
1982-05-02;864.0
1982-05-03;865.0
1982-05-03;909.0
1982-05-04;877.0
1982-05-04;919.0
1982-05-05;909.0
1982-05-05;926.0
1982-05-06;924.0
1982-05-06;928.0
1982-05-07;942.0
1982-05-07;942.0
1982-05-08;973.0
1982-05-08;973.0
1982-05-09;1001.0
1982-05-09;1001.0
1982-05-10;1009.0
1982-05-10;1009.0
1982-05-11;1007.0
1982-05-11;1007.0
1982-05-12;999.0
1982-05-12;999.0
1982-05-13;987.0
1982-05-13;987.0
1982-05-14;984.0
1982-05-14;984.0
1982-05-15;993.0
1982-05-15;993.0
1982-05-16;1000.0
1982-05-16;1000.0
1982-05-17;997.0
1982-05-17;997.0
1982-05-18;990.0
1982-05-18;990.0
1982-05-19;983.0
1982-05-19;983.0
1982-05-20;970.0
1982-05-20;970.0
1982-05-21;957.0
1982-05-21;957.0
1982-05-22;941.0
1982-05-22;941.0
1982-05-23;926.0
1982-05-23;926.0
1982-05-24;929.0
1982-05-24;929.0
1982-05-25;929.0
1982-05-25;929.0
1982-05-26;927.0
1982-05-26;927.0
1982-05-27;923.0
1982-05-27;923.0
1982-05-28;913.0
1982-05-28;913.0
1982-05-29;890.0
1982-05-29;890.0
1982-05-30;877.0
1982-05-30;877.0
1982-05-31;869.0
1982-05-31;869.0
1982-06-01;864.0
1982-06-01;864.0
1982-06-02;852.0
1982-06-02;852.0
1982-06-03;844.0
1982-06-03;844.0
1982-06-04;839.0
1982-06-04;839.0
1982-06-05;859.0
1982-06-05;859.0
1982-06-06;872.0
1982-06-06;872.0
1982-06-07;884.0
1982-06-07;884.0
1982-06-08;909.0
1982-06-08;909.0
1982-06-09;946.0
1982-06-09;946.0
1982-06-10;986.0
1982-06-10;986.0
1982-06-11;1001.0
1982-06-11;1001.0
1982-06-12;1003.0
1982-06-12;1003.0
1982-06-13;993.0
1982-06-13;993.0
1982-06-14;979.0
1982-06-14;979.0
1982-06-15;956.0
1982-06-15;956.0
1982-06-16;942.0
1982-06-16;942.0
1982-06-17;967.0
1982-06-17;967.0
1982-06-18;978.0
1982-06-18;978.0
1982-06-19;971.0
1982-06-19;971.0
1982-06-20;956.0
1982-06-20;956.0
1982-06-21;942.0
1982-06-21;942.0
1982-06-22;923.0
1982-06-22;923.0
1982-06-23;909.0
1982-06-23;909.0
1982-06-24;891.0
1982-06-24;891.0
1982-06-25;869.0
1982-06-25;869.0
1982-06-26;850.0
1982-06-26;850.0
1982-06-27;860.0
1982-06-27;860.0
1982-06-28;877.0
1982-06-28;877.0
1982-06-29;880.0
1982-06-29;880.0
1982-06-30;876.0
1982-06-30;876.0
1982-07-01;867.0
1982-07-01;867.0
1982-07-02;854.0
1982-07-02;854.0
1982-07-03;847.0
1982-07-03;847.0
1982-07-04;856.0
1982-07-04;856.0
1982-07-05;883.0
1982-07-05;883.0
1982-07-06;909.0
1982-07-06;909.0
1982-07-07;929.0
1982-07-07;929.0
1982-07-08;945.0
1982-07-08;945.0
1982-07-09;946.0
1982-07-09;946.0
1982-07-10;942.0
1982-07-10;942.0
1982-07-11;933.0
1982-07-11;933.0
1982-07-12;922.0
1982-07-12;922.0
1982-07-13;914.0
1982-07-13;914.0
1982-07-14;916.0
1982-07-14;916.0
1982-07-15;919.0
1982-07-15;919.0
1982-07-16;914.0
1982-07-16;914.0
1982-07-17;897.0
1982-07-17;897.0
1982-07-18;896.0
1982-07-18;896.0
1982-07-19;902.0
1982-07-19;902.0
1982-07-20;918.0
1982-07-20;918.0
1982-07-21;938.0
1982-07-21;938.0
1982-07-22;949.0
1982-07-22;949.0
1982-07-23;955.0
1982-07-23;955.0
1982-07-24;958.0
1982-07-24;958.0
1982-07-25;969.0
1982-07-25;969.0
1982-07-26;970.0
1982-07-26;970.0
1982-07-27;974.0
1982-07-27;974.0
1982-07-28;1003.0
1982-07-28;1003.0
1982-07-29;1031.0
1982-07-29;1031.0
1982-07-30;1042.0
1982-07-30;1042.0
1982-07-31;1045.0
1982-07-31;1045.0
1982-08-01;1040.0
1982-08-01;1040.0
1982-08-02;1029.0
1982-08-02;1029.0
1982-08-03;1012.0
1982-08-03;1012.0
1982-08-04;991.0
1982-08-04;991.0
1982-08-05;968.0
1982-08-05;968.0
1982-08-06;965.0
1982-08-06;965.0
1982-08-07;977.0
1982-08-07;977.0
1982-08-08;988.0
1982-08-08;988.0
1982-08-09;982.0
1982-08-09;982.0
1982-08-10;978.0
1982-08-10;978.0
1982-08-11;980.0
1982-08-11;980.0
1982-08-12;978.0
1982-08-12;978.0
1982-08-13;969.0
1982-08-13;969.0
1982-08-14;966.0
1982-08-14;966.0
1982-08-15;954.0
1982-08-15;954.0
1982-08-16;956.0
1982-08-16;956.0
1982-08-17;964.0
1982-08-17;964.0
1982-08-18;968.0
1982-08-18;968.0
1982-08-19;966.0
1982-08-19;966.0
1982-08-20;964.0
1982-08-20;964.0
1982-08-21;956.0
1982-08-21;956.0
1982-08-22;939.0
1982-08-22;939.0
1982-08-23;922.0
1982-08-23;922.0
1982-08-24;909.0
1982-08-24;909.0
1982-08-25;907.0
1982-08-25;907.0
1982-08-26;899.0
1982-08-26;899.0
1982-08-27;902.0
1982-08-27;902.0
1982-08-28;901.0
1982-08-28;901.0
1982-08-29;889.0
1982-08-29;889.0
1982-08-30;878.0
1982-08-30;878.0
1982-08-31;865.0
1982-08-31;865.0
1982-09-01;855.0
1982-09-01;855.0
1982-09-02;857.0
1982-09-02;857.0
1982-09-03;877.0
1982-09-03;877.0
1982-09-04;929.0
1982-09-04;929.0
1982-09-05;953.0
1982-09-05;953.0
1982-09-06;968.0
1982-09-06;968.0
1982-09-07;975.0
1982-09-07;975.0
1982-09-08;973.0
1982-09-08;973.0
1982-09-09;979.0
1982-09-09;979.0
1982-09-10;969.0
1982-09-10;969.0
1982-09-11;954.0
1982-09-11;954.0
1982-09-12;935.0
1982-09-12;935.0
1982-09-13;911.0
1982-09-13;911.0
1982-09-14;888.0
1982-09-14;888.0
1982-09-15;874.0
1982-09-15;874.0
1982-09-16;857.0
1982-09-16;857.0
1982-09-17;842.0
1982-09-17;842.0
1982-09-18;838.0
1982-09-18;838.0
1982-09-19;841.0
1982-09-19;841.0
1982-09-20;840.0
1982-09-20;840.0
1982-09-21;833.0
1982-09-21;833.0
1982-09-22;826.0
1982-09-22;826.0
1982-09-23;818.0
1982-09-23;818.0
1982-09-24;817.0
1982-09-24;817.0
1982-09-25;819.0
1982-09-25;819.0
1982-09-26;822.0
1982-09-26;822.0
1982-09-27;823.0
1982-09-27;823.0
1982-09-28;817.0
1982-09-28;817.0
1982-09-29;814.0
1982-09-29;814.0
1982-09-30;806.0
1982-09-30;806.0
1982-10-01;798.0
1982-10-01;798.0
1982-10-02;790.0
1982-10-02;790.0
1982-10-03;782.0
1982-10-03;782.0
1982-10-04;776.0
1982-10-04;776.0
1982-10-05;774.0
1982-10-05;774.0
1982-10-06;765.0
1982-10-06;765.0
1982-10-07;754.0
1982-10-07;754.0
1982-10-08;767.0
1982-10-08;767.0
1982-10-09;797.0
1982-10-09;797.0
1982-10-10;815.0
1982-10-10;815.0
1982-10-11;819.0
1982-10-11;819.0
1982-10-12;812.0
1982-10-12;812.0
1982-10-13;799.0
1982-10-13;799.0
1982-10-14;786.0
1982-10-14;786.0
1982-10-15;773.0
1982-10-15;773.0
1982-10-16;765.0
1982-10-16;765.0
1982-10-17;763.0
1982-10-17;763.0
1982-10-18;759.0
1982-10-18;759.0
1982-10-19;747.0
1982-10-19;747.0
1982-10-20;731.0
1982-10-20;731.0
1982-10-21;723.0
1982-10-21;723.0
1982-10-22;721.0
1982-10-22;721.0
1982-10-23;720.0
1982-10-23;720.0
1982-10-24;719.0
1982-10-24;719.0
1982-10-25;724.0
1982-10-25;724.0
1982-10-26;728.0
1982-10-26;728.0
1982-10-27;726.0
1982-10-27;726.0
1982-10-28;718.0
1982-10-28;718.0
1982-10-29;713.0
1982-10-29;713.0
1982-10-30;710.0
1982-10-30;710.0
1982-10-31;700.0
1982-10-31;700.0
1982-11-01;685.0
1982-11-01;685.0
1982-11-02;691.0
1982-11-02;691.0
1982-11-03;690.0
1982-11-03;690.0
1982-11-04;704.0
1982-11-04;704.0
1982-11-05;707.0
1982-11-05;707.0
1982-11-06;703.0
1982-11-06;703.0
1982-11-07;698.0
1982-11-07;698.0
1982-11-08;696.0
1982-11-08;696.0
1982-11-09;693.0
1982-11-09;693.0
1982-11-10;691.0
1982-11-10;691.0
1982-11-11;698.0
1982-11-11;698.0
1982-11-12;710.0
1982-11-12;710.0
1982-11-13;721.0
1982-11-13;721.0
1982-11-14;722.0
1982-11-14;722.0
1982-11-15;717.0
1982-11-15;717.0
1982-11-16;706.0
1982-11-16;706.0
1982-11-17;700.0
1982-11-17;700.0
1982-11-18;706.0
1982-11-18;706.0
1982-11-19;740.0
1982-11-19;740.0
1982-11-20;757.0
1982-11-20;757.0
1982-11-21;761.0
1982-11-21;761.0
1982-11-22;756.0
1982-11-22;756.0
1982-11-23;765.0
1982-11-23;765.0
1982-11-24;755.0
1982-11-24;755.0
1982-11-25;731.0
1982-11-25;731.0
1982-11-26;708.0
1982-11-26;708.0
1982-11-27;695.0
1982-11-27;695.0
1982-11-28;680.0
1982-11-28;680.0
1982-11-29;667.0
1982-11-29;667.0
1982-11-30;665.0
1982-11-30;665.0
1982-12-01;672.0
1982-12-01;675.0
1982-12-01;669.0
1982-12-01;672.0
1982-12-02;704.0
1982-12-02;692.0
1982-12-02;716.0
1982-12-02;704.0
1982-12-03;748.0
1982-12-03;766.0
1982-12-03;757.0
1982-12-03;757.0
1982-12-04;770.0
1982-12-04;771.0
1982-12-04;768.0
1982-12-04;770.0
1982-12-05;763.0
1982-12-05;757.0
1982-12-05;760.0
1982-12-05;760.0
1982-12-06;750.0
1982-12-06;747.0
1982-12-06;744.0
1982-12-06;747.0
1982-12-07;743.0
1982-12-07;747.0
1982-12-07;743.0
1982-12-07;738.0
1982-12-08;751.0
1982-12-08;757.0
1982-12-08;751.0
1982-12-08;757.0
1982-12-09;745.0
1982-12-09;749.0
1982-12-09;747.0
1982-12-09;747.0
1982-12-10;737.0
1982-12-10;741.0
1982-12-10;737.0
1982-12-10;733.0
1982-12-11;722.0
1982-12-11;718.0
1982-12-11;718.0
1982-12-11;714.0
1982-12-12;706.0
1982-12-12;699.0
1982-12-12;703.0
1982-12-12;703.0
1982-12-13;681.0
1982-12-13;689.0
1982-12-13;685.0
1982-12-13;685.0
1982-12-14;671.0
1982-12-14;672.0
1982-12-14;669.0
1982-12-14;671.0
1982-12-15;664.0
1982-12-15;665.0
1982-12-15;665.0
1982-12-15;665.0
1982-12-16;661.0
1982-12-16;659.0
1982-12-16;662.0
1982-12-16;661.0
1982-12-17;651.0
1982-12-17;653.0
1982-12-17;651.0
1982-12-17;648.0
1982-12-18;643.0
1982-12-18;644.0
1982-12-18;641.0
1982-12-18;643.0
1982-12-19;641.0
1982-12-19;644.0
1982-12-19;646.0
1982-12-19;644.0
1982-12-20;648.0
1982-12-20;648.0
1982-12-20;648.0
1982-12-20;648.0
1982-12-21;646.0
1982-12-21;646.0
1982-12-21;647.0
1982-12-21;644.0
1982-12-22;643.0
1982-12-22;642.0
1982-12-22;642.0
1982-12-22;640.0
1982-12-23;636.0
1982-12-23;638.0
1982-12-23;638.0
1982-12-23;639.0
1982-12-24;628.0
1982-12-24;629.0
1982-12-24;629.0
1982-12-24;629.0
1982-12-25;628.0
1982-12-25;630.0
1982-12-25;629.0
1982-12-25;629.0
1982-12-26;637.0
1982-12-26;633.0
1982-12-26;637.0
1982-12-26;640.0
1982-12-27;648.0
1982-12-27;646.0
1982-12-27;648.0
1982-12-27;650.0
1982-12-28;660.0
1982-12-28;673.0
1982-12-28;667.0
1982-12-28;667.0
1982-12-29;676.0
1982-12-29;677.0
1982-12-29;675.0
1982-12-29;676.0
1982-12-30;654.0
1982-12-30;661.0
1982-12-30;661.0
1982-12-30;667.0
1982-12-31;639.0
1982-12-31;639.0
1982-12-31;634.0
1982-12-31;644.0
1983-01-01;625.0
1983-01-01;625.0
1983-01-02;623.0
1983-01-02;623.0
1983-01-03;627.0
1983-01-03;627.0
1983-01-04;623.0
1983-01-04;623.0
1983-01-05;622.0
1983-01-05;622.0
1983-01-06;649.0
1983-01-06;649.0
1983-01-07;666.0
1983-01-07;666.0
1983-01-08;690.0
1983-01-08;690.0
1983-01-09;700.0
1983-01-09;700.0
1983-01-10;706.0
1983-01-10;706.0
1983-01-11;706.0
1983-01-11;706.0
1983-01-12;690.0
1983-01-12;690.0
1983-01-13;673.0
1983-01-13;673.0
1983-01-14;661.0
1983-01-14;661.0
1983-01-15;654.0
1983-01-15;654.0
1983-01-16;644.0
1983-01-16;644.0
1983-01-17;632.0
1983-01-17;632.0
1983-01-18;639.0
1983-01-18;639.0
1983-01-19;632.0
1983-01-19;632.0
1983-01-20;616.0
1983-01-20;616.0
1983-01-21;603.0
1983-01-21;603.0
1983-01-22;588.0
1983-01-22;588.0
1983-01-23;572.0
1983-01-23;572.0
1983-01-24;559.0
1983-01-24;559.0
1983-01-25;547.0
1983-01-25;547.0
1983-01-26;535.0
1983-01-26;535.0
1983-01-27;524.0
1983-01-27;524.0
1983-01-28;517.0
1983-01-28;517.0
1983-01-29;509.0
1983-01-29;509.0
1983-01-30;502.0
1983-01-30;502.0
1983-01-31;496.0
1983-01-31;496.0
1983-02-01;487.0
1983-02-01;487.0
1983-02-02;483.0
1983-02-02;483.0
1983-02-03;478.0
1983-02-03;478.0
1983-02-04;468.0
1983-02-04;468.0
1983-02-05;479.0
1983-02-05;477.0
1983-02-06;487.0
1983-02-06;478.0
1983-02-07;471.0
1983-02-07;510.0
1983-02-08;463.0
1983-02-08;510.0
1983-02-09;509.0
1983-02-09;454.0
1983-02-10;444.0
1983-02-10;503.0
1983-02-11;434.0
1983-02-11;497.0
1983-02-12;427.0
1983-02-12;483.0
1983-02-13;420.0
1983-02-13;471.0
1983-02-14;414.0
1983-02-14;466.0
1983-02-15;411.0
1983-02-15;450.0
1983-02-16;409.0
1983-02-16;441.0
1983-02-17;407.0
1983-02-17;440.0
1983-02-18;408.0
1983-02-18;439.0
1983-02-19;437.0
1983-02-19;409.0
1983-02-20;437.0
1983-02-20;409.0
1983-02-21;437.0
1983-02-21;424.0
1983-02-22;443.0
1983-02-22;430.0
1983-02-23;435.0
1983-02-23;453.0
1983-02-24;469.0
1983-02-24;455.0
1983-02-25;477.0
1983-02-25;483.0
1983-02-26;480.0
1983-02-26;514.0
1983-02-27;493.0
1983-02-27;528.0
1983-02-28;507.0
1983-02-28;526.0
1983-03-01;532.0
1983-03-01;521.0
1983-03-01;523.0
1983-03-01;524.0
1983-03-02;519.0
1983-03-02;517.0
1983-03-02;515.0
1983-03-02;538.0
1983-03-03;513.0
1983-03-03;540.0
1983-03-03;511.0
1983-03-03;512.0
1983-03-04;541.0
1983-03-04;505.0
1983-03-04;500.0
1983-03-04;503.0
1983-03-05;496.0
1983-03-05;487.0
1983-03-05;492.0
1983-03-05;541.0
1983-03-06;484.0
1983-03-06;482.0
1983-03-06;530.0
1983-03-06;480.0
1983-03-07;518.0
1983-03-07;476.0
1983-03-07;474.0
1983-03-07;478.0
1983-03-08;477.0
1983-03-08;477.0
1983-03-08;508.0
1983-03-08;476.0
1983-03-09;488.0
1983-03-09;489.0
1983-03-09;489.0
1983-03-09;502.0
1983-03-10;496.0
1983-03-10;495.0
1983-03-10;496.0
1983-03-10;497.0
1983-03-11;494.0
1983-03-11;493.0
1983-03-11;493.0
1983-03-11;492.0
1983-03-12;489.0
1983-03-12;488.0
1983-03-12;489.0
1983-03-12;492.0
1983-03-13;489.0
1983-03-13;492.0
1983-03-13;490.0
1983-03-13;490.0
1983-03-14;495.0
1983-03-14;496.0
1983-03-14;490.0
1983-03-14;496.0
1983-03-15;495.0
1983-03-15;493.0
1983-03-15;489.0
1983-03-15;491.0
1983-03-16;487.0
1983-03-16;485.0
1983-03-16;483.0
1983-03-16;501.0
1983-03-17;479.0
1983-03-17;479.0
1983-03-17;479.0
1983-03-17;504.0
1983-03-18;510.0
1983-03-18;479.0
1983-03-18;478.0
1983-03-18;477.0
1983-03-19;514.0
1983-03-19;486.0
1983-03-19;488.0
1983-03-19;487.0
1983-03-20;491.0
1983-03-20;490.0
1983-03-20;491.0
1983-03-20;516.0
1983-03-21;488.0
1983-03-21;487.0
1983-03-21;488.0
1983-03-21;515.0
1983-03-22;483.0
1983-03-22;482.0
1983-03-22;510.0
1983-03-22;481.0
1983-03-23;501.0
1983-03-23;484.0
1983-03-23;484.0
1983-03-23;484.0
1983-03-24;489.0
1983-03-24;491.0
1983-03-24;490.0
1983-03-24;495.0
1983-03-25;506.0
1983-03-25;501.0
1983-03-25;492.0
1983-03-25;510.0
1983-03-26;532.0
1983-03-26;526.0
1983-03-26;496.0
1983-03-26;538.0
1983-03-27;556.0
1983-03-27;548.0
1983-03-27;514.0
1983-03-27;552.0
1983-03-28;556.0
1983-03-28;536.0
1983-03-28;556.0
1983-03-28;556.0
1983-03-29;555.0
1983-03-29;556.0
1983-03-29;544.0
1983-03-29;556.0
1983-03-30;543.0
1983-03-30;552.0
1983-03-30;550.0
1983-03-30;553.0
1983-03-31;541.0
1983-03-31;542.0
1983-03-31;543.0
1983-03-31;544.0
1983-04-01;541.0
1983-04-01;543.0
1983-04-01;536.0
1983-04-01;542.0
1983-04-02;540.0
1983-04-02;533.0
1983-04-02;541.0
1983-04-02;542.0
1983-04-03;536.0
1983-04-03;536.0
1983-04-03;529.0
1983-04-03;535.0
1983-04-04;531.0
1983-04-04;526.0
1983-04-04;532.0
1983-04-04;530.0
1983-04-05;535.0
1983-04-05;537.0
1983-04-05;532.0
1983-04-05;528.0
1983-04-06;538.0
1983-04-06;549.0
1983-04-06;552.0
1983-04-06;546.0
1983-04-07;566.0
1983-04-07;558.0
1983-04-07;553.0
1983-04-07;562.0
1983-04-08;578.0
1983-04-08;593.0
1983-04-08;586.0
1983-04-08;558.0
1983-04-09;623.0
1983-04-09;610.0
1983-04-09;635.0
1983-04-09;567.0
1983-04-10;664.0
1983-04-10;684.0
1983-04-10;674.0
1983-04-10;580.0
1983-04-11;706.0
1983-04-11;606.0
1983-04-11;702.0
1983-04-11;698.0
1983-04-12;715.0
1983-04-12;716.0
1983-04-12;713.0
1983-04-12;638.0
1983-04-13;722.0
1983-04-13;725.0
1983-04-13;669.0
1983-04-13;719.0
1983-04-14;689.0
1983-04-14;740.0
1983-04-14;750.0
1983-04-14;745.0
1983-04-15;820.0
1983-04-15;774.0
1983-04-15;706.0
1983-04-15;797.0
1983-04-16;899.0
1983-04-16;885.0
1983-04-16;870.0
1983-04-16;730.0
1983-04-17;791.0
1983-04-17;931.0
1983-04-17;941.0
1983-04-17;936.0
1983-04-18;839.0
1983-04-18;942.0
1983-04-18;937.0
1983-04-18;940.0
1983-04-19;872.0
1983-04-19;930.0
1983-04-19;929.0
1983-04-19;930.0
1983-04-20;931.0
1983-04-20;931.0
1983-04-20;931.0
1983-04-20;889.0
1983-04-21;933.0
1983-04-21;934.0
1983-04-21;932.0
1983-04-21;895.0
1983-04-22;906.0
1983-04-22;934.0
1983-04-22;933.0
1983-04-22;934.0
1983-04-23;942.0
1983-04-23;947.0
1983-04-23;936.0
1983-04-23;916.0
1983-04-24;958.0
1983-04-24;940.0
1983-04-24;960.0
1983-04-24;959.0
1983-04-25;960.0
1983-04-25;960.0
1983-04-25;960.0
1983-04-25;950.0
1983-04-26;954.0
1983-04-26;956.0
1983-04-26;952.0
1983-04-26;954.0
1983-04-27;950.0
1983-04-27;949.0
1983-04-27;950.0
1983-04-27;950.0
1983-04-28;943.0
1983-04-28;949.0
1983-04-28;954.0
1983-04-28;949.0
1983-04-29;956.0
1983-04-29;955.0
1983-04-29;956.0
1983-04-29;956.0
1983-04-30;955.0
1983-04-30;953.0
1983-04-30;955.0
1983-04-30;956.0
1983-05-01;945.0
1983-05-01;945.0
1983-05-02;940.0
1983-05-02;940.0
1983-05-03;952.0
1983-05-03;952.0
1983-05-04;991.0
1983-05-04;991.0
1983-05-05;1037.0
1983-05-05;1037.0
1983-05-06;1060.0
1983-05-06;1060.0
1983-05-07;1058.0
1983-05-07;1058.0
1983-05-08;1042.0
1983-05-08;1042.0
1983-05-09;1025.0
1983-05-09;1025.0
1983-05-09;1025.0
1983-05-10;1012.0
1983-05-10;1013.0
1983-05-10;1012.0
1983-05-11;1009.0
1983-05-11;1027.0
1983-05-11;1013.0
1983-05-11;1013.0
1983-05-12;1026.0
1983-05-12;1026.0
1983-05-13;1027.0
1983-05-13;1027.0
1983-05-14;1022.0
1983-05-14;1022.0
1983-05-15;1011.0
1983-05-15;1011.0
1983-05-16;1002.0
1983-05-16;1002.0
1983-05-17;989.0
1983-05-17;989.0
1983-05-18;974.0
1983-05-18;974.0
1983-05-19;963.0
1983-05-19;963.0
1983-05-20;948.0
1983-05-20;948.0
1983-05-21;938.0
1983-05-21;938.0
1983-05-22;927.0
1983-05-22;924.0
1983-05-22;927.0
1983-05-23;906.0
1983-05-23;910.0
1983-05-23;910.0
1983-05-23;914.0
1983-05-24;898.0
1983-05-24;898.0
1983-05-24;898.0
1983-05-24;895.0
1983-05-25;917.0
1983-05-25;917.0
1983-05-26;927.0
1983-05-26;932.0
1983-05-26;927.0
1983-05-27;949.0
1983-05-27;949.0
1983-05-28;976.0
1983-05-28;981.0
1983-05-28;976.0
1983-05-29;993.0
1983-05-29;993.0
1983-05-30;998.0
1983-05-30;998.0
1983-05-30;998.0
1983-05-31;995.0
1983-05-31;995.0
1983-06-01;983.0
1983-06-01;978.0
1983-06-01;983.0
1983-06-01;982.0
1983-06-02;964.0
1983-06-02;958.0
1983-06-02;960.0
1983-06-02;964.0
1983-06-03;949.0
1983-06-03;949.0
1983-06-03;952.0
1983-06-03;946.0
1983-06-04;939.0
1983-06-04;937.0
1983-06-04;939.0
1983-06-05;932.0
1983-06-05;938.0
1983-06-05;932.0
1983-06-05;932.0
1983-06-06;949.0
1983-06-06;942.0
1983-06-06;855.0
1983-06-06;949.0
1983-06-07;980.0
1983-06-07;957.0
1983-06-07;993.0
1983-06-07;980.0
1983-06-08;1012.0
1983-06-08;1022.0
1983-06-08;1017.0
1983-06-08;1017.0
1983-06-09;1030.0
1983-06-09;1026.0
1983-06-09;1028.0
1983-06-09;1028.0
1983-06-10;1022.0
1983-06-10;1022.0
1983-06-10;1020.0
1983-06-10;1024.0
1983-06-11;1010.0
1983-06-11;1002.0
1983-06-11;1006.0
1983-06-11;1006.0
1983-06-12;981.0
1983-06-12;984.0
1983-06-12;988.0
1983-06-12;984.0
1983-06-13;974.0
1983-06-13;973.0
1983-06-13;973.0
1983-06-13;972.0
1983-06-14;982.0
1983-06-14;981.0
1983-06-14;981.0
1983-06-14;980.0
1983-06-15;984.0
1983-06-15;984.0
1983-06-15;984.0
1983-06-15;984.0
1983-06-16;984.0
1983-06-16;984.0
1983-06-16;982.0
1983-06-16;986.0
1983-06-17;980.0
1983-06-17;977.0
1983-06-17;977.0
1983-06-17;974.0
1983-06-18;956.0
1983-06-18;966.0
1983-06-18;961.0
1983-06-18;961.0
1983-06-19;912.0
1983-06-19;930.0
1983-06-19;936.0
1983-06-19;936.0
1983-06-20;920.0
1983-06-20;918.0
1983-06-20;918.0
1983-06-20;916.0
1983-06-21;936.0
1983-06-21;932.0
1983-06-21;932.0
1983-06-21;928.0
1983-06-22;948.0
1983-06-22;948.0
1983-06-22;943.0
1983-06-22;950.0
1983-06-23;960.0
1983-06-23;956.0
1983-06-23;956.0
1983-06-23;952.0
1983-06-24;965.0
1983-06-24;964.0
1983-06-24;965.0
1983-06-24;966.0
1983-06-25;972.0
1983-06-25;966.0
1983-06-25;972.0
1983-06-25;977.0
1983-06-26;984.0
1983-06-26;982.0
1983-06-26;984.0
1983-06-27;990.0
1983-06-27;990.0
1983-06-27;990.0
1983-06-27;990.0
1983-06-28;990.0
1983-06-28;989.0
1983-06-28;990.0
1983-06-28;990.0
1983-06-29;1010.0
1983-06-29;1010.0
1983-06-29;1018.0
1983-06-29;1002.0
1983-06-30;1056.0
1983-06-30;1041.0
1983-06-30;1049.0
1983-06-30;1049.0
1983-07-01;1071.0
1983-07-01;1069.0
1983-07-01;1072.0
1983-07-01;1071.0
1983-07-02;1067.0
1983-07-02;1070.0
1983-07-02;1067.0
1983-07-03;1056.0
1983-07-03;1054.0
1983-07-03;1055.0
1983-07-03;1055.0
1983-07-04;1042.0
1983-07-04;1048.0
1983-07-04;1045.0
1983-07-04;1045.0
1983-07-05;1034.0
1983-07-05;1032.0
1983-07-05;1036.0
1983-07-05;1034.0
1983-07-06;1019.0
1983-07-06;1022.0
1983-07-06;1022.0
1983-07-06;1024.0
1983-07-07;1009.0
1983-07-07;1009.0
1983-07-07;1006.0
1983-07-07;1012.0
1983-07-08;1003.0
1983-07-08;1002.0
1983-07-08;1004.0
1983-07-08;1003.0
1983-07-09;998.0
1983-07-09;1001.0
1983-07-09;1000.0
1983-07-09;1000.0
1983-07-10;986.0
1983-07-10;981.0
1983-07-10;986.0
1983-07-10;990.0
1983-07-11;963.0
1983-07-11;968.0
1983-07-11;958.0
1983-07-11;963.0
1983-07-12;948.0
1983-07-12;946.0
1983-07-12;944.0
1983-07-12;946.0
1983-07-13;941.0
1983-07-13;940.0
1983-07-13;941.0
1983-07-13;941.0
1983-07-14;933.0
1983-07-14;935.0
1983-07-14;937.0
1983-07-14;935.0
1983-07-15;933.0
1983-07-15;932.0
1983-07-15;933.0
1983-07-15;934.0
1983-07-16;933.0
1983-07-16;934.0
1983-07-16;932.0
1983-07-16;933.0
1983-07-17;927.0
1983-07-17;927.0
1983-07-17;929.0
1983-07-17;925.0
1983-07-18;926.0
1983-07-18;928.0
1983-07-18;924.0
1983-07-18;924.0
1983-07-19;915.0
1983-07-19;918.0
1983-07-19;912.0
1983-07-19;915.0
1983-07-20;898.0
1983-07-20;901.0
1983-07-20;901.0
1983-07-20;904.0
1983-07-21;886.0
1983-07-21;890.0
1983-07-21;887.0
1983-07-21;886.0
1983-07-22;874.0
1983-07-22;868.0
1983-07-22;871.0
1983-07-22;871.0
1983-07-23;859.0
1983-07-23;868.0
1983-07-23;858.0
1983-07-23;859.0
1983-07-24;861.0
1983-07-24;862.0
1983-07-24;850.0
1983-07-24;861.0
1983-07-25;866.0
1983-07-25;864.0
1983-07-25;865.0
1983-07-25;865.0
1983-07-26;868.0
1983-07-26;867.0
1983-07-26;868.0
1983-07-26;868.0
1983-07-27;865.0
1983-07-27;860.0
1983-07-27;864.0
1983-07-27;865.0
1983-07-28;861.0
1983-07-28;861.0
1983-07-28;860.0
1983-07-29;865.0
1983-07-29;862.0
1983-07-29;865.0
1983-07-29;868.0
1983-07-30;884.0
1983-07-30;880.0
1983-07-30;884.0
1983-07-30;888.0
1983-07-31;898.0
1983-07-31;898.0
1983-07-31;902.0
1983-07-31;894.0
1983-08-01;914.0
1983-08-01;914.0
1983-08-02;940.0
1983-08-02;940.0
1983-08-03;1004.0
1983-08-03;1018.0
1983-08-03;1004.0
1983-08-04;1044.0
1983-08-04;1066.0
1983-08-04;1055.0
1983-08-04;1055.0
1983-08-05;1089.0
1983-08-05;1085.0
1983-08-05;1098.0
1983-08-05;1089.0
1983-08-06;1103.0
1983-08-06;1099.0
1983-08-06;1106.0
1983-08-06;1103.0
1983-08-07;1113.0
1983-08-07;1113.0
1983-08-08;1120.0
1983-08-08;1120.0
1983-08-08;1118.0
1983-08-08;1122.0
1983-08-09;1126.0
1983-08-09;1126.0
1983-08-09;1126.0
1983-08-09;1126.0
1983-08-10;1117.0
1983-08-10;1120.0
1983-08-10;1122.0
1983-08-10;1120.0
1983-08-11;1107.0
1983-08-11;1110.0
1983-08-11;1104.0
1983-08-11;1107.0
1983-08-12;1098.0
1983-08-12;1098.0
1983-08-13;1070.0
1983-08-13;1070.0
1983-08-14;1088.0
1983-08-14;1043.0
1983-08-14;1043.0
1983-08-15;1010.0
1983-08-15;1001.0
1983-08-15;998.0
1983-08-15;1001.0
1983-08-16;972.0
1983-08-16;964.0
1983-08-16;950.0
1983-08-16;964.0
1983-08-17;926.0
1983-08-17;934.0
1983-08-17;918.0
1983-08-17;926.0
1983-08-18;905.0
1983-08-18;908.0
1983-08-18;906.0
1983-08-18;905.0
1983-08-19;910.0
1983-08-19;915.0
1983-08-19;915.0
1983-08-20;934.0
1983-08-20;939.0
1983-08-20;939.0
1983-08-21;946.0
1983-08-21;946.0
1983-08-22;937.0
1983-08-22;936.0
1983-08-22;937.0
1983-08-22;937.0
1983-08-23;918.0
1983-08-23;918.0
1983-08-23;923.0
1983-08-24;897.0
1983-08-24;897.0
1983-08-24;896.0
1983-08-24;898.0
1983-08-25;890.0
1983-08-25;890.0
1983-08-25;888.0
1983-08-25;892.0
1983-08-26;881.0
1983-08-26;888.0
1983-08-26;884.0
1983-08-26;881.0
1983-08-27;879.0
1983-08-27;878.0
1983-08-27;879.0
1983-08-28;893.0
1983-08-28;893.0
1983-08-28;890.0
1983-08-29;914.0
1983-08-29;914.0
1983-08-30;928.0
1983-08-30;928.0
1983-08-31;926.0
1983-08-31;926.0
1983-09-01;920.0
1983-09-01;922.0
1983-09-01;918.0
1983-09-01;920.0
1983-09-02;908.0
1983-09-02;905.0
1983-09-02;905.0
1983-09-02;902.0
1983-09-03;902.0
1983-09-03;902.0
1983-09-04;894.0
1983-09-04;894.0
1983-09-05;893.0
1983-09-05;893.0
1983-09-06;896.0
1983-09-06;896.0
1983-09-07;891.0
1983-09-07;891.0
1983-09-08;912.0
1983-09-08;912.0
1983-09-09;912.0
1983-09-09;912.0
1983-09-10;910.0
1983-09-10;910.0
1983-09-11;887.0
1983-09-11;886.0
1983-09-11;888.0
1983-09-11;887.0
1983-09-12;886.0
1983-09-12;888.0
1983-09-12;887.0
1983-09-12;887.0
1983-09-13;887.0
1983-09-13;887.0
1983-09-14;888.0
1983-09-14;888.0
1983-09-15;882.0
1983-09-15;885.0
1983-09-15;884.0
1983-09-15;884.0
1983-09-16;874.0
1983-09-16;876.0
1983-09-16;875.0
1983-09-16;875.0
1983-09-17;885.0
1983-09-17;874.0
1983-09-17;880.0
1983-09-17;880.0
1983-09-18;892.0
1983-09-18;892.0
1983-09-18;892.0
1983-09-18;892.0
1983-09-19;894.0
1983-09-19;892.0
1983-09-19;893.0
1983-09-19;893.0
1983-09-20;886.0
1983-09-20;883.0
1983-09-20;880.0
1983-09-20;883.0
1983-09-21;868.0
1983-09-21;874.0
1983-09-21;871.0
1983-09-21;871.0
1983-09-22;867.0
1983-09-22;868.0
1983-09-22;868.0
1983-09-22;868.0
1983-09-23;869.0
1983-09-23;867.0
1983-09-23;870.0
1983-09-23;869.0
1983-09-24;862.0
1983-09-24;860.0
1983-09-24;860.0
1983-09-24;858.0
1983-09-25;846.0
1983-09-25;850.0
1983-09-25;846.0
1983-09-25;842.0
1983-09-26;824.0
1983-09-26;832.0
1983-09-26;828.0
1983-09-26;828.0
1983-09-27;812.0
1983-09-27;808.0
1983-09-27;808.0
1983-09-27;804.0
1983-09-28;788.0
1983-09-28;788.0
1983-09-28;792.0
1983-09-28;784.0
1983-09-29;772.0
1983-09-29;768.0
1983-09-29;776.0
1983-09-29;772.0
1983-09-30;758.0
1983-09-30;755.0
1983-09-30;755.0
1983-09-30;752.0
1983-10-01;750.0
1983-10-01;750.0
1983-10-01;752.0
1983-10-01;748.0
1983-10-02;762.0
1983-10-02;764.0
1983-10-02;762.0
1983-10-02;760.0
1983-10-03;788.0
1983-10-03;774.0
1983-10-03;777.0
1983-10-03;777.0
1983-10-04;788.0
1983-10-04;788.0
1983-10-04;788.0
1983-10-04;728.0
1983-10-05;792.0
1983-10-05;798.0
1983-10-05;798.0
1983-10-05;804.0
1983-10-06;814.0
1983-10-06;812.0
1983-10-06;814.0
1983-10-06;816.0
1983-10-07;812.0
1983-10-07;804.0
1983-10-07;808.0
1983-10-07;808.0
1983-10-08;809.0
1983-10-08;808.0
1983-10-08;810.0
1983-10-08;809.0
1983-10-09;798.0
1983-10-09;794.0
1983-10-09;802.0
1983-10-09;798.0
1983-10-10;777.0
1983-10-10;777.0
1983-10-10;772.0
1983-10-10;782.0
1983-10-11;768.0
1983-10-11;771.0
1983-10-11;774.0
1983-10-11;771.0
1983-10-12;754.0
1983-10-12;752.0
1983-10-12;750.0
1983-10-12;752.0
1983-10-13;738.0
1983-10-13;741.0
1983-10-13;741.0
1983-10-13;744.0
1983-10-14;726.0
1983-10-14;726.0
1983-10-14;730.0
1983-10-14;722.0
1983-10-15;712.0
1983-10-15;714.0
1983-10-15;710.0
1983-10-15;712.0
1983-10-16;702.0
1983-10-16;705.0
1983-10-16;705.0
1983-10-16;708.0
1983-10-17;706.0
1983-10-17;704.0
1983-10-17;706.0
1983-10-17;700.0
1983-10-18;715.0
1983-10-18;716.0
1983-10-18;718.0
1983-10-18;715.0
1983-10-19;717.0
1983-10-19;717.0
1983-10-19;717.0
1983-10-19;716.0
1983-10-20;714.0
1983-10-20;714.0
1983-10-20;714.0
1983-10-20;711.0
1983-10-21;724.0
1983-10-21;720.0
1983-10-21;728.0
1983-10-21;724.0
1983-10-22;741.0
1983-10-22;741.0
1983-10-22;738.0
1983-10-23;751.0
1983-10-23;751.0
1983-10-23;750.0
1983-10-23;752.0
1983-10-24;760.0
1983-10-24;763.0
1983-10-24;750.0
1983-10-24;760.0
1983-10-25;782.0
1983-10-25;780.0
1983-10-25;780.0
1983-10-25;782.0
1983-10-26;785.0
1983-10-26;785.0
1983-10-26;785.0
1983-10-26;784.0
1983-10-27;783.0
1983-10-27;784.0
1983-10-27;782.0
1983-10-27;783.0
1983-10-28;780.0
1983-10-28;780.0
1983-10-28;780.0
1983-10-28;780.0
1983-10-29;789.0
1983-10-29;782.0
1983-10-29;797.0
1983-10-29;789.0
1983-10-30;822.0
1983-10-30;822.0
1983-10-30;827.0
1983-10-30;816.0
1983-10-31;833.0
1983-10-31;840.0
1983-10-31;826.0
1983-10-31;833.0
1983-11-01;848.0
1983-11-01;850.0
1983-11-01;852.0
1983-11-01;850.0
1983-11-02;865.0
1983-11-02;870.0
1983-11-02;865.0
1983-11-02;860.0
1983-11-03;873.0
1983-11-03;874.0
1983-11-03;872.0
1983-11-03;873.0
1983-11-04;860.0
1983-11-04;855.0
1983-11-04;864.0
1983-11-04;860.0
1983-11-05;840.0
1983-11-05;844.0
1983-11-05;835.0
1983-11-05;840.0
1983-11-06;821.0
1983-11-06;817.0
1983-11-06;821.0
1983-11-06;824.0
1983-11-07;801.0
1983-11-07;805.0
1983-11-07;808.0
1983-11-07;805.0
1983-11-08;780.0
1983-11-08;788.0
1983-11-08;784.0
1983-11-08;784.0
1983-11-09;770.0
1983-11-09;772.0
1983-11-09;771.0
1983-11-09;771.0
1983-11-10;765.0
1983-11-10;764.0
1983-11-10;765.0
1983-11-10;766.0
1983-11-11;758.0
1983-11-11;758.0
1983-11-11;760.0
1983-11-11;756.0
1983-11-12;753.0
1983-11-12;754.0
1983-11-12;752.0
1983-11-12;753.0
1983-11-13;753.0
1983-11-13;753.0
1983-11-13;754.0
1983-11-13;752.0
1983-11-14;746.0
1983-11-14;748.0
1983-11-14;744.0
1983-11-14;746.0
1983-11-15;736.0
1983-11-15;735.0
1983-11-15;735.0
1983-11-15;733.0
1983-11-16;728.0
1983-11-16;730.0
1983-11-16;726.0
1983-11-16;728.0
1983-11-17;723.0
1983-11-17;724.0
1983-11-17;722.0
1983-11-17;723.0
1983-11-18;715.0
1983-11-18;714.0
1983-11-18;716.0
1983-11-18;715.0
1983-11-19;709.0
1983-11-19;709.0
1983-11-19;708.0
1983-11-19;710.0
1983-11-20;704.0
1983-11-20;702.0
1983-11-20;703.0
1983-11-20;703.0
1983-11-21;698.0
1983-11-21;696.0
1983-11-21;600.0
1983-11-21;698.0
1983-11-22;690.0
1983-11-22;692.0
1983-11-22;688.0
1983-11-22;690.0
1983-11-23;681.0
1983-11-23;680.0
1983-11-23;681.0
1983-11-23;682.0
1983-11-24;676.0
1983-11-24;676.0
1983-11-24;676.0
1983-11-24;676.0
1983-11-25;680.0
1983-11-25;680.0
1983-11-25;679.0
1983-11-25;680.0
1983-11-26;718.0
1983-11-26;706.0
1983-11-26;712.0
1983-11-26;712.0
1983-11-27;721.0
1983-11-27;722.0
1983-11-27;720.0
1983-11-27;721.0
1983-11-28;715.0
1983-11-28;718.0
1983-11-28;712.0
1983-11-28;715.0
1983-11-29;706.0
1983-11-29;707.0
1983-11-29;707.0
1983-11-29;708.0
1983-11-30;706.0
1983-11-30;706.0
1983-11-30;706.0
1983-11-30;706.0
1983-12-01;704.0
1983-12-01;706.0
1983-12-01;702.0
1983-12-01;704.0
1983-12-02;698.0
1983-12-02;699.0
1983-12-02;696.0
1983-12-02;698.0
1983-12-03;687.0
1983-12-03;684.0
1983-12-03;687.0
1983-12-03;689.0
1983-12-04;676.0
1983-12-04;677.0
1983-12-04;677.0
1983-12-04;678.0
1983-12-05;676.0
1983-12-05;675.0
1983-12-05;675.0
1983-12-05;674.0
1983-12-06;685.0
1983-12-06;684.0
1983-12-06;686.0
1983-12-06;685.0
1983-12-07;687.0
1983-12-07;690.0
1983-12-07;687.0
1983-12-07;684.0
1983-12-08;695.0
1983-12-08;694.0
1983-12-08;692.0
1983-12-08;694.0
1983-12-09;694.0
1983-12-09;694.0
1983-12-09;694.0
1983-12-09;694.0
1983-12-10;699.0
1983-12-10;699.0
1983-12-10;698.0
1983-12-10;699.0
1983-12-11;706.0
1983-12-11;706.0
1983-12-11;710.0
1983-12-11;701.0
1983-12-12;695.0
1983-12-12;693.0
1983-12-12;697.0
1983-12-12;695.0
1983-12-13;685.0
1983-12-13;685.0
1983-12-13;684.0
1983-12-13;685.0
1983-12-14;683.0
1983-12-14;684.0
1983-12-14;684.0
1983-12-14;684.0
1983-12-15;690.0
1983-12-15;691.0
1983-12-15;690.0
1983-12-15;688.0
1983-12-16;694.0
1983-12-16;693.0
1983-12-16;694.0
1983-12-16;694.0
1983-12-17;695.0
1983-12-17;695.0
1983-12-17;695.0
1983-12-17;695.0
1983-12-18;693.0
1983-12-18;691.0
1983-12-18;689.0
1983-12-18;691.0
1983-12-19;684.0
1983-12-19;684.0
1983-12-19;684.0
1983-12-19;684.0
1983-12-20;686.0
1983-12-20;686.0
1983-12-20;686.0
1983-12-20;686.0
1983-12-21;683.0
1983-12-21;682.0
1983-12-21;682.0
1983-12-21;689.0
1983-12-22;679.0
1983-12-22;679.0
1983-12-22;678.0
1983-12-22;680.0
1983-12-23;689.0
1983-12-23;685.0
1983-12-23;687.0
1983-12-23;687.0
1983-12-24;690.0
1983-12-24;696.0
1983-12-24;696.0
1983-12-24;702.0
1983-12-25;720.0
1983-12-25;724.0
1983-12-25;724.0
1983-12-25;727.0
1983-12-26;749.0
1983-12-26;749.0
1983-12-26;739.0
1983-12-26;758.0
1983-12-27;770.0
1983-12-27;767.0
1983-12-27;772.0
1983-12-27;770.0
1983-12-28;777.0
1983-12-28;776.0
1983-12-28;778.0
1983-12-28;777.0
1983-12-29;778.0
1983-12-29;777.0
1983-12-29;778.0
1983-12-29;778.0
1983-12-30;770.0
1983-12-30;773.0
1983-12-30;773.0
1983-12-30;775.0
1983-12-31;762.0
1983-12-31;758.0
1983-12-31;758.0
1983-12-31;754.0
1984-01-01;737.0
1984-01-01;737.0
1984-01-01;741.0
1984-01-01;732.0
1984-01-02;714.0
1984-01-02;719.0
1984-01-02;709.0
1984-01-02;714.0
1984-01-03;699.0
1984-01-03;699.0
1984-01-03;688.0
1984-01-03;699.0
1984-01-04;680.0
1984-01-04;678.0
1984-01-04;678.0
1984-01-04;675.0
1984-01-05;669.0
1984-01-05;669.0
1984-01-05;669.0
1984-01-05;668.0
1984-01-06;648.0
1984-01-06;648.0
1984-01-06;653.0
1984-01-06;643.0
1984-01-07;633.0
1984-01-07;632.0
1984-01-07;634.0
1984-01-07;633.0
1984-01-08;632.0
1984-01-08;632.0
1984-01-08;632.0
1984-01-08;632.0
1984-01-09;629.0
1984-01-09;628.0
1984-01-09;630.0
1984-01-09;629.0
1984-01-10;619.0
1984-01-10;615.0
1984-01-10;622.0
1984-01-10;619.0
1984-01-11;601.0
1984-01-11;605.0
1984-01-11;608.0
1984-01-11;605.0
1984-01-12;591.0
1984-01-12;587.0
1984-01-12;591.0
1984-01-12;595.0
1984-01-13;577.0
1984-01-13;580.0
1984-01-13;574.0
1984-01-13;577.0
1984-01-14;566.0
1984-01-14;560.0
1984-01-14;563.0
1984-01-14;563.0
1984-01-15;561.0
1984-01-15;561.0
1984-01-15;560.0
1984-01-15;561.0
1984-01-16;566.0
1984-01-16;570.0
1984-01-16;570.0
1984-01-16;574.0
1984-01-17;593.0
1984-01-17;596.0
1984-01-17;589.0
1984-01-17;593.0
1984-01-18;614.0
1984-01-18;618.0
1984-01-18;610.0
1984-01-18;614.0
1984-01-19;622.0
1984-01-19;621.0
1984-01-19;620.0
1984-01-19;621.0
1984-01-20;614.0
1984-01-20;616.0
1984-01-20;611.0
1984-01-20;614.0
1984-01-21;606.0
1984-01-21;606.0
1984-01-21;605.0
1984-01-21;606.0
1984-01-22;599.0
1984-01-22;601.0
1984-01-22;599.0
1984-01-22;597.0
1984-01-23;596.0
1984-01-23;597.0
1984-01-23;598.0
1984-01-23;597.0
1984-01-24;602.0
1984-01-24;603.0
1984-01-24;602.0
1984-01-24;601.0
1984-01-25;601.0
1984-01-25;600.0
1984-01-25;600.0
1984-01-25;598.0
1984-01-26;589.0
1984-01-26;585.0
1984-01-26;592.0
1984-01-26;589.0
1984-01-27;574.0
1984-01-27;576.0
1984-01-27;572.0
1984-01-27;574.0
1984-01-28;575.0
1984-01-28;574.0
1984-01-28;575.0
1984-01-28;575.0
1984-01-29;570.0
1984-01-29;567.0
1984-01-29;572.0
1984-01-29;570.0
1984-01-30;555.0
1984-01-30;552.0
1984-01-30;555.0
1984-01-30;558.0
1984-01-31;544.0
1984-01-31;542.0
1984-01-31;542.0
1984-01-31;539.0
1984-02-01;558.0
1984-02-01;550.0
1984-02-01;565.0
1984-02-01;558.0
1984-02-02;587.0
1984-02-02;592.0
1984-02-02;587.0
1984-02-02;581.0
1984-02-03;608.0
1984-02-03;612.0
1984-02-03;603.0
1984-02-03;608.0
1984-02-04;625.0
1984-02-04;628.0
1984-02-04;622.0
1984-02-04;625.0
1984-02-05;625.0
1984-02-05;624.0
1984-02-05;626.0
1984-02-05;625.0
1984-02-06;619.0
1984-02-06;618.0
1984-02-06;619.0
1984-02-06;619.0
1984-02-07;626.0
1984-02-07;622.0
1984-02-07;629.0
1984-02-07;626.0
1984-02-08;633.0
1984-02-08;634.0
1984-02-08;634.0
1984-02-08;634.0
1984-02-09;634.0
1984-02-09;634.0
1984-02-09;634.0
1984-02-09;634.0
1984-02-10;626.0
1984-02-10;629.0
1984-02-10;629.0
1984-02-10;631.0
1984-02-11;618.0
1984-02-11;618.0
1984-02-11;617.0
1984-02-11;618.0
1984-02-12;616.0
1984-02-12;612.0
1984-02-12;614.0
1984-02-12;614.0
1984-02-13;604.0
1984-02-13;601.0
1984-02-13;598.0
1984-02-13;601.0
1984-02-14;590.0
1984-02-14;589.0
1984-02-14;590.0
1984-02-14;591.0
1984-02-15;601.0
1984-02-15;598.0
1984-02-15;601.0
1984-02-15;604.0
1984-02-16;611.0
1984-02-16;611.0
1984-02-16;612.0
1984-02-16;610.0
1984-02-17;626.0
1984-02-17;637.0
1984-02-17;632.0
1984-02-17;632.0
1984-02-18;670.0
1984-02-18;676.0
1984-02-18;664.0
1984-02-18;670.0
1984-02-19;693.0
1984-02-19;690.0
1984-02-19;696.0
1984-02-19;693.0
1984-02-20;701.0
1984-02-20;702.0
1984-02-20;699.0
1984-02-20;701.0
1984-02-21;716.0
1984-02-21;713.0
1984-02-21;709.0
1984-02-21;713.0
1984-02-22;730.0
1984-02-22;730.0
1984-02-22;730.0
1984-02-22;725.0
1984-02-23;735.0
1984-02-23;734.0
1984-02-23;735.0
1984-02-23;735.0
1984-02-24;744.0
1984-02-24;745.0
1984-02-24;743.0
1984-02-24;744.0
1984-02-25;746.0
1984-02-25;747.0
1984-02-25;747.0
1984-02-25;747.0
1984-02-26;757.0
1984-02-26;757.0
1984-02-26;753.0
1984-02-26;749.0
1984-02-27;764.0
1984-02-27;762.0
1984-02-27;762.0
1984-02-27;759.0
1984-02-28;770.0
1984-02-28;776.0
1984-02-28;773.0
1984-02-28;773.0
1984-02-29;788.0
1984-02-29;798.0
1984-02-29;778.0
1984-02-29;788.0
1984-03-01;820.0
1984-03-01;816.0
1984-03-01;824.0
1984-03-01;820.0
1984-03-02;825.0
1984-03-02;826.0
1984-03-02;824.0
1984-03-02;825.0
1984-03-03;814.0
1984-03-03;818.0
1984-03-03;814.0
1984-03-03;810.0
1984-03-04;826.0
1984-03-04;826.0
1984-03-04;822.0
1984-03-04;829.0
1984-03-05;848.0
1984-03-05;844.0
1984-03-05;840.0
1984-03-05;844.0
1984-03-06;852.0
1984-03-06;853.0
1984-03-06;850.0
1984-03-06;852.0
1984-03-07;862.0
1984-03-07;860.0
1984-03-07;860.0
1984-03-07;858.0
1984-03-08;867.0
1984-03-08;867.0
1984-03-08;867.0
1984-03-08;866.0
1984-03-09;863.0
1984-03-09;860.0
1984-03-09;865.0
1984-03-09;863.0
1984-03-10;844.0
1984-03-10;852.0
1984-03-10;848.0
1984-03-10;848.0
1984-03-11;824.0
1984-03-11;818.0
1984-03-11;830.0
1984-03-11;824.0
1984-03-12;796.0
1984-03-12;788.0
1984-03-12;807.0
1984-03-12;796.0
1984-03-13;767.0
1984-03-13;767.0
1984-03-13;774.0
1984-03-13;760.0
1984-03-14;739.0
1984-03-14;734.0
1984-03-14;739.0
1984-03-14;744.0
1984-03-15;724.0
1984-03-15;716.0
1984-03-15;720.0
1984-03-15;720.0
1984-03-16;716.0
1984-03-16;711.0
1984-03-16;711.0
1984-03-16;706.0
1984-03-17;691.0
1984-03-17;686.0
1984-03-17;696.0
1984-03-17;691.0
1984-03-18;666.0
1984-03-18;672.0
1984-03-18;660.0
1984-03-18;666.0
1984-03-19;645.0
1984-03-19;645.0
1984-03-19;640.0
1984-03-19;650.0
1984-03-20;625.0
1984-03-20;625.0
1984-03-20;630.0
1984-03-20;620.0
1984-03-21;598.0
1984-03-21;608.0
1984-03-21;608.0
1984-03-21;618.0
1984-03-22;594.0
1984-03-22;596.0
1984-03-22;592.0
1984-03-22;594.0
1984-03-23;605.0
1984-03-23;604.0
1984-03-23;606.0
1984-03-23;605.0
1984-03-24;603.0
1984-03-24;603.0
1984-03-24;604.0
1984-03-24;602.0
1984-03-25;599.0
1984-03-25;602.0
1984-03-25;601.0
1984-03-25;601.0
1984-03-26;597.0
1984-03-26;597.0
1984-03-26;595.0
1984-03-26;598.0
1984-03-27;593.0
1984-03-27;592.0
1984-03-27;594.0
1984-03-27;593.0
1984-03-28;589.0
1984-03-28;588.0
1984-03-28;590.0
1984-03-28;589.0
1984-03-29;588.0
1984-03-29;586.0
1984-03-29;590.0
1984-03-29;588.0
1984-03-30;594.0
1984-03-30;593.0
1984-03-30;593.0
1984-03-30;592.0
1984-03-31;613.0
1984-03-31;610.0
1984-03-31;606.0
1984-03-31;610.0
1984-04-01;614.0
1984-04-01;614.0
1984-04-01;612.0
1984-04-01;616.0
1984-04-02;604.0
1984-04-02;606.0
1984-04-02;602.0
1984-04-02;604.0
1984-04-03;596.0
1984-04-03;593.0
1984-04-03;593.0
1984-04-03;590.0
1984-04-04;584.0
1984-04-04;582.0
1984-04-04;583.0
1984-04-04;583.0
1984-04-05;574.0
1984-04-05;576.0
1984-04-05;572.0
1984-04-05;574.0
1984-04-06;589.0
1984-04-06;589.0
1984-04-06;596.0
1984-04-06;582.0
1984-04-07;610.0
1984-04-07;612.0
1984-04-07;614.0
1984-04-07;612.0
1984-04-08;610.0
1984-04-08;619.0
1984-04-08;621.0
1984-04-08;621.0
1984-04-09;631.0
1984-04-09;631.0
1984-04-09;692.0
1984-04-09;619.0
1984-04-10;652.0
1984-04-10;651.0
1984-04-10;651.0
1984-04-10;650.0
1984-04-11;667.0
1984-04-11;676.0
1984-04-11;667.0
1984-04-11;658.0
1984-04-12;691.0
1984-04-12;698.0
1984-04-12;703.0
1984-04-12;691.0
1984-04-13;702.0
1984-04-13;703.0
1984-04-13;703.0
1984-04-13;703.0
1984-04-14;712.0
1984-04-14;712.0
1984-04-14;714.0
1984-04-14;709.0
1984-04-15;716.0
1984-04-15;716.0
1984-04-15;716.0
1984-04-15;716.0
1984-04-16;715.0
1984-04-16;714.0
1984-04-16;715.0
1984-04-16;715.0
1984-04-17;712.0
1984-04-17;713.0
1984-04-17;713.0
1984-04-17;713.0
1984-04-18;710.0
1984-04-18;710.0
1984-04-18;710.0
1984-04-18;710.0
1984-04-19;705.0
1984-04-19;705.0
1984-04-19;706.0
1984-04-19;703.0
1984-04-20;696.0
1984-04-20;696.0
1984-04-20;693.0
1984-04-20;698.0
1984-04-21;684.0
1984-04-21;684.0
1984-04-21;682.0
1984-04-21;686.0
1984-04-22;678.0
1984-04-22;676.0
1984-04-22;677.0
1984-04-22;677.0
1984-04-23;682.0
1984-04-23;681.0
1984-04-23;681.0
1984-04-23;680.0
1984-04-24;734.0
1984-04-24;722.0
1984-04-24;710.0
1984-04-24;722.0
1984-04-25;768.0
1984-04-25;782.0
1984-04-25;754.0
1984-04-25;768.0
1984-04-26;802.0
1984-04-26;784.0
1984-04-26;802.0
1984-04-26;820.0
1984-04-27;880.0
1984-04-27;866.0
1984-04-27;894.0
1984-04-27;880.0
1984-04-28;930.0
1984-04-28;910.0
1984-04-28;920.0
1984-04-28;920.0
1984-04-29;933.0
1984-04-29;932.0
1984-04-29;933.0
1984-04-29;934.0
1984-04-30;939.0
1984-04-30;938.0
1984-04-30;939.0
1984-04-30;939.0
1984-05-01;972.0
1984-05-01;976.0
1984-05-01;972.0
1984-05-01;967.0
1984-05-02;987.0
1984-05-02;987.0
1984-05-02;983.0
1984-05-02;990.0
1984-05-03;984.0
1984-05-03;987.0
1984-05-03;987.0
1984-05-03;990.0
1984-05-04;968.0
1984-05-04;972.0
1984-05-04;975.0
1984-05-04;972.0
1984-05-05;943.0
1984-05-05;936.0
1984-05-05;950.0
1984-05-05;943.0
1984-05-06;916.0
1984-05-06;916.0
1984-05-06;922.0
1984-05-06;910.0
1984-05-07;897.0
1984-05-07;900.0
1984-05-07;893.0
1984-05-07;897.0
1984-05-08;882.0
1984-05-08;882.0
1984-05-08;876.0
1984-05-08;888.0
1984-05-09;864.0
1984-05-09;869.0
1984-05-09;874.0
1984-05-09;869.0
1984-05-10;903.0
1984-05-10;903.0
1984-05-10;898.0
1984-05-10;908.0
1984-05-11;913.0
1984-05-11;911.0
1984-05-11;915.0
1984-05-11;913.0
1984-05-12;927.0
1984-05-12;915.0
1984-05-12;932.0
1984-05-12;915.0
1984-05-13;921.0
1984-05-13;917.0
1984-05-13;913.0
1984-05-13;917.0
1984-05-14;917.0
1984-05-14;917.0
1984-05-14;916.0
1984-05-14;917.0
1984-05-15;905.0
1984-05-15;904.0
1984-05-15;903.0
1984-05-15;904.0
1984-05-16;869.0
1984-05-16;850.0
1984-05-16;860.0
1984-05-16;860.0
1984-05-17;818.0
1984-05-17;806.0
1984-05-17;818.0
1984-05-17;829.0
1984-05-18;773.0
1984-05-18;779.0
1984-05-18;779.0
1984-05-18;785.0
1984-05-19;766.0
1984-05-19;763.0
1984-05-19;768.0
1984-05-19;766.0
1984-05-20;797.0
1984-05-20;790.0
1984-05-20;803.0
1984-05-20;797.0
1984-05-21;818.0
1984-05-21;815.0
1984-05-21;821.0
1984-05-21;818.0
1984-05-22;840.0
1984-05-22;839.0
1984-05-22;840.0
1984-05-22;840.0
1984-05-23;852.0
1984-05-23;852.0
1984-05-23;849.0
1984-05-23;854.0
1984-05-24;871.0
1984-05-24;859.0
1984-05-24;882.0
1984-05-24;871.0
1984-05-25;921.0
1984-05-25;916.0
1984-05-25;910.0
1984-05-25;916.0
1984-05-26;936.0
1984-05-26;933.0
1984-05-26;936.0
1984-05-26;939.0
1984-05-27;949.0
1984-05-27;951.0
1984-05-27;947.0
1984-05-27;949.0
1984-05-28;959.0
1984-05-28;957.0
1984-05-28;961.0
1984-05-28;959.0
1984-05-29;963.0
1984-05-29;961.0
1984-05-29;961.0
1984-05-29;959.0
1984-05-30;946.0
1984-05-30;950.0
1984-05-30;941.0
1984-05-30;946.0
1984-05-31;923.0
1984-05-31;907.0
1984-05-31;915.0
1984-05-31;915.0
1984-06-01;882.0
1984-06-01;882.0
1984-06-01;873.0
1984-06-01;891.0
1984-06-02;843.0
1984-06-02;843.0
1984-06-02;842.0
1984-06-02;837.0
1984-06-03;847.0
1984-06-03;836.0
1984-06-03;842.0
1984-06-03;842.0
1984-06-04;893.0
1984-06-04;872.0
1984-06-04;883.0
1984-06-04;883.0
1984-06-05;918.0
1984-06-05;915.0
1984-06-05;912.0
1984-06-05;915.0
1984-06-06;911.0
1984-06-06;916.0
1984-06-06;914.0
1984-06-06;914.0
1984-06-07;904.0
1984-06-07;902.0
1984-06-07;900.0
1984-06-07;902.0
1984-06-08;900.0
1984-06-08;900.0
1984-06-08;900.0
1984-06-08;899.0
1984-06-09;895.0
1984-06-09;895.0
1984-06-09;893.0
1984-06-09;897.0
1984-06-10;889.0
1984-06-10;880.0
1984-06-10;887.0
1984-06-10;889.0
1984-06-11;868.0
1984-06-11;863.0
1984-06-11;866.0
1984-06-11;866.0
1984-06-12;855.0
1984-06-12;857.0
1984-06-12;856.0
1984-06-12;856.0
1984-06-13;852.0
1984-06-13;852.0
1984-06-13;851.0
1984-06-13;852.0
1984-06-14;848.0
1984-06-14;848.0
1984-06-14;849.0
1984-06-14;847.0
1984-06-15;850.0
1984-06-15;850.0
1984-06-15;850.0
1984-06-15;850.0
1984-06-16;854.0
1984-06-16;852.0
1984-06-16;855.0
1984-06-16;854.0
1984-06-17;859.0
1984-06-17;859.0
1984-06-17;859.0
1984-06-17;859.0
1984-06-18;871.0
1984-06-18;866.0
1984-06-18;866.0
1984-06-18;861.0
1984-06-19;901.0
1984-06-19;892.0
1984-06-19;909.0
1984-06-19;901.0
1984-06-20;937.0
1984-06-20;937.0
1984-06-20;929.0
1984-06-20;945.0
1984-06-21;971.0
1984-06-21;985.0
1984-06-21;978.0
1984-06-21;978.0
1984-06-22;996.0
1984-06-22;995.0
1984-06-22;997.0
1984-06-22;996.0
1984-06-23;997.0
1984-06-23;997.0
1984-06-23;996.0
1984-06-23;997.0
1984-06-24;991.0
1984-06-24;992.0
1984-06-24;993.0
1984-06-24;992.0
1984-06-25;989.0
1984-06-25;988.0
1984-06-25;989.0
1984-06-25;989.0
1984-06-26;987.0
1984-06-26;986.0
1984-06-26;987.0
1984-06-26;988.0
1984-06-27;980.0
1984-06-27;978.0
1984-06-27;982.0
1984-06-27;980.0
1984-06-28;966.0
1984-06-28;972.0
1984-06-28;969.0
1984-06-28;969.0
1984-06-29;951.0
1984-06-29;958.0
1984-06-29;955.0
1984-06-29;955.0
1984-06-30;943.0
1984-06-30;939.0
1984-06-30;935.0
1984-06-30;939.0
1984-07-01;929.0
1984-07-01;931.0
1984-07-01;926.0
1984-07-01;929.0
1984-07-02;919.0
1984-07-02;917.0
1984-07-02;918.0
1984-07-02;918.0
1984-07-03;917.0
1984-07-03;917.0
1984-07-03;917.0
1984-07-03;917.0
1984-07-04;920.0
1984-07-04;923.0
1984-07-04;922.0
1984-07-04;922.0
1984-07-05;928.0
1984-07-05;925.0
1984-07-05;928.0
1984-07-05;930.0
1984-07-06;934.0
1984-07-06;937.0
1984-07-06;936.0
1984-07-06;936.0
1984-07-07;937.0
1984-07-07;938.0
1984-07-07;935.0
1984-07-07;937.0
1984-07-08;942.0
1984-07-08;941.0
1984-07-08;943.0
1984-07-08;942.0
1984-07-09;952.0
1984-07-09;957.0
1984-07-09;955.0
1984-07-09;955.0
1984-07-10;954.0
1984-07-10;951.0
1984-07-10;956.0
1984-07-10;954.0
1984-07-11;941.0
1984-07-11;933.0
1984-07-11;937.0
1984-07-11;937.0
1984-07-12;922.0
1984-07-12;925.0
1984-07-12;922.0
1984-07-12;918.0
1984-07-13;906.0
1984-07-13;908.0
1984-07-13;906.0
1984-07-13;903.0
1984-07-14;900.0
1984-07-14;900.0
1984-07-14;900.0
1984-07-14;900.0
1984-07-15;902.0
1984-07-15;902.0
1984-07-15;904.0
1984-07-15;901.0
1984-07-16;906.0
1984-07-16;906.0
1984-07-16;906.0
1984-07-16;906.0
1984-07-17;901.0
1984-07-17;903.0
1984-07-17;899.0
1984-07-17;901.0
1984-07-18;889.0
1984-07-18;885.0
1984-07-18;893.0
1984-07-18;889.0
1984-07-19;869.0
1984-07-19;873.0
1984-07-19;876.0
1984-07-19;873.0
1984-07-20;859.0
1984-07-20;861.0
1984-07-20;856.0
1984-07-20;859.0
1984-07-21;863.0
1984-07-21;865.0
1984-07-21;860.0
1984-07-21;863.0
1984-07-22;875.0
1984-07-22;892.0
1984-07-22;884.0
1984-07-22;884.0
1984-07-23;927.0
1984-07-23;918.0
1984-07-23;936.0
1984-07-23;927.0
1984-07-24;937.0
1984-07-24;947.0
1984-07-24;947.0
1984-07-24;937.0
1984-07-25;940.0
1984-07-25;938.0
1984-07-25;935.0
1984-07-25;938.0
1984-07-26;947.0
1984-07-26;950.0
1984-07-26;950.0
1984-07-26;933.0
1984-07-27;969.0
1984-07-27;966.0
1984-07-27;971.0
1984-07-27;969.0
1984-07-28;986.0
1984-07-28;990.0
1984-07-28;982.0
1984-07-28;986.0
1984-07-29;1003.0
1984-07-29;1007.0
1984-07-29;998.0
1984-07-29;1003.0
1984-07-30;1023.0
1984-07-30;1018.0
1984-07-30;1023.0
1984-07-30;1027.0
1984-07-31;1033.0
1984-07-31;1031.0
1984-07-31;1032.0
1984-07-31;1032.0
1984-08-01;1028.0
1984-08-01;1029.0
1984-08-01;1033.0
1984-08-01;1028.0
1984-08-02;1013.0
1984-08-02;1022.0
1984-08-02;1018.0
1984-08-02;1018.0
1984-08-03;991.0
1984-08-03;1001.0
1984-08-03;996.0
1984-08-03;996.0
1984-08-04;972.0
1984-08-04;977.0
1984-08-04;966.0
1984-08-04;972.0
1984-08-05;942.0
1984-08-05;910.0
1984-08-05;930.0
1984-08-05;930.0
1984-08-06;921.0
1984-08-06;926.0
1984-08-06;930.0
1984-08-06;926.0
1984-08-07;907.0
1984-08-07;907.0
1984-08-07;903.0
1984-08-07;911.0
1984-08-08;892.0
1984-08-08;889.0
1984-08-08;892.0
1984-08-08;894.0
1984-08-09;885.0
1984-08-09;885.0
1984-08-09;885.0
1984-08-09;885.0
1984-08-10;883.0
1984-08-10;883.0
1984-08-10;882.0
1984-08-10;883.0
1984-08-11;878.0
1984-08-11;878.0
1984-08-11;878.0
1984-08-11;877.0
1984-08-12;894.0
1984-08-12;889.0
1984-08-12;899.0
1984-08-12;894.0
1984-08-13;908.0
1984-08-13;906.0
1984-08-13;904.0
1984-08-13;906.0
1984-08-14;907.0
1984-08-14;910.0
1984-08-14;909.0
1984-08-14;909.0
1984-08-15;900.0
1984-08-15;897.0
1984-08-15;894.0
1984-08-15;897.0
1984-08-16;881.0
1984-08-16;886.0
1984-08-16;884.0
1984-08-16;884.0
1984-08-17;882.0
1984-08-17;884.0
1984-08-17;882.0
1984-08-17;879.0
1984-08-18;890.0
1984-08-18;891.0
1984-08-18;889.0
1984-08-18;890.0
1984-08-19;889.0
1984-08-19;890.0
1984-08-19;887.0
1984-08-19;889.0
1984-08-20;878.0
1984-08-20;881.0
1984-08-20;878.0
1984-08-20;875.0
1984-08-21;865.0
1984-08-21;858.0
1984-08-21;862.0
1984-08-21;862.0
1984-08-22;846.0
1984-08-22;849.0
1984-08-22;843.0
1984-08-22;846.0
1984-08-23;838.0
1984-08-23;838.0
1984-08-23;837.0
1984-08-23;839.0
1984-08-24;837.0
1984-08-24;836.0
1984-08-24;837.0
1984-08-24;837.0
1984-08-25;833.0
1984-08-25;835.0
1984-08-25;830.0
1984-08-25;833.0
1984-08-26;824.0
1984-08-26;823.0
1984-08-26;825.0
1984-08-26;824.0
1984-08-27;823.0
1984-08-27;823.0
1984-08-27;823.0
1984-08-27;823.0
1984-08-28;821.0
1984-08-28;821.0
1984-08-28;822.0
1984-08-28;820.0
1984-08-29;811.0
1984-08-29;817.0
1984-08-29;814.0
1984-08-29;814.0
1984-08-30;799.0
1984-08-30;799.0
1984-08-30;803.0
1984-08-30;795.0
1984-08-31;785.0
1984-08-31;782.0
1984-08-31;787.0
1984-08-31;785.0
1984-09-01;772.0
1984-09-01;774.0
1984-09-01;774.0
1984-09-01;776.0
1984-09-02;768.0
1984-09-02;767.0
1984-09-02;768.0
1984-09-02;768.0
1984-09-03;770.0
1984-09-03;769.0
1984-09-03;770.0
1984-09-03;772.0
1984-09-04;785.0
1984-09-04;789.0
1984-09-04;792.0
1984-09-04;789.0
1984-09-05;801.0
1984-09-05;795.0
1984-09-05;798.0
1984-09-05;798.0
1984-09-06;804.0
1984-09-06;804.0
1984-09-06;804.0
1984-09-06;803.0
1984-09-07;810.0
1984-09-07;807.0
1984-09-07;809.0
1984-09-07;809.0
1984-09-08;812.0
1984-09-08;814.0
1984-09-08;814.0
1984-09-08;815.0
1984-09-09;826.0
1984-09-09;824.0
1984-09-09;827.0
1984-09-09;826.0
1984-09-10;833.0
1984-09-10;827.0
1984-09-10;838.0
1984-09-10;833.0
1984-09-11;822.0
1984-09-11;824.0
1984-09-11;822.0
1984-09-11;819.0
1984-09-12;810.0
1984-09-12;810.0
1984-09-12;812.0
1984-09-12;807.0
1984-09-13;797.0
1984-09-13;795.0
1984-09-13;795.0
1984-09-13;792.0
1984-09-14;785.0
1984-09-14;785.0
1984-09-14;785.0
1984-09-14;785.0
1984-09-15;786.0
1984-09-15;786.0
1984-09-15;786.0
1984-09-15;786.0
1984-09-16;792.0
1984-09-16;788.0
1984-09-16;790.0
1984-09-16;790.0
1984-09-17;797.0
1984-09-17;796.0
1984-09-17;797.0
1984-09-17;797.0
1984-09-18;793.0
1984-09-18;790.0
1984-09-18;787.0
1984-09-18;790.0
1984-09-19;781.0
1984-09-19;781.0
1984-09-19;780.0
1984-09-19;781.0
1984-09-20;778.0
1984-09-20;779.0
1984-09-20;779.0
1984-09-20;779.0
1984-09-21;775.0
1984-09-21;775.0
1984-09-21;775.0
1984-09-21;775.0
1984-09-22;778.0
1984-09-22;776.0
1984-09-22;780.0
1984-09-22;778.0
1984-09-23;796.0
1984-09-23;791.0
1984-09-23;794.0
1984-09-23;794.0
1984-09-24;806.0
1984-09-24;807.0
1984-09-24;804.0
1984-09-24;806.0
1984-09-25;805.0
1984-09-25;805.0
1984-09-25;807.0
1984-09-25;803.0
1984-09-26;789.0
1984-09-26;785.0
1984-09-26;793.0
1984-09-26;789.0
1984-09-27;771.0
1984-09-27;774.0
1984-09-27;767.0
1984-09-27;771.0
1984-09-28;754.0
1984-09-28;754.0
1984-09-28;757.0
1984-09-28;750.0
1984-09-29;730.0
1984-09-29;737.0
1984-09-29;734.0
1984-09-29;734.0
1984-09-30;721.0
1984-09-30;712.0
1984-09-30;717.0
1984-09-30;717.0
1984-10-01;705.0
1984-10-01;706.0
1984-10-01;703.0
1984-10-01;705.0
1984-10-02;703.0
1984-10-02;702.0
1984-10-02;703.0
1984-10-02;702.0
1984-10-03;698.0
1984-10-03;699.0
1984-10-03;700.0
1984-10-03;699.0
1984-10-04;688.0
1984-10-04;685.0
1984-10-04;691.0
1984-10-04;688.0
1984-10-05;677.0
1984-10-05;674.0
1984-10-05;679.0
1984-10-05;677.0
1984-10-06;671.0
1984-10-06;672.0
1984-10-06;671.0
1984-10-06;670.0
1984-10-07;676.0
1984-10-07;674.0
1984-10-07;677.0
1984-10-07;676.0
1984-10-08;684.0
1984-10-08;686.0
1984-10-08;682.0
1984-10-08;684.0
1984-10-09;695.0
1984-10-09;696.0
1984-10-09;695.0
1984-10-09;693.0
1984-10-10;695.0
1984-10-10;695.0
1984-10-10;695.0
1984-10-10;695.0
1984-10-11;698.0
1984-10-11;697.0
1984-10-11;698.0
1984-10-11;698.0
1984-10-12;705.0
1984-10-12;700.0
1984-10-12;703.0
1984-10-12;703.0
1984-10-13;712.0
1984-10-13;711.0
1984-10-13;712.0
1984-10-13;712.0
1984-10-14;718.0
1984-10-14;718.0
1984-10-14;722.0
1984-10-14;714.0
1984-10-15;740.0
1984-10-15;748.0
1984-10-15;732.0
1984-10-15;740.0
1984-10-16;766.0
1984-10-16;777.0
1984-10-16;772.0
1984-10-16;772.0
1984-10-17;797.0
1984-10-17;794.0
1984-10-17;790.0
1984-10-17;794.0
1984-10-18;799.0
1984-10-18;800.0
1984-10-18;801.0
1984-10-18;800.0
1984-10-19;791.0
1984-10-19;785.0
1984-10-19;788.0
1984-10-19;788.0
1984-10-20;774.0
1984-10-20;773.0
1984-10-20;775.0
1984-10-20;774.0
1984-10-21;774.0
1984-10-21;774.0
1984-10-21;773.0
1984-10-21;775.0
1984-10-22;783.0
1984-10-22;781.0
1984-10-22;785.0
1984-10-22;783.0
1984-10-23;790.0
1984-10-23;790.0
1984-10-23;790.0
1984-10-23;790.0
1984-10-24;785.0
1984-10-24;785.0
1984-10-24;785.0
1984-10-24;785.0
1984-10-25;776.0
1984-10-25;776.0
1984-10-25;773.0
1984-10-25;779.0
1984-10-26;763.0
1984-10-26;765.0
1984-10-26;767.0
1984-10-26;765.0
1984-10-27;756.0
1984-10-27;453.0
1984-10-27;758.0
1984-10-27;756.0
1984-10-28;751.0
1984-10-28;751.0
1984-10-28;751.0
1984-10-28;751.0
1984-10-29;763.0
1984-10-29;757.0
1984-10-29;760.0
1984-10-29;760.0
1984-10-30;768.0
1984-10-30;767.0
1984-10-30;769.0
1984-10-30;768.0
1984-10-31;767.0
1984-10-31;766.0
1984-10-31;768.0
1984-10-31;767.0
1984-11-01;778.0
1984-11-01;780.0
1984-11-01;775.0
1984-11-01;778.0
1984-11-02;775.0
1984-11-02;772.0
1984-11-02;775.0
1984-11-02;778.0
1984-11-03;764.0
1984-11-03;755.0
1984-11-03;760.0
1984-11-03;760.0
1984-11-04;740.0
1984-11-04;744.0
1984-11-04;736.0
1984-11-04;740.0
1984-11-05;721.0
1984-11-05;727.0
1984-11-05;724.0
1984-11-05;724.0
1984-11-06;713.0
1984-11-06;710.0
1984-11-06;715.0
1984-11-06;713.0
1984-11-07;703.0
1984-11-07;705.0
1984-11-07;701.0
1984-11-07;703.0
1984-11-08;698.0
1984-11-08;700.0
1984-11-08;698.0
1984-11-08;696.0
1984-11-09;685.0
1984-11-09;681.0
1984-11-09;688.0
1984-11-09;685.0
1984-11-10;670.0
1984-11-10;672.0
1984-11-10;670.0
1984-11-10;668.0
1984-11-11;661.0
1984-11-11;662.0
1984-11-11;660.0
1984-11-11;661.0
1984-11-12;650.0
1984-11-12;653.0
1984-11-12;652.0
1984-11-12;652.0
1984-11-13;645.0
1984-11-13;646.0
1984-11-13;646.0
1984-11-13;647.0
1984-11-14;640.0
1984-11-14;640.0
1984-11-14;637.0
1984-11-14;642.0
1984-11-15;642.0
1984-11-15;644.0
1984-11-15;645.0
1984-11-15;644.0
1984-11-16;648.0
1984-11-16;650.0
1984-11-16;652.0
1984-11-16;650.0
1984-11-17;656.0
1984-11-17;657.0
1984-11-17;657.0
1984-11-17;657.0
1984-11-18;655.0
1984-11-18;654.0
1984-11-18;655.0
1984-11-18;655.0
1984-11-19;658.0
1984-11-19;660.0
1984-11-19;655.0
1984-11-19;658.0
1984-11-20;670.0
1984-11-20;667.0
1984-11-20;672.0
1984-11-20;670.0
1984-11-21;679.0
1984-11-21;676.0
1984-11-21;681.0
1984-11-21;679.0
1984-11-22;684.0
1984-11-22;686.0
1984-11-22;685.0
1984-11-22;685.0
1984-11-23;684.0
1984-11-23;684.0
1984-11-23;686.0
1984-11-23;682.0
1984-11-24;678.0
1984-11-24;678.0
1984-11-24;675.0
1984-11-24;680.0
1984-11-25;660.0
1984-11-25;665.0
1984-11-25;669.0
1984-11-25;665.0
1984-11-26;650.0
1984-11-26;650.0
1984-11-26;645.0
1984-11-26;655.0
1984-11-27;634.0
1984-11-27;630.0
1984-11-27;637.0
1984-11-27;634.0
1984-11-28;630.0
1984-11-28;635.0
1984-11-28;633.0
1984-11-28;633.0
1984-11-29;648.0
1984-11-29;653.0
1984-11-29;631.0
1984-11-29;631.0
1984-11-30;657.0
1984-11-30;634.0
1984-11-30;634.0
1984-11-30;650.0
1984-12-01;629.0
1984-12-01;626.0
1984-12-01;631.0
1984-12-01;629.0
1984-12-02;627.0
1984-12-02;624.0
1984-12-02;626.0
1984-12-02;626.0
1984-12-03;635.0
1984-12-03;637.0
1984-12-03;632.0
1984-12-03;635.0
1984-12-04;644.0
1984-12-04;644.0
1984-12-04;646.0
1984-12-04;642.0
1984-12-05;650.0
1984-12-05;650.0
1984-12-05;650.0
1984-12-05;650.0
1984-12-06;649.0
1984-12-06;649.0
1984-12-06;649.0
1984-12-06;648.0
1984-12-07;655.0
1984-12-07;653.0
1984-12-07;654.0
1984-12-07;654.0
1984-12-08;655.0
1984-12-08;655.0
1984-12-08;655.0
1984-12-08;655.0
1984-12-09;656.0
1984-12-09;656.0
1984-12-09;655.0
1984-12-09;656.0
1984-12-10;650.0
1984-12-10;650.0
1984-12-10;650.0
1984-12-10;650.0
1984-12-11;642.0
1984-12-11;648.0
1984-12-11;642.0
1984-12-11;636.0
1984-12-12;628.0
1984-12-12;628.0
1984-12-12;631.0
1984-12-12;625.0
1984-12-13;614.0
1984-12-13;610.0
1984-12-13;617.0
1984-12-13;614.0
1984-12-14;603.0
1984-12-14;604.0
1984-12-14;602.0
1984-12-14;603.0
1984-12-15;590.0
1984-12-15;595.0
1984-12-15;595.0
1984-12-15;500.0
1984-12-16;584.0
1984-12-16;582.0
1984-12-16;586.0
1984-12-16;584.0
1984-12-17;573.0
1984-12-17;575.0
1984-12-17;573.0
1984-12-17;570.0
1984-12-18;591.0
1984-12-18;567.0
1984-12-18;579.0
1984-12-18;579.0
1984-12-19;615.0
1984-12-19;610.0
1984-12-19;619.0
1984-12-19;615.0
1984-12-20;625.0
1984-12-20;625.0
1984-12-20;624.0
1984-12-20;625.0
1984-12-21;630.0
1984-12-21;627.0
1984-12-21;633.0
1984-12-21;630.0
1984-12-22;635.0
1984-12-22;635.0
1984-12-22;637.0
1984-12-22;633.0
1984-12-23;624.0
1984-12-23;627.0
1984-12-23;620.0
1984-12-23;624.0
1984-12-24;607.0
1984-12-24;612.0
1984-12-24;610.0
1984-12-24;610.0
1984-12-25;603.0
1984-12-25;603.0
1984-12-25;602.0
1984-12-25;604.0
1984-12-26;622.0
1984-12-26;630.0
1984-12-26;613.0
1984-12-26;622.0
1984-12-27;665.0
1984-12-27;650.0
1984-12-27;658.0
1984-12-27;658.0
1984-12-28;692.0
1984-12-28;688.0
1984-12-28;683.0
1984-12-28;688.0
1984-12-29;707.0
1984-12-29;714.0
1984-12-29;720.0
1984-12-29;714.0
1984-12-30;737.0
1984-12-30;734.0
1984-12-30;734.0
1984-12-30;730.0
1984-12-31;746.0
1984-12-31;744.0
1984-12-31;746.0
1984-12-31;747.0
1985-01-01;747.0
1985-01-01;748.0
1985-01-01;778.0
1985-01-01;748.0
1985-01-02;738.0
1985-01-02;738.0
1985-01-03;725.0
1985-01-03;725.0
1985-01-04;710.0
1985-01-04;704.0
1985-01-04;715.0
1985-01-04;710.0
1985-01-05;685.0
1985-01-05;778.0
1985-01-05;791.0
1985-01-05;685.0
1985-01-06;658.0
1985-01-06;651.0
1985-01-06;651.0
1985-01-06;643.0
1985-01-07;610.0
1985-01-07;617.0
1985-01-07;617.0
1985-01-07;624.0
1985-01-08;598.0
1985-01-08;598.0
1985-01-08;592.0
1985-01-08;603.0
1985-01-09;582.0
1985-01-09;575.0
1985-01-09;567.0
1985-01-09;575.0
1985-01-10;553.0
1985-01-10;549.0
1985-01-10;557.0
1985-01-10;553.0
1985-01-11;542.0
1985-01-11;540.0
1985-01-11;538.0
1985-01-11;540.0
1985-01-12;534.0
1985-01-12;535.0
1985-01-12;533.0
1985-01-12;534.0
1985-01-13;530.0
1985-01-13;526.0
1985-01-13;529.0
1985-01-14;517.0
1985-01-14;520.0
1985-01-14;522.0
1985-01-14;518.0
1985-01-15;472.0
1985-01-15;510.0
1985-01-15;491.0
1985-01-15;510.0
1985-01-16;462.0
1985-01-16;459.0
1985-01-16;464.0
1985-01-16;502.0
1985-01-17;448.0
1985-01-17;452.0
1985-01-17;495.0
1985-01-17;450.0
1985-01-18;487.0
1985-01-18;443.0
1985-01-18;438.0
1985-01-18;433.0
1985-01-19;430.0
1985-01-19;479.0
1985-01-19;432.0
1985-01-19;434.0
1985-01-20;425.0
1985-01-20;471.0
1985-01-20;424.0
1985-01-20;422.0
1985-01-21;418.0
1985-01-21;415.0
1985-01-21;417.0
1985-01-21;463.0
1985-01-22;408.0
1985-01-22;406.0
1985-01-22;409.0
1985-01-22;453.0
1985-01-23;439.0
1985-01-23;405.0
1985-01-23;401.0
1985-01-23;403.0
1985-01-24;384.0
1985-01-24;391.0
1985-01-24;433.0
1985-01-25;378.0
1985-01-25;376.0
1985-01-25;429.0
1985-01-25;377.0
1985-01-26;373.0
1985-01-26;425.0
1985-01-26;369.0
1985-01-26;371.0
1985-01-27;352.0
1985-01-27;350.0
1985-01-27;421.0
1985-01-27;351.0
1985-01-28;354.0
1985-01-28;353.0
1985-01-28;354.0
1985-01-28;419.0
1985-01-29;415.0
1985-01-29;369.0
1985-01-29;379.0
1985-01-29;389.0
1985-01-30;383.0
1985-01-30;390.0
1985-01-30;375.0
1985-01-30;411.0
1985-01-31;409.0
1985-01-31;386.0
1985-01-31;380.0
1985-01-31;383.0
1985-02-01;385.0
1985-02-01;384.0
1985-02-01;385.0
1985-02-01;410.0
1985-02-02;384.0
1985-02-02;408.0
1985-02-02;381.0
1985-02-02;377.0
1985-02-03;378.0
1985-02-03;379.0
1985-02-03;379.0
1985-02-03;404.0
1985-02-04;399.0
1985-02-04;379.0
1985-02-04;378.0
1985-02-04;376.0
1985-02-05;380.0
1985-02-05;397.0
1985-02-05;376.0
1985-02-05;384.0
1985-02-06;395.0
1985-02-06;380.0
1985-02-06;382.0
1985-02-06;383.0
1985-02-07;380.0
1985-02-07;380.0
1985-02-07;396.0
1985-02-07;380.0
1985-02-08;388.0
1985-02-08;387.0
1985-02-08;397.0
1985-02-08;388.0
1985-02-09;412.0
1985-02-09;400.0
1985-02-09;406.0
1985-02-09;402.0
1985-02-10;426.0
1985-02-10;432.0
1985-02-10;429.0
1985-02-10;429.0
1985-02-11;430.0
1985-02-11;430.0
1985-02-11;429.0
1985-02-11;430.0
1985-02-12;427.0
1985-02-12;428.0
1985-02-12;426.0
1985-02-12;427.0
1985-02-13;430.0
1985-02-13;431.0
1985-02-13;431.0
1985-02-13;431.0
1985-02-14;430.0
1985-02-14;432.0
1985-02-14;428.0
1985-02-14;430.0
1985-02-15;424.0
1985-02-15;422.0
1985-02-15;425.0
1985-02-15;424.0
1985-02-16;418.0
1985-02-16;419.0
1985-02-16;417.0
1985-02-16;418.0
1985-02-17;412.0
1985-02-17;411.0
1985-02-17;412.0
1985-02-17;412.0
1985-02-18;407.0
1985-02-18;408.0
1985-02-18;408.0
1985-02-18;408.0
1985-02-19;407.0
1985-02-19;407.0
1985-02-19;407.0
1985-02-19;407.0
1985-02-20;409.0
1985-02-20;408.0
1985-02-20;409.0
1985-02-20;409.0
1985-02-21;415.0
1985-02-21;413.0
1985-02-21;416.0
1985-02-21;415.0
1985-02-22;418.0
1985-02-22;418.0
1985-02-22;417.0
1985-02-22;418.0
1985-02-23;417.0
1985-02-23;418.0
1985-02-23;418.0
1985-02-23;418.0
1985-02-24;422.0
1985-02-24;420.0
1985-02-24;422.0
1985-02-24;424.0
1985-02-25;427.0
1985-02-25;427.0
1985-02-25;427.0
1985-02-25;427.0
1985-02-26;423.0
1985-02-26;425.0
1985-02-26;421.0
1985-02-26;423.0
1985-02-27;417.0
1985-02-27;412.0
1985-02-27;415.0
1985-02-27;415.0
1985-02-28;407.0
1985-02-28;407.0
1985-02-28;407.0
1985-02-28;407.0
1985-03-01;407.0
1985-03-01;405.0
1985-03-01;406.0
1985-03-01;406.0
1985-03-02;411.0
1985-03-02;409.0
1985-03-02;413.0
1985-03-02;411.0
1985-03-03;433.0
1985-03-03;427.0
1985-03-03;427.0
1985-03-04;439.0
1985-03-04;439.0
1985-03-04;440.0
1985-03-04;438.0
1985-03-05;445.0
1985-03-05;444.0
1985-03-05;444.0
1985-03-06;447.0
1985-03-06;449.0
1985-03-06;449.0
1985-03-06;451.0
1985-03-07;464.0
1985-03-07;459.0
1985-03-07;468.0
1985-03-07;464.0
1985-03-08;480.0
1985-03-08;476.0
1985-03-08;478.0
1985-03-08;478.0
1985-03-09;478.0
1985-03-09;480.0
1985-03-09;479.0
1985-03-09;479.0
1985-03-10;469.0
1985-03-10;479.0
1985-03-10;469.0
1985-03-11;453.0
1985-03-11;458.0
1985-03-11;448.0
1985-03-11;453.0
1985-03-12;440.0
1985-03-12;438.0
1985-03-12;440.0
1985-03-13;431.0
1985-03-13;432.0
1985-03-13;431.0
1985-03-14;425.0
1985-03-14;427.0
1985-03-14;423.0
1985-03-14;425.0
1985-03-15;419.0
1985-03-15;417.0
1985-03-15;414.0
1985-03-15;417.0
1985-03-16;410.0
1985-03-16;408.0
1985-03-16;410.0
1985-03-16;411.0
1985-03-17;407.0
1985-03-17;406.0
1985-03-17;404.0
1985-03-17;406.0
1985-03-18;401.0
1985-03-18;402.0
1985-03-18;401.0
1985-03-18;400.0
1985-03-19;396.0
1985-03-19;399.0
1985-03-19;398.0
1985-03-19;398.0
1985-03-20;405.0
1985-03-20;401.0
1985-03-20;396.0
1985-03-20;401.0
1985-03-21;422.0
1985-03-21;417.0
1985-03-21;412.0
1985-03-21;417.0
1985-03-22;438.0
1985-03-22;446.0
1985-03-22;442.0
1985-03-22;442.0
1985-03-23;446.0
1985-03-23;444.0
1985-03-23;448.0
1985-03-23;446.0
1985-03-24;438.0
1985-03-24;438.0
1985-03-24;438.0
1985-03-24;437.0
1985-03-25;434.0
1985-03-25;436.0
1985-03-25;434.0
1985-03-25;432.0
1985-03-26;496.0
1985-03-26;420.0
1985-03-26;420.0
1985-03-26;420.0
1985-03-27;420.0
1985-03-27;419.0
1985-03-27;420.0
1985-03-27;420.0
1985-03-28;421.0
1985-03-28;420.0
1985-03-28;421.0
1985-03-28;421.0
1985-03-29;422.0
1985-03-29;422.0
1985-03-29;422.0
1985-03-29;421.0
1985-03-30;420.0
1985-03-30;420.0
1985-03-30;420.0
1985-03-30;420.0
1985-03-31;418.0
1985-03-31;418.0
1985-03-31;418.0
1985-04-01;417.0
1985-04-01;418.0
1985-04-01;417.0
1985-04-02;412.0
1985-04-02;412.0
1985-04-02;414.0
1985-04-03;409.0
1985-04-03;409.0
1985-04-04;409.0
1985-04-04;409.0
1985-04-05;412.0
1985-04-05;410.0
1985-04-05;414.0
1985-04-05;412.0
1985-04-06;425.0
1985-04-06;428.0
1985-04-06;425.0
1985-04-06;422.0
1985-04-07;444.0
1985-04-07;448.0
1985-04-07;444.0
1985-04-07;439.0
1985-04-08;462.0
1985-04-08;462.0
1985-04-08;460.0
1985-04-08;464.0
1985-04-09;469.0
1985-04-09;472.0
1985-04-09;471.0
1985-04-09;471.0
1985-04-10;476.0
1985-04-10;475.0
1985-04-10;477.0
1985-04-10;476.0
1985-04-11;480.0
1985-04-11;478.0
1985-04-11;480.0
1985-04-12;484.0
1985-04-12;484.0
1985-04-13;488.0
1985-04-13;489.0
1985-04-13;489.0
1985-04-14;488.0
1985-04-14;488.0
1985-04-14;488.0
1985-04-15;484.0
1985-04-15;483.0
1985-04-15;484.0
1985-04-15;485.0
1985-04-16;479.0
1985-04-16;479.0
1985-04-17;475.0
1985-04-17;475.0
1985-04-18;473.0
1985-04-18;473.0
1985-04-19;474.0
1985-04-19;474.0
1985-04-20;476.0
1985-04-20;476.0
1985-04-20;476.0
1985-04-21;477.0
1985-04-21;476.0
1985-04-21;476.0
1985-04-21;475.0
1985-04-22;475.0
1985-04-22;475.0
1985-04-23;475.0
1985-04-23;475.0
1985-04-24;476.0
1985-04-24;480.0
1985-04-24;478.0
1985-04-24;478.0
1985-04-25;492.0
1985-04-25;480.0
1985-04-25;492.0
1985-04-26;520.0
1985-04-26;528.0
1985-04-26;511.0
1985-04-26;520.0
1985-04-27;544.0
1985-04-27;540.0
1985-04-27;547.0
1985-04-27;544.0
1985-04-28;574.0
1985-04-28;568.0
1985-04-28;574.0
1985-04-28;578.0
1985-04-29;590.0
1985-04-29;589.0
1985-04-29;589.0
1985-04-29;587.0
1985-04-30;525.0
1985-04-30;595.0
1985-04-30;595.0
1985-05-01;594.0
1985-05-01;595.0
1985-05-01;595.0
1985-05-01;595.0
1985-05-02;596.0
1985-05-02;596.0
1985-05-02;595.0
1985-05-02;596.0
1985-05-03;592.0
1985-05-03;596.0
1985-05-03;594.0
1985-05-03;594.0
1985-05-04;590.0
1985-05-04;590.0
1985-05-04;590.0
1985-05-04;590.0
1985-05-05;588.0
1985-05-05;587.0
1985-05-05;588.0
1985-05-05;589.0
1985-05-06;590.0
1985-05-06;590.0
1985-05-06;589.0
1985-05-06;590.0
1985-05-07;592.0
1985-05-07;591.0
1985-05-07;593.0
1985-05-07;592.0
1985-05-08;609.0
1985-05-08;609.0
1985-05-08;616.0
1985-05-08;602.0
1985-05-09;637.0
1985-05-09;634.0
1985-05-09;631.0
1985-05-09;634.0
1985-05-10;645.0
1985-05-10;645.0
1985-05-10;646.0
1985-05-10;643.0
1985-05-11;668.0
1985-05-11;656.0
1985-05-11;668.0
1985-05-11;679.0
1985-05-12;703.0
1985-05-12;710.0
1985-05-12;707.0
1985-05-12;707.0
1985-05-13;715.0
1985-05-13;716.0
1985-05-13;716.0
1985-05-13;716.0
1985-05-14;718.0
1985-05-14;715.0
1985-05-14;717.0
1985-05-14;717.0
1985-05-15;725.0
1985-05-15;731.0
1985-05-15;728.0
1985-05-15;728.0
1985-05-16;749.0
1985-05-16;743.0
1985-05-16;755.0
1985-05-16;749.0
1985-05-17;765.0
1985-05-17;764.0
1985-05-17;765.0
1985-05-17;766.0
1985-05-18;767.0
1985-05-18;767.0
1985-05-18;767.0
1985-05-18;767.0
1985-05-19;767.0
1985-05-19;766.0
1985-05-19;767.0
1985-05-19;767.0
1985-05-20;767.0
1985-05-20;766.0
1985-05-20;767.0
1985-05-20;768.0
1985-05-21;771.0
1985-05-21;770.0
1985-05-21;771.0
1985-05-21;772.0
1985-05-22;775.0
1985-05-22;774.0
1985-05-22;774.0
1985-05-22;773.0
1985-05-23;782.0
1985-05-23;784.0
1985-05-23;779.0
1985-05-23;782.0
1985-05-24;797.0
1985-05-24;792.0
1985-05-24;795.0
1985-05-24;795.0
1985-05-25;805.0
1985-05-25;802.0
1985-05-25;807.0
1985-05-25;805.0
1985-05-26;822.0
1985-05-26;827.0
1985-05-26;817.0
1985-05-26;822.0
1985-05-27;841.0
1985-05-27;848.0
1985-05-27;848.0
1985-05-27;855.0
1985-05-28;870.0
1985-05-28;868.0
1985-05-28;870.0
1985-05-28;872.0
1985-05-29;877.0
1985-05-29;877.0
1985-05-29;877.0
1985-05-29;877.0
1985-05-30;890.0
1985-05-30;894.0
1985-05-30;890.0
1985-05-30;885.0
1985-05-31;896.0
1985-05-31;896.0
1985-05-31;896.0
1985-05-31;895.0
1985-06-01;908.0
1985-06-01;904.0
1985-06-01;906.0
1985-06-01;906.0
1985-06-02;934.0
1985-06-02;920.0
1985-06-02;947.0
1985-06-02;934.0
1985-06-03;987.0
1985-06-03;1021.0
1985-06-03;1004.0
1985-06-03;1004.0
1985-06-04;1078.0
1985-06-04;1093.0
1985-06-04;1062.0
1985-06-04;1078.0
1985-06-05;1137.0
1985-06-05;1148.0
1985-06-05;1125.0
1985-06-05;1137.0
1985-06-06;1164.0
1985-06-06;1171.0
1985-06-06;1168.0
1985-06-06;1168.0
1985-06-07;1173.0
1985-06-07;1174.0
1985-06-07;1174.0
1985-06-07;1174.0
1985-06-08;1174.0
1985-06-08;1175.0
1985-06-08;1175.0
1985-06-08;1175.0
1985-06-09;1177.0
1985-06-09;1177.0
1985-06-09;1178.0
1985-06-09;1176.0
1985-06-10;1182.0
1985-06-10;1182.0
1985-06-10;1181.0
1985-06-10;1182.0
1985-06-11;1182.0
1985-06-11;1183.0
1985-06-11;1183.0
1985-06-11;1183.0
1985-06-12;1177.0
1985-06-12;1179.0
1985-06-12;1177.0
1985-06-12;1174.0
1985-06-13;1167.0
1985-06-13;1160.0
1985-06-13;1164.0
1985-06-13;1164.0
1985-06-14;1143.0
1985-06-14;1147.0
1985-06-14;1147.0
1985-06-14;1151.0
1985-06-15;1130.0
1985-06-15;1126.0
1985-06-15;1134.0
1985-06-15;1130.0
1985-06-16;1113.0
1985-06-16;1115.0
1985-06-16;1113.0
1985-06-16;1110.0
1985-06-17;1104.0
1985-06-17;1102.0
1985-06-17;1105.0
1985-06-17;1104.0
1985-06-18;1103.0
1985-06-18;1103.0
1985-06-18;1103.0
1985-06-18;1102.0
1985-06-19;1102.0
1985-06-19;1102.0
1985-06-19;1102.0
1985-06-19;1102.0
1985-06-20;1101.0
1985-06-20;1102.0
1985-06-20;1102.0
1985-06-20;1102.0
1985-06-21;1099.0
1985-06-21;1099.0
1985-06-21;1098.0
1985-06-21;1099.0
1985-06-22;1094.0
1985-06-22;1096.0
1985-06-22;1094.0
1985-06-22;1092.0
1985-06-23;1084.0
1985-06-23;1086.0
1985-06-23;1085.0
1985-06-23;1085.0
1985-06-24;1083.0
1985-06-24;1083.0
1985-06-24;1083.0
1985-06-24;1082.0
1985-06-25;1087.0
1985-06-25;1087.0
1985-06-25;1087.0
1985-06-25;1087.0
1985-06-26;1079.0
1985-06-26;1075.0
1985-06-26;1082.0
1985-06-26;1079.0
1985-06-27;1066.0
1985-06-27;1062.0
1985-06-27;1058.0
1985-06-27;1062.0
1985-06-28;1048.0
1985-06-28;1051.0
1985-06-28;1044.0
1985-06-28;1048.0
1985-06-29;1069.0
1985-06-29;1060.0
1985-06-29;1050.0
1985-06-29;1060.0
1985-06-30;1088.0
1985-06-30;1095.0
1985-06-30;1095.0
1985-06-30;1102.0
1985-07-01;1124.0
1985-07-01;1131.0
1985-07-01;1117.0
1985-07-01;1124.0
1985-07-02;1150.0
1985-07-02;1148.0
1985-07-02;1145.0
1985-07-02;1148.0
1985-07-03;1154.0
1985-07-03;1153.0
1985-07-03;1154.0
1985-07-03;1154.0
1985-07-04;1146.0
1985-07-04;1142.0
1985-07-04;1149.0
1985-07-04;1146.0
1985-07-05;1127.0
1985-07-05;1121.0
1985-07-05;1132.0
1985-07-05;1127.0
1985-07-06;1103.0
1985-07-06;1099.0
1985-07-06;1107.0
1985-07-06;1103.0
1985-07-07;1080.0
1985-07-07;1085.0
1985-07-07;1075.0
1985-07-07;1080.0
1985-07-08;1058.0
1985-07-08;1058.0
1985-07-08;1063.0
1985-07-08;1053.0
1985-07-09;1040.0
1985-07-09;1041.0
1985-07-09;1038.0
1985-07-09;1040.0
1985-07-10;1029.0
1985-07-10;1026.0
1985-07-10;1029.0
1985-07-10;1032.0
1985-07-11;1019.0
1985-07-11;1021.0
1985-07-11;1019.0
1985-07-11;1017.0
1985-07-12;1011.0
1985-07-12;1010.0
1985-07-12;1012.0
1985-07-12;1011.0
1985-07-13;1008.0
1985-07-13;1006.0
1985-07-13;1007.0
1985-07-13;1007.0
1985-07-14;1006.0
1985-07-14;1006.0
1985-07-14;1005.0
1985-07-14;1006.0
1985-07-15;1014.0
1985-07-15;1010.0
1985-07-15;1017.0
1985-07-15;1014.0
1985-07-16;1026.0
1985-07-16;1031.0
1985-07-16;1032.0
1985-07-16;1031.0
1985-07-17;1063.0
1985-07-17;1075.0
1985-07-17;1086.0
1985-07-17;1075.0
1985-07-18;1117.0
1985-07-18;1123.0
1985-07-18;1117.0
1985-07-18;1110.0
1985-07-19;1144.0
1985-07-19;1136.0
1985-07-19;1152.0
1985-07-19;1144.0
1985-07-20;1166.0
1985-07-20;1164.0
1985-07-20;1167.0
1985-07-20;1166.0
1985-07-21;1177.0
1985-07-21;1174.0
1985-07-21;1179.0
1985-07-21;1177.0
1985-07-22;1181.0
1985-07-22;1182.0
1985-07-22;1180.0
1985-07-22;1181.0
1985-07-23;1169.0
1985-07-23;1164.0
1985-07-23;1169.0
1985-07-23;1173.0
1985-07-24;1151.0
1985-07-24;1140.0
1985-07-24;1146.0
1985-07-24;1146.0
1985-07-25;1118.0
1985-07-25;1112.0
1985-07-25;1124.0
1985-07-25;1118.0
1985-07-26;1092.0
1985-07-26;1086.0
1985-07-26;1097.0
1985-07-26;1092.0
1985-07-27;1071.0
1985-07-27;1066.0
1985-07-27;1071.0
1985-07-27;1075.0
1985-07-28;1053.0
1985-07-28;1050.0
1985-07-28;1056.0
1985-07-28;1053.0
1985-07-29;1045.0
1985-07-29;1043.0
1985-07-29;1043.0
1985-07-29;1040.0
1985-07-30;1034.0
1985-07-30;1033.0
1985-07-30;1032.0
1985-07-30;1033.0
1985-07-31;1031.0
1985-07-31;1031.0
1985-07-31;1031.0
1985-07-31;1031.0
1985-08-01;1030.0
1985-08-01;1030.0
1985-08-01;1030.0
1985-08-01;1030.0
1985-08-02;1030.0
1985-08-02;1031.0
1985-08-02;1031.0
1985-08-02;1031.0
1985-08-03;1027.0
1985-08-03;1025.0
1985-08-03;1028.0
1985-08-03;1027.0
1985-08-04;1028.0
1985-08-04;1034.0
1985-08-04;1021.0
1985-08-04;1028.0
1985-08-05;1063.0
1985-08-05;1069.0
1985-08-05;1057.0
1985-08-05;1063.0
1985-08-06;1067.0
1985-08-06;1067.0
1985-08-06;1064.0
1985-08-06;1070.0
1985-08-07;1040.0
1985-08-07;1050.0
1985-08-07;1045.0
1985-08-07;1045.0
1985-08-08;1024.0
1985-08-08;1013.0
1985-08-08;1019.0
1985-08-08;1019.0
1985-08-09;993.0
1985-08-09;998.0
1985-08-09;988.0
1985-08-09;993.0
1985-08-10;979.0
1985-08-10;979.0
1985-08-10;977.0
1985-08-10;981.0
1985-08-11;973.0
1985-08-11;973.0
1985-08-11;974.0
1985-08-11;972.0
1985-08-12;973.0
1985-08-12;973.0
1985-08-12;975.0
1985-08-12;971.0
1985-08-13;985.0
1985-08-13;982.0
1985-08-13;987.0
1985-08-13;985.0
1985-08-14;996.0
1985-08-14;996.0
1985-08-14;1004.0
1985-08-14;988.0
1985-08-15;1031.0
1985-08-15;1026.0
1985-08-15;1036.0
1985-08-15;1031.0
1985-08-16;1049.0
1985-08-16;1053.0
1985-08-16;1053.0
1985-08-16;1057.0
1985-08-17;1065.0
1985-08-17;1065.0
1985-08-17;1065.0
1985-08-17;1065.0
1985-08-18;1058.0
1985-08-18;1054.0
1985-08-18;1058.0
1985-08-18;1061.0
1985-08-19;1044.0
1985-08-19;1035.0
1985-08-19;1040.0
1985-08-19;1040.0
1985-08-20;1022.0
1985-08-20;1022.0
1985-08-20;1024.0
1985-08-20;1019.0
1985-08-21;1012.0
1985-08-21;1014.0
1985-08-21;1012.0
1985-08-21;1010.0
1985-08-22;1000.0
1985-08-22;1004.0
1985-08-22;1002.0
1985-08-22;1002.0
1985-08-23;994.0
1985-08-23;994.0
1985-08-23;992.0
1985-08-23;996.0
1985-08-24;982.0
1985-08-24;985.0
1985-08-24;978.0
1985-08-24;982.0
1985-08-25;962.0
1985-08-25;966.0
1985-08-25;957.0
1985-08-25;962.0
1985-08-26;946.0
1985-08-26;944.0
1985-08-26;945.0
1985-08-26;945.0
1985-08-27;953.0
1985-08-27;956.0
1985-08-27;953.0
1985-08-27;949.0
1985-08-28;959.0
1985-08-28;958.0
1985-08-28;959.0
1985-08-28;959.0
1985-08-29;962.0
1985-08-29;960.0
1985-08-29;962.0
1985-08-29;964.0
1985-08-30;975.0
1985-08-30;981.0
1985-08-30;978.0
1985-08-30;978.0
1985-08-31;989.0
1985-08-31;990.0
1985-08-31;988.0
1985-08-31;989.0
1985-09-01;990.0
1985-09-01;988.0
1985-09-01;989.0
1985-09-01;989.0
1985-09-02;982.0
1985-09-02;980.0
1985-09-02;982.0
1985-09-02;984.0
1985-09-03;971.0
1985-09-03;975.0
1985-09-03;973.0
1985-09-03;973.0
1985-09-04;980.0
1985-09-04;980.0
1985-09-04;990.0
1985-09-04;970.0
1985-09-05;1004.0
1985-09-05;1004.0
1985-09-05;1004.0
1985-09-05;1004.0
1985-09-06;996.0
1985-09-06;998.0
1985-09-06;996.0
1985-09-06;993.0
1985-09-07;982.0
1985-09-07;980.0
1985-09-07;984.0
1985-09-07;982.0
1985-09-08;969.0
1985-09-08;965.0
1985-09-08;972.0
1985-09-08;969.0
1985-09-09;952.0
1985-09-09;952.0
1985-09-09;956.0
1985-09-09;948.0
1985-09-10;931.0
1985-09-10;935.0
1985-09-10;935.0
1985-09-10;939.0
1985-09-11;919.0
1985-09-11;922.0
1985-09-11;916.0
1985-09-11;919.0
1985-09-12;908.0
1985-09-12;903.0
1985-09-12;906.0
1985-09-12;906.0
1985-09-13;893.0
1985-09-13;890.0
1985-09-13;896.0
1985-09-13;893.0
1985-09-14;883.0
1985-09-14;881.0
1985-09-14;883.0
1985-09-14;884.0
1985-09-15;883.0
1985-09-15;886.0
1985-09-15;886.0
1985-09-15;888.0
1985-09-16;891.0
1985-09-16;891.0
1985-09-16;891.0
1985-09-16;891.0
1985-09-17;882.0
1985-09-17;885.0
1985-09-17;885.0
1985-09-17;887.0
1985-09-18;876.0
1985-09-18;873.0
1985-09-18;870.0
1985-09-18;873.0
1985-09-19;859.0
1985-09-19;859.0
1985-09-19;862.0
1985-09-19;856.0
1985-09-20;845.0
1985-09-20;848.0
1985-09-20;848.0
1985-09-20;850.0
1985-09-21;843.0
1985-09-21;841.0
1985-09-21;844.0
1985-09-21;843.0
1985-09-22;838.0
1985-09-22;837.0
1985-09-22;839.0
1985-09-22;838.0
1985-09-23;834.0
1985-09-23;835.0
1985-09-23;834.0
1985-09-23;832.0
1985-09-24;825.0
1985-09-24;825.0
1985-09-24;827.0
1985-09-24;822.0
1985-09-25;815.0
1985-09-25;815.0
1985-09-25;815.0
1985-09-25;815.0
1985-09-26;812.0
1985-09-26;811.0
1985-09-26;813.0
1985-09-26;812.0
1985-09-27;808.0
1985-09-27;806.0
1985-09-27;809.0
1985-09-27;808.0
1985-09-28;803.0
1985-09-28;802.0
1985-09-28;804.0
1985-09-28;803.0
1985-09-29;799.0
1985-09-29;798.0
1985-09-29;799.0
1985-09-29;799.0
1985-09-30;802.0
1985-09-30;801.0
1985-09-30;803.0
1985-09-30;802.0
1985-10-01;807.0
1985-10-01;806.0
1985-10-01;804.0
1985-10-01;806.0
1985-10-02;815.0
1985-10-02;814.0
1985-10-02;812.0
1985-10-02;814.0
1985-10-03;810.0
1985-10-03;810.0
1985-10-03;810.0
1985-10-03;810.0
1985-10-04;842.0
1985-10-04;820.0
1985-10-04;831.0
1985-10-04;831.0
1985-10-05;893.0
1985-10-05;880.0
1985-10-05;906.0
1985-10-05;893.0
1985-10-06;938.0
1985-10-06;932.0
1985-10-06;938.0
1985-10-06;944.0
1985-10-07;952.0
1985-10-07;952.0
1985-10-07;952.0
1985-10-07;951.0
1985-10-08;948.0
1985-10-08;947.0
1985-10-08;940.0
1985-10-08;948.0
1985-10-09;926.0
1985-10-09;920.0
1985-10-09;920.0
1985-10-09;913.0
1985-10-10;896.0
1985-10-10;882.0
1985-10-10;889.0
1985-10-10;889.0
1985-10-11;861.0
1985-10-11;865.0
1985-10-11;865.0
1985-10-11;868.0
1985-10-12;861.0
1985-10-12;861.0
1985-10-12;862.0
1985-10-12;859.0
1985-10-13;865.0
1985-10-13;864.0
1985-10-13;866.0
1985-10-13;865.0
1985-10-14;868.0
1985-10-14;868.0
1985-10-14;867.0
1985-10-14;868.0
1985-10-15;871.0
1985-10-15;872.0
1985-10-15;870.0
1985-10-15;871.0
1985-10-16;861.0
1985-10-16;858.0
1985-10-16;861.0
1985-10-16;864.0
1985-10-17;845.0
1985-10-17;840.0
1985-10-17;849.0
1985-10-17;845.0
1985-10-18;826.0
1985-10-18;834.0
1985-10-18;830.0
1985-10-18;830.0
1985-10-19;817.0
1985-10-19;817.0
1985-10-19;814.0
1985-10-19;820.0
1985-10-20;817.0
1985-10-20;816.0
1985-10-20;817.0
1985-10-20;817.0
1985-10-21;809.0
1985-10-21;812.0
1985-10-21;809.0
1985-10-21;806.0
1985-10-22;797.0
1985-10-22;794.0
1985-10-22;800.0
1985-10-22;797.0
1985-10-23;781.0
1985-10-23;781.0
1985-10-23;777.0
1985-10-23;785.0
1985-10-24;765.0
1985-10-24;770.0
1985-10-24;768.0
1985-10-24;768.0
1985-10-25;756.0
1985-10-25;753.0
1985-10-25;750.0
1985-10-25;753.0
1985-10-26;738.0
1985-10-26;734.0
1985-10-26;741.0
1985-10-26;738.0
1985-10-27;715.0
1985-10-27;720.0
1985-10-27;724.0
1985-10-27;720.0
1985-10-28;717.0
1985-10-28;712.0
1985-10-28;712.0
1985-10-28;706.0
1985-10-29;718.0
1985-10-29;720.0
1985-10-29;719.0
1985-10-29;719.0
1985-10-30;712.0
1985-10-30;714.0
1985-10-30;714.0
1985-10-30;715.0
1985-10-31;703.0
1985-10-31;706.0
1985-10-31;708.0
1985-10-31;706.0
1985-11-01;713.0
1985-11-01;717.0
1985-11-01;715.0
1985-11-01;715.0
1985-11-02;710.0
1985-11-02;712.0
1985-11-02;708.0
1985-11-02;710.0
1985-11-03;697.0
1985-11-03;701.0
1985-11-03;692.0
1985-11-03;697.0
1985-11-04;677.0
1985-11-04;681.0
1985-11-04;677.0
1985-11-04;672.0
1985-11-05;662.0
1985-11-05;655.0
1985-11-05;659.0
1985-11-05;659.0
1985-11-06;642.0
1985-11-06;639.0
1985-11-06;645.0
1985-11-06;642.0
1985-11-07;627.0
1985-11-07;632.0
1985-11-07;630.0
1985-11-07;630.0
1985-11-08;623.0
1985-11-08;624.0
1985-11-08;624.0
1985-11-08;624.0
1985-11-09;620.0
1985-11-09;620.0
1985-11-09;620.0
1985-11-09;619.0
1985-11-10;615.0
1985-11-10;614.0
1985-11-10;614.0
1985-11-10;612.0
1985-11-11;608.0
1985-11-11;609.0
1985-11-11;606.0
1985-11-11;608.0
1985-11-12;600.0
1985-11-12;598.0
1985-11-12;602.0
1985-11-12;600.0
1985-11-13;598.0
1985-11-13;599.0
1985-11-13;597.0
1985-11-13;598.0
1985-11-14;603.0
1985-11-14;602.0
1985-11-14;603.0
1985-11-14;604.0
1985-11-15;598.0
1985-11-15;606.0
1985-11-15;602.0
1985-11-15;602.0
1985-11-16;609.0
1985-11-16;603.0
1985-11-16;614.0
1985-11-16;609.0
1985-11-17;625.0
1985-11-17;627.0
1985-11-17;626.0
1985-11-17;626.0
1985-11-18;624.0
1985-11-18;625.0
1985-11-18;622.0
1985-11-18;624.0
1985-11-19;619.0
1985-11-19;618.0
1985-11-19;619.0
1985-11-19;619.0
1985-11-20;622.0
1985-11-20;622.0
1985-11-20;622.0
1985-11-20;621.0
1985-11-21;643.0
1985-11-21;633.0
1985-11-21;643.0
1985-11-21;652.0
1985-11-22;675.0
1985-11-22;675.0
1985-11-22;670.0
1985-11-22;680.0
1985-11-23;687.0
1985-11-23;684.0
1985-11-23;680.0
1985-11-23;684.0
1985-11-24;684.0
1985-11-24;686.0
1985-11-24;688.0
1985-11-24;686.0
1985-11-25;674.0
1985-11-25;670.0
1985-11-25;677.0
1985-11-25;674.0
1985-11-26;654.0
1985-11-26;658.0
1985-11-26;658.0
1985-11-26;662.0
1985-11-27;641.0
1985-11-27;637.0
1985-11-27;641.0
1985-11-27;645.0
1985-11-28;623.0
1985-11-28;627.0
1985-11-28;619.0
1985-11-28;623.0
1985-11-29;605.0
1985-11-29;608.0
1985-11-29;608.0
1985-11-29;611.0
1985-11-30;595.0
1985-11-30;592.0
1985-11-30;598.0
1985-11-30;595.0
1985-12-01;588.0
1985-12-01;587.0
1985-12-01;586.0
1985-12-01;587.0
1985-12-02;584.0
1985-12-02;580.0
1985-12-02;582.0
1985-12-02;582.0
1985-12-03;574.0
1985-12-03;574.0
1985-12-03;572.0
1985-12-03;576.0
1985-12-04;564.0
1985-12-04;566.0
1985-12-04;561.0
1985-12-04;564.0
1985-12-05;553.0
1985-12-05;550.0
1985-12-05;555.0
1985-12-05;553.0
1985-12-06;545.0
1985-12-06;545.0
1985-12-06;545.0
1985-12-06;544.0
1985-12-07;543.0
1985-12-07;543.0
1985-12-07;544.0
1985-12-07;542.0
1985-12-08;546.0
1985-12-08;547.0
1985-12-08;544.0
1985-12-08;546.0
1985-12-09;556.0
1985-12-09;555.0
1985-12-09;555.0
1985-12-09;554.0
1985-12-10;558.0
1985-12-10;557.0
1985-12-10;558.0
1985-12-10;558.0
1985-12-11;549.0
1985-12-11;552.0
1985-12-11;551.0
1985-12-11;551.0
1985-12-12;541.0
1985-12-12;543.0
1985-12-12;539.0
1985-12-12;541.0
1985-12-13;533.0
1985-12-13;535.0
1985-12-13;531.0
1985-12-13;533.0
1985-12-14;530.0
1985-12-14;529.0
1985-12-14;530.0
1985-12-14;530.0
1985-12-15;531.0
1985-12-15;530.0
1985-12-15;532.0
1985-12-15;531.0
1985-12-16;532.0
1985-12-16;532.0
1985-12-16;532.0
1985-12-16;532.0
1985-12-17;532.0
1985-12-17;532.0
1985-12-17;532.0
1985-12-17;532.0
1985-12-18;526.0
1985-12-18;528.0
1985-12-18;523.0
1985-12-18;526.0
1985-12-19;519.0
1985-12-19;514.0
1985-12-19;517.0
1985-12-19;517.0
1985-12-20;510.0
1985-12-20;509.0
1985-12-20;508.0
1985-12-20;509.0
1985-12-21;509.0
1985-12-21;510.0
1985-12-21;509.0
1985-12-21;504.0
1985-12-22;518.0
1985-12-22;523.0
1985-12-22;521.0
1985-12-22;521.0
1985-12-23;527.0
1985-12-23;526.0
1985-12-23;527.0
1985-12-23;527.0
1985-12-24;520.0
1985-12-24;517.0
1985-12-24;520.0
1985-12-24;522.0
1985-12-25;502.0
1985-12-25;508.0
1985-12-25;505.0
1985-12-25;505.0
1985-12-26;495.0
1985-12-26;499.0
1985-12-26;497.0
1985-12-26;497.0
1985-12-27;470.0
1985-12-27;475.0
1985-12-27;470.0
1985-12-27;465.0
1985-12-28;458.0
1985-12-28;454.0
1985-12-28;461.0
1985-12-28;467.0
1985-12-29;446.0
1985-12-29;454.0
1985-12-29;448.0
1985-12-29;444.0
1985-12-30;443.0
1985-12-30;438.0
1985-12-30;436.0
1985-12-30;434.0
1985-12-31;429.0
1985-12-31;427.0
1985-12-31;435.0
1985-12-31;431.0
1986-01-01;422.0
1986-01-01;423.0
1986-01-01;427.0
1986-01-01;423.0
1986-01-02;424.0
1986-01-02;428.0
1986-01-02;426.0
1986-01-02;421.0
1986-01-03;440.0
1986-01-03;438.0
1986-01-03;435.0
1986-01-03;420.0
1986-01-04;443.0
1986-01-04;442.0
1986-01-04;443.0
1986-01-04;424.0
1986-01-05;433.0
1986-01-05;436.0
1986-01-05;436.0
1986-01-05;436.0
1986-01-06;432.0
1986-01-06;433.0
1986-01-06;438.0
1986-01-06;434.0
1986-01-07;446.0
1986-01-07;453.0
1986-01-07;439.0
1986-01-07;439.0
1986-01-08;473.0
1986-01-08;467.0
1986-01-08;444.0
1986-01-08;470.0
1986-01-09;455.0
1986-01-09;474.0
1986-01-09;476.0
1986-01-09;475.0
1986-01-10;474.0
1986-01-10;475.0
1986-01-10;471.0
1986-01-10;475.0
1986-01-11;471.0
1986-01-11;470.0
1986-01-11;479.0
1986-01-11;472.0
1986-01-12;482.0
1986-01-12;471.0
1986-01-12;469.0
1986-01-12;470.0
1986-01-13;481.0
1986-01-13;468.0
1986-01-13;473.0
1986-01-13;471.0
1986-01-14;471.0
1986-01-14;472.0
1986-01-14;484.0
1986-01-14;473.0
1986-01-15;496.0
1986-01-15;470.0
1986-01-15;470.0
1986-01-15;469.0
1986-01-16;502.0
1986-01-16;468.0
1986-01-16;468.0
1986-01-16;467.0
1986-01-17;465.0
1986-01-17;463.0
1986-01-17;466.0
1986-01-17;507.0
1986-01-18;507.0
1986-01-18;455.0
1986-01-18;456.0
1986-01-18;456.0
1986-01-19;446.0
1986-01-19;450.0
1986-01-19;448.0
1986-01-19;501.0
1986-01-20;443.0
1986-01-20;492.0
1986-01-20;446.0
1986-01-20;448.0
1986-01-21;448.0
1986-01-21;448.0
1986-01-21;448.0
1986-01-21;485.0
1986-01-22;484.0
1986-01-22;451.0
1986-01-22;453.0
1986-01-22;448.0
1986-01-23;485.0
1986-01-23;465.0
1986-01-23;474.0
1986-01-23;470.0
1986-01-24;495.0
1986-01-24;483.0
1986-01-24;488.0
1986-01-24;486.0
1986-01-25;498.0
1986-01-25;502.0
1986-01-25;494.0
1986-01-25;507.0
1986-01-26;521.0
1986-01-26;506.0
1986-01-26;507.0
1986-01-26;507.0
1986-01-27;515.0
1986-01-27;516.0
1986-01-27;514.0
1986-01-27;543.0
1986-01-28;520.0
1986-01-28;518.0
1986-01-28;519.0
1986-01-28;552.0
1986-01-29;557.0
1986-01-29;521.0
1986-01-29;519.0
1986-01-29;520.0
1986-01-30;516.0
1986-01-30;560.0
1986-01-30;515.0
1986-01-30;517.0
1986-01-31;520.0
1986-01-31;521.0
1986-01-31;519.0
1986-01-31;559.0
1986-02-01;524.0
1986-02-01;523.0
1986-02-01;524.0
1986-02-01;555.0
1986-02-02;519.0
1986-02-02;513.0
1986-02-02;516.0
1986-02-02;551.0
1986-02-03;502.0
1986-02-03;499.0
1986-02-03;505.0
1986-02-03;546.0
1986-02-04;539.0
1986-02-04;490.0
1986-02-04;487.0
1986-02-04;489.0
1986-02-05;471.0
1986-02-05;467.0
1986-02-05;475.0
1986-02-05;525.0
1986-02-06;455.0
1986-02-06;458.0
1986-02-06;512.0
1986-02-06;461.0
1986-02-07;446.0
1986-02-07;450.0
1986-02-07;448.0
1986-02-07;498.0
1986-02-08;436.0
1986-02-08;438.0
1986-02-08;440.0
1986-02-08;482.0
1986-02-09;433.0
1986-02-09;432.0
1986-02-09;434.0
1986-02-09;464.0
1986-02-10;430.0
1986-02-10;451.0
1986-02-10;429.0
1986-02-10;430.0
1986-02-11;440.0
1986-02-11;428.0
1986-02-11;447.0
1986-02-11;434.0
1986-02-12;471.0
1986-02-12;479.0
1986-02-12;463.0
1986-02-12;446.0
1986-02-13;494.0
1986-02-13;501.0
1986-02-13;486.0
1986-02-13;443.0
1986-02-14;544.0
1986-02-14;548.0
1986-02-14;462.0
1986-02-14;540.0
1986-02-15;552.0
1986-02-15;552.0
1986-02-15;488.0
1986-02-15;552.0
1986-02-16;510.0
1986-02-16;545.0
1986-02-16;538.0
1986-02-16;542.0
1986-02-17;523.0
1986-02-17;525.0
1986-02-17;516.0
1986-02-17;521.0
1986-02-18;526.0
1986-02-18;514.0
1986-02-18;516.0
1986-02-18;512.0
1986-02-19;521.0
1986-02-19;518.0
1986-02-19;521.0
1986-02-19;520.0
1986-02-20;512.0
1986-02-20;523.0
1986-02-20;524.0
1986-02-20;524.0
1986-02-21;512.0
1986-02-21;550.0
1986-02-21;543.0
1986-02-21;535.0
1986-02-22;524.0
1986-02-22;576.0
1986-02-22;573.0
1986-02-22;569.0
1986-02-23;553.0
1986-02-23;580.0
1986-02-23;581.0
1986-02-23;581.0
1986-02-24;585.0
1986-02-24;584.0
1986-02-24;584.0
1986-02-24;585.0
1986-02-25;624.0
1986-02-25;596.0
1986-02-25;616.0
1986-02-25;607.0
1986-02-26;636.0
1986-02-26;640.0
1986-02-26;638.0
1986-02-26;638.0
1986-02-27;641.0
1986-02-27;641.0
1986-02-27;641.0
1986-02-27;641.0
1986-02-28;676.0
1986-02-28;653.0
1986-02-28;676.0
1986-02-28;698.0
1986-03-01;753.0
1986-03-01;753.0
1986-03-01;763.0
1986-03-01;742.0
1986-03-02;790.0
1986-03-02;786.0
1986-03-02;794.0
1986-03-02;790.0
1986-03-03;802.0
1986-03-03;801.0
1986-03-03;802.0
1986-03-03;802.0
1986-03-04;795.0
1986-03-04;797.0
1986-03-04;792.0
1986-03-04;795.0
1986-03-05;785.0
1986-03-05;784.0
1986-03-05;784.0
1986-03-05;782.0
1986-03-06;784.0
1986-03-06;785.0
1986-03-06;782.0
1986-03-06;784.0
1986-03-07;787.0
1986-03-07;786.0
1986-03-07;787.0
1986-03-07;787.0
1986-03-08;780.0
1986-03-08;776.0
1986-03-08;780.0
1986-03-08;783.0
1986-03-09;761.0
1986-03-09;756.0
1986-03-09;765.0
1986-03-09;761.0
1986-03-10;744.0
1986-03-10;738.0
1986-03-10;738.0
1986-03-10;732.0
1986-03-11;696.0
1986-03-11;704.0
1986-03-11;704.0
1986-03-11;711.0
1986-03-12;689.0
1986-03-12;689.0
1986-03-12;689.0
1986-03-12;688.0
1986-03-13;704.0
1986-03-13;704.0
1986-03-13;708.0
1986-03-13;699.0
1986-03-14;721.0
1986-03-14;723.0
1986-03-14;719.0
1986-03-14;721.0
1986-03-15;702.0
1986-03-15;695.0
1986-03-15;708.0
1986-03-15;702.0
1986-03-16;670.0
1986-03-16;663.0
1986-03-16;677.0
1986-03-16;670.0
1986-03-17;626.0
1986-03-17;634.0
1986-03-17;641.0
1986-03-17;634.0
1986-03-18;603.0
1986-03-18;609.0
1986-03-18;596.0
1986-03-18;603.0
1986-03-19;578.0
1986-03-19;583.0
1986-03-19;575.0
1986-03-19;578.0
1986-03-20;557.0
1986-03-20;557.0
1986-03-20;553.0
1986-03-20;561.0
1986-03-21;545.0
1986-03-21;545.0
1986-03-21;544.0
1986-03-21;545.0
1986-03-22;540.0
1986-03-22;542.0
1986-03-22;538.0
1986-03-22;540.0
1986-03-23;529.0
1986-03-23;529.0
1986-03-23;527.0
1986-03-23;531.0
1986-03-24;520.0
1986-03-24;518.0
1986-03-24;518.0
1986-03-24;516.0
1986-03-25;515.0
1986-03-25;516.0
1986-03-25;514.0
1986-03-25;515.0
1986-03-26;544.0
1986-03-26;536.0
1986-03-26;536.0
1986-03-26;528.0
1986-03-27;580.0
1986-03-27;572.0
1986-03-27;588.0
1986-03-27;580.0
1986-03-28;622.0
1986-03-28;615.0
1986-03-28;622.0
1986-03-28;629.0
1986-03-29;645.0
1986-03-29;639.0
1986-03-29;645.0
1986-03-29;650.0
1986-03-30;661.0
1986-03-30;663.0
1986-03-30;663.0
1986-03-30;665.0
1986-03-31;668.0
1986-03-31;671.0
1986-03-31;671.0
1986-03-31;674.0
1986-04-01;680.0
1986-04-01;680.0
1986-04-01;679.0
1986-04-01;680.0
1986-04-02;676.0
1986-04-02;681.0
1986-04-02;679.0
1986-04-02;679.0
1986-04-03;668.0
1986-04-03;665.0
1986-04-03;665.0
1986-04-03;661.0
1986-04-04;646.0
1986-04-04;641.0
1986-04-04;650.0
1986-04-04;646.0
1986-04-05;631.0
1986-04-05;626.0
1986-04-05;629.0
1986-04-05;629.0
1986-04-06;613.0
1986-04-06;610.0
1986-04-06;616.0
1986-04-06;613.0
1986-04-07;606.0
1986-04-07;606.0
1986-04-07;606.0
1986-04-07;605.0
1986-04-08;607.0
1986-04-08;617.0
1986-04-08;627.0
1986-04-08;617.0
1986-04-09;665.0
1986-04-09;683.0
1986-04-09;647.0
1986-04-09;665.0
1986-04-10;723.0
1986-04-10;728.0
1986-04-10;718.0
1986-04-10;723.0
1986-04-11;739.0
1986-04-11;737.0
1986-04-11;739.0
1986-04-11;741.0
1986-04-12;723.0
1986-04-12;728.0
1986-04-12;732.0
1986-04-12;728.0
1986-04-13;691.0
1986-04-13;699.0
1986-04-13;699.0
1986-04-13;707.0
1986-04-14;674.0
1986-04-14;669.0
1986-04-14;663.0
1986-04-14;669.0
1986-04-15;645.0
1986-04-15;640.0
1986-04-15;650.0
1986-04-15;645.0
1986-04-16;631.0
1986-04-16;631.0
1986-04-16;630.0
1986-04-16;631.0
1986-04-17;646.0
1986-04-17;641.0
1986-04-17;646.0
1986-04-17;650.0
1986-04-18;668.0
1986-04-18;662.0
1986-04-18;665.0
1986-04-18;665.0
1986-04-19;672.0
1986-04-19;672.0
1986-04-19;671.0
1986-04-19;673.0
1986-04-20;667.0
1986-04-20;668.0
1986-04-20;665.0
1986-04-20;667.0
1986-04-21;664.0
1986-04-21;661.0
1986-04-21;658.0
1986-04-21;661.0
1986-04-22;651.0
1986-04-22;643.0
1986-04-22;647.0
1986-04-22;647.0
1986-04-23;630.0
1986-04-23;632.0
1986-04-23;627.0
1986-04-23;630.0
1986-04-24;627.0
1986-04-24;628.0
1986-04-24;629.0
1986-04-24;628.0
1986-04-25;627.0
1986-04-25;628.0
1986-04-25;626.0
1986-04-25;627.0
1986-04-26;635.0
1986-04-26;634.0
1986-04-26;636.0
1986-04-26;635.0
1986-04-27;635.0
1986-04-27;636.0
1986-04-27;636.0
1986-04-27;637.0
1986-04-28;638.0
1986-04-28;636.0
1986-04-28;638.0
1986-04-28;639.0
1986-04-29;656.0
1986-04-29;656.0
1986-04-29;648.0
1986-04-29;664.0
1986-04-30;689.0
1986-04-30;695.0
1986-04-30;682.0
1986-04-30;689.0
1986-05-01;713.0
1986-05-01;727.0
1986-05-01;720.0
1986-05-01;720.0
1986-05-02;748.0
1986-05-02;744.0
1986-05-02;751.0
1986-05-02;748.0
1986-05-03;766.0
1986-05-03;769.0
1986-05-03;762.0
1986-05-03;766.0
1986-05-04;780.0
1986-05-04;783.0
1986-05-04;777.0
1986-05-04;780.0
1986-05-05;793.0
1986-05-05;790.0
1986-05-05;792.0
1986-05-05;792.0
1986-05-06;802.0
1986-05-06;801.0
1986-05-06;801.0
1986-05-06;799.0
1986-05-07;810.0
1986-05-07;809.0
1986-05-07;808.0
1986-05-07;809.0
1986-05-08;825.0
1986-05-08;819.0
1986-05-08;830.0
1986-05-08;825.0
1986-05-09;844.0
1986-05-09;842.0
1986-05-09;845.0
1986-05-09;844.0
1986-05-10;848.0
1986-05-10;847.0
1986-05-10;847.0
1986-05-10;846.0
1986-05-11;849.0
1986-05-11;850.0
1986-05-11;848.0
1986-05-11;849.0
1986-05-12;863.0
1986-05-12;868.0
1986-05-12;872.0
1986-05-12;868.0
1986-05-13;886.0
1986-05-13;886.0
1986-05-13;882.0
1986-05-13;889.0
1986-05-14;895.0
1986-05-14;894.0
1986-05-14;895.0
1986-05-14;895.0
1986-05-15;894.0
1986-05-15;894.0
1986-05-15;894.0
1986-05-15;894.0
1986-05-16;894.0
1986-05-16;893.0
1986-05-16;892.0
1986-05-16;893.0
1986-05-17;882.0
1986-05-17;882.0
1986-05-17;879.0
1986-05-17;885.0
1986-05-18;868.0
1986-05-18;864.0
1986-05-18;864.0
1986-05-18;859.0
1986-05-19;868.0
1986-05-19;875.0
1986-05-19;861.0
1986-05-19;868.0
1986-05-20;898.0
1986-05-20;894.0
1986-05-20;898.0
1986-05-20;902.0
1986-05-21;913.0
1986-05-21;910.0
1986-05-21;916.0
1986-05-21;913.0
1986-05-22;930.0
1986-05-22;922.0
1986-05-22;930.0
1986-05-22;938.0
1986-05-23;954.0
1986-05-23;970.0
1986-05-23;962.0
1986-05-23;962.0
1986-05-24;987.0
1986-05-24;989.0
1986-05-24;985.0
1986-05-24;987.0
1986-05-25;991.0
1986-05-25;988.0
1986-05-25;984.0
1986-05-25;988.0
1986-05-26;972.0
1986-05-26;974.0
1986-05-26;973.0
1986-05-26;973.0
1986-05-27;965.0
1986-05-27;962.0
1986-05-27;965.0
1986-05-27;967.0
1986-05-28;964.0
1986-05-28;963.0
1986-05-28;964.0
1986-05-28;965.0
1986-05-29;959.0
1986-05-29;958.0
1986-05-29;957.0
1986-05-29;958.0
1986-05-30;940.0
1986-05-30;933.0
1986-05-30;937.0
1986-05-30;937.0
1986-05-31;918.0
1986-05-31;921.0
1986-05-31;924.0
1986-05-31;921.0
1986-06-01;953.0
1986-06-01;959.0
1986-06-01;947.0
1986-06-01;953.0
1986-06-02;981.0
1986-06-02;974.0
1986-06-02;988.0
1986-06-02;981.0
1986-06-03;1012.0
1986-06-03;1024.0
1986-06-03;1035.0
1986-06-03;1024.0
1986-06-04;1069.0
1986-06-04;1075.0
1986-06-04;1069.0
1986-06-04;1062.0
1986-06-05;1080.0
1986-06-05;1081.0
1986-06-05;1080.0
1986-06-05;1078.0
1986-06-06;1071.0
1986-06-06;1072.0
1986-06-06;1071.0
1986-06-06;1070.0
1986-06-07;1068.0
1986-06-07;1068.0
1986-06-07;1067.0
1986-06-07;1068.0
1986-06-08;1058.0
1986-06-08;1061.0
1986-06-08;1054.0
1986-06-08;1058.0
1986-06-09;1041.0
1986-06-09;1037.0
1986-06-09;1032.0
1986-06-09;1037.0
1986-06-10;1005.0
1986-06-10;1011.0
1986-06-10;1016.0
1986-06-10;1011.0
1986-06-11;980.0
1986-06-11;986.0
1986-06-11;974.0
1986-06-11;980.0
1986-06-12;953.0
1986-06-12;948.0
1986-06-12;957.0
1986-06-12;953.0
1986-06-13;942.0
1986-06-13;943.0
1986-06-13;943.0
1986-06-13;944.0
1986-06-14;941.0
1986-06-14;941.0
1986-06-14;940.0
1986-06-14;942.0
1986-06-15;948.0
1986-06-15;947.0
1986-06-15;948.0
1986-06-15;948.0
1986-06-16;950.0
1986-06-16;950.0
1986-06-16;950.0
1986-06-16;949.0
1986-06-17;948.0
1986-06-17;949.0
1986-06-17;950.0
1986-06-17;949.0
1986-06-18;942.0
1986-06-18;941.0
1986-06-18;942.0
1986-06-18;942.0
1986-06-19;940.0
1986-06-19;941.0
1986-06-19;941.0
1986-06-19;941.0
1986-06-20;940.0
1986-06-20;939.0
1986-06-20;941.0
1986-06-20;940.0
1986-06-21;949.0
1986-06-21;948.0
1986-06-21;950.0
1986-06-21;949.0
1986-06-22;957.0
1986-06-22;953.0
1986-06-22;961.0
1986-06-22;957.0
1986-06-23;966.0
1986-06-23;967.0
1986-06-23;967.0
1986-06-23;967.0
1986-06-24;972.0
1986-06-24;970.0
1986-06-24;973.0
1986-06-24;972.0
1986-06-25;973.0
1986-06-25;973.0
1986-06-25;972.0
1986-06-25;974.0
1986-06-26;966.0
1986-06-26;967.0
1986-06-26;967.0
1986-06-26;967.0
1986-06-27;966.0
1986-06-27;965.0
1986-06-27;966.0
1986-06-27;967.0
1986-06-28;967.0
1986-06-28;968.0
1986-06-28;968.0
1986-06-28;968.0
1986-06-29;979.0
1986-06-29;979.0
1986-06-29;984.0
1986-06-29;974.0
1986-06-30;1005.0
1986-06-30;998.0
1986-06-30;1005.0
1986-06-30;1012.0
1986-07-01;1029.0
1986-07-01;1025.0
1986-07-01;1029.0
1986-07-01;1032.0
1986-07-02;1047.0
1986-07-02;1061.0
1986-07-02;1054.0
1986-07-02;1054.0
1986-07-03;1078.0
1986-07-03;1073.0
1986-07-03;1076.0
1986-07-03;1076.0
1986-07-04;1088.0
1986-07-04;1091.0
1986-07-04;1085.0
1986-07-04;1088.0
1986-07-05;1095.0
1986-07-05;1099.0
1986-07-05;1097.0
1986-07-05;1097.0
1986-07-06;1106.0
1986-07-06;1105.0
1986-07-06;1107.0
1986-07-06;1106.0
1986-07-07;1110.0
1986-07-07;1110.0
1986-07-07;1109.0
1986-07-07;1110.0
1986-07-08;1107.0
1986-07-08;1109.0
1986-07-08;1109.0
1986-07-08;1110.0
1986-07-09;1104.0
1986-07-09;1105.0
1986-07-09;1104.0
1986-07-09;1103.0
1986-07-10;1101.0
1986-07-10;1101.0
1986-07-10;1101.0
1986-07-10;1101.0
1986-07-11;1101.0
1986-07-11;1101.0
1986-07-11;1101.0
1986-07-11;1101.0
1986-07-12;1106.0
1986-07-12;1108.0
1986-07-12;1104.0
1986-07-12;1106.0
1986-07-13;1118.0
1986-07-13;1115.0
1986-07-13;1121.0
1986-07-13;1118.0
1986-07-14;1128.0
1986-07-14;1130.0
1986-07-14;1130.0
1986-07-14;1132.0
1986-07-15;1143.0
1986-07-15;1138.0
1986-07-15;1148.0
1986-07-15;1143.0
1986-07-16;1161.0
1986-07-16;1161.0
1986-07-16;1158.0
1986-07-16;1164.0
1986-07-17;1173.0
1986-07-17;1179.0
1986-07-17;1176.0
1986-07-17;1176.0
1986-07-18;1186.0
1986-07-18;1186.0
1986-07-18;1185.0
1986-07-18;1186.0
1986-07-19;1184.0
1986-07-19;1182.0
1986-07-19;1186.0
1986-07-19;1184.0
1986-07-20;1178.0
1986-07-20;1178.0
1986-07-20;1178.0
1986-07-20;1178.0
1986-07-21;1169.0
1986-07-21;1172.0
1986-07-21;1166.0
1986-07-21;1169.0
1986-07-22;1152.0
1986-07-22;1156.0
1986-07-22;1152.0
1986-07-22;1148.0
1986-07-23;1136.0
1986-07-23;1132.0
1986-07-23;1139.0
1986-07-23;1136.0
1986-07-24;1122.0
1986-07-24;1119.0
1986-07-24;1122.0
1986-07-24;1124.0
1986-07-25;1113.0
1986-07-25;1108.0
1986-07-25;1111.0
1986-07-25;1111.0
1986-07-26;1094.0
1986-07-26;1098.0
1986-07-26;1101.0
1986-07-26;1098.0
1986-07-27;1085.0
1986-07-27;1084.0
1986-07-27;1084.0
1986-07-27;1082.0
1986-07-28;1080.0
1986-07-28;1077.0
1986-07-28;1079.0
1986-07-28;1079.0
1986-07-29;1069.0
1986-07-29;1066.0
1986-07-29;1069.0
1986-07-29;1072.0
1986-07-30;1058.0
1986-07-30;1055.0
1986-07-30;1058.0
1986-07-30;1060.0
1986-07-31;1049.0
1986-07-31;1050.0
1986-07-31;1047.0
1986-07-31;1049.0
1986-08-01;1040.0
1986-08-01;1037.0
1986-08-01;1034.0
1986-08-01;1037.0
1986-08-02;1025.0
1986-08-02;1027.0
1986-08-02;1028.0
1986-08-02;1027.0
1986-08-03;1024.0
1986-08-03;1022.0
1986-08-03;1022.0
1986-08-03;1020.0
1986-08-04;1015.0
1986-08-04;1015.0
1986-08-04;1017.0
1986-08-04;1012.0
1986-08-05;1005.0
1986-08-05;1009.0
1986-08-05;1001.0
1986-08-05;1005.0
1986-08-06;989.0
1986-08-06;993.0
1986-08-06;985.0
1986-08-06;989.0
1986-08-07;973.0
1986-08-07;973.0
1986-08-07;970.0
1986-08-07;975.0
1986-08-08;960.0
1986-08-08;960.0
1986-08-08;963.0
1986-08-08;957.0
1986-08-09;950.0
1986-08-09;947.0
1986-08-09;950.0
1986-08-09;952.0
1986-08-10;941.0
1986-08-10;936.0
1986-08-10;939.0
1986-08-10;939.0
1986-08-11;928.0
1986-08-11;930.0
1986-08-11;925.0
1986-08-11;928.0
1986-08-12;919.0
1986-08-12;918.0
1986-08-12;918.0
1986-08-12;917.0
1986-08-13;918.0
1986-08-13;918.0
1986-08-13;918.0
1986-08-13;918.0
1986-08-14;924.0
1986-08-14;927.0
1986-08-14;924.0
1986-08-14;921.0
1986-08-15;947.0
1986-08-15;953.0
1986-08-15;940.0
1986-08-15;947.0
1986-08-16;967.0
1986-08-16;963.0
1986-08-16;971.0
1986-08-16;967.0
1986-08-17;971.0
1986-08-17;971.0
1986-08-17;972.0
1986-08-17;970.0
1986-08-18;985.0
1986-08-18;983.0
1986-08-18;983.0
1986-08-18;980.0
1986-08-19;994.0
1986-08-19;994.0
1986-08-19;993.0
1986-08-19;994.0
1986-08-20;996.0
1986-08-20;996.0
1986-08-20;996.0
1986-08-20;996.0
1986-08-21;995.0
1986-08-21;996.0
1986-08-21;993.0
1986-08-21;995.0
1986-08-22;982.0
1986-08-22;986.0
1986-08-22;986.0
1986-08-22;989.0
1986-08-23;970.0
1986-08-23;974.0
1986-08-23;965.0
1986-08-23;970.0
1986-08-24;937.0
1986-08-24;944.0
1986-08-24;944.0
1986-08-24;950.0
1986-08-25;915.0
1986-08-25;921.0
1986-08-25;915.0
1986-08-25;909.0
1986-08-26;895.0
1986-08-26;891.0
1986-08-26;886.0
1986-08-26;891.0
1986-08-27;876.0
1986-08-27;874.0
1986-08-27;875.0
1986-08-27;875.0
1986-08-28;867.0
1986-08-28;865.0
1986-08-28;868.0
1986-08-28;867.0
1986-08-29;861.0
1986-08-29;858.0
1986-08-29;860.0
1986-08-29;860.0
1986-08-30;850.0
1986-08-30;847.0
1986-08-30;850.0
1986-08-30;853.0
1986-08-31;837.0
1986-08-31;840.0
1986-08-31;833.0
1986-08-31;837.0
1986-09-01;824.0
1986-09-01;814.0
1986-09-01;819.0
1986-09-01;819.0
1986-09-02;808.0
1986-09-02;807.0
1986-09-02;806.0
1986-09-02;807.0
1986-09-03;816.0
1986-09-03;844.0
1986-09-03;816.0
1986-09-03;818.0
1986-09-04;822.0
1986-09-04;826.0
1986-09-04;822.0
1986-09-04;818.0
1986-09-05;839.0
1986-09-05;840.0
1986-09-05;840.0
1986-09-05;840.0
1986-09-06;842.0
1986-09-06;841.0
1986-09-06;841.0
1986-09-06;840.0
1986-09-07;831.0
1986-09-07;822.0
1986-09-07;839.0
1986-09-07;831.0
1986-09-08;800.0
1986-09-08;806.0
1986-09-08;800.0
1986-09-08;793.0
1986-09-09;783.0
1986-09-09;775.0
1986-09-09;779.0
1986-09-09;779.0
1986-09-10;769.0
1986-09-10;770.0
1986-09-10;770.0
1986-09-10;770.0
1986-09-11;768.0
1986-09-11;769.0
1986-09-11;766.0
1986-09-11;768.0
1986-09-12;773.0
1986-09-12;773.0
1986-09-12;773.0
1986-09-12;773.0
1986-09-13;779.0
1986-09-13;779.0
1986-09-13;779.0
1986-09-13;779.0
1986-09-14;774.0
1986-09-14;773.0
1986-09-14;774.0
1986-09-14;775.0
1986-09-15;770.0
1986-09-15;770.0
1986-09-15;770.0
1986-09-15;769.0
1986-09-16;766.0
1986-09-16;764.0
1986-09-16;767.0
1986-09-16;766.0
1986-09-17;760.0
1986-09-17;759.0
1986-09-17;760.0
1986-09-17;761.0
1986-09-18;754.0
1986-09-18;754.0
1986-09-18;753.0
1986-09-18;754.0
1986-09-19;760.0
1986-09-19;757.0
1986-09-19;763.0
1986-09-19;760.0
1986-09-20;778.0
1986-09-20;806.0
1986-09-20;792.0
1986-09-20;792.0
1986-09-21;851.0
1986-09-21;842.0
1986-09-21;860.0
1986-09-21;851.0
1986-09-22;874.0
1986-09-22;877.0
1986-09-22;877.0
1986-09-22;880.0
1986-09-23;885.0
1986-09-23;887.0
1986-09-23;887.0
1986-09-23;888.0
1986-09-24;895.0
1986-09-24;895.0
1986-09-24;893.0
1986-09-24;897.0
1986-09-25;902.0
1986-09-25;901.0
1986-09-25;902.0
1986-09-25;902.0
1986-09-26;903.0
1986-09-26;903.0
1986-09-26;903.0
1986-09-26;903.0
1986-09-27;902.0
1986-09-27;889.0
1986-09-27;900.0
1986-09-27;900.0
1986-09-28;890.0
1986-09-28;890.0
1986-09-28;890.0
1986-09-28;889.0
1986-09-29;887.0
1986-09-29;887.0
1986-09-29;887.0
1986-09-29;887.0
1986-09-30;892.0
1986-09-30;892.0
1986-09-30;890.0
1986-09-30;893.0
1986-10-01;902.0
1986-10-01;899.0
1986-10-01;902.0
1986-10-01;904.0
1986-10-02;910.0
1986-10-02;911.0
1986-10-02;911.0
1986-10-02;911.0
1986-10-03;911.0
1986-10-03;911.0
1986-10-03;911.0
1986-10-03;910.0
1986-10-04;901.0
1986-10-04;907.0
1986-10-04;904.0
1986-10-04;904.0
1986-10-05;893.0
1986-10-05;894.0
1986-10-05;892.0
1986-10-05;893.0
1986-10-06;883.0
1986-10-06;880.0
1986-10-06;886.0
1986-10-06;883.0
1986-10-07;869.0
1986-10-07;865.0
1986-10-07;873.0
1986-10-07;869.0
1986-10-08;849.0
1986-10-08;849.0
1986-10-08;854.0
1986-10-08;844.0
1986-10-09;830.0
1986-10-09;818.0
1986-10-09;824.0
1986-10-09;824.0
1986-10-10;801.0
1986-10-10;805.0
1986-10-10;801.0
1986-10-10;797.0
1986-10-11;811.0
1986-10-11;811.0
1986-10-11;798.0
1986-10-11;823.0
1986-10-12;824.0
1986-10-12;818.0
1986-10-12;811.0
1986-10-12;818.0
1986-10-13;796.0
1986-10-13;796.0
1986-10-13;796.0
1986-10-13;795.0
1986-10-14;770.0
1986-10-14;772.0
1986-10-14;770.0
1986-10-14;768.0
1986-10-15;772.0
1986-10-15;774.0
1986-10-15;770.0
1986-10-15;772.0
1986-10-16;786.0
1986-10-16;788.0
1986-10-16;786.0
1986-10-16;783.0
1986-10-17;788.0
1986-10-17;789.0
1986-10-17;790.0
1986-10-17;789.0
1986-10-18;782.0
1986-10-18;780.0
1986-10-18;781.0
1986-10-18;781.0
1986-10-19;776.0
1986-10-19;776.0
1986-10-19;775.0
1986-10-19;777.0
1986-10-20;779.0
1986-10-20;779.0
1986-10-20;779.0
1986-10-20;778.0
1986-10-21;780.0
1986-10-21;781.0
1986-10-21;781.0
1986-10-21;781.0
1986-10-22;788.0
1986-10-22;785.0
1986-10-22;790.0
1986-10-22;788.0
1986-10-23;793.0
1986-10-23;794.0
1986-10-23;794.0
1986-10-23;794.0
1986-10-24;805.0
1986-10-24;801.0
1986-10-24;797.0
1986-10-24;801.0
1986-10-25;835.0
1986-10-25;855.0
1986-10-25;845.0
1986-10-25;845.0
1986-10-26;874.0
1986-10-26;870.0
1986-10-26;872.0
1986-10-26;872.0
1986-10-27;888.0
1986-10-27;892.0
1986-10-27;883.0
1986-10-27;888.0
1986-10-28;909.0
1986-10-28;909.0
1986-10-28;909.0
1986-10-28;908.0
1986-10-29;912.0
1986-10-29;910.0
1986-10-29;913.0
1986-10-29;912.0
1986-10-30;901.0
1986-10-30;898.0
1986-10-30;903.0
1986-10-30;901.0
1986-10-31;868.0
1986-10-31;875.0
1986-10-31;868.0
1986-10-31;860.0
1986-11-01;836.0
1986-11-01;818.0
1986-11-01;836.0
1986-11-01;853.0
1986-11-02;744.0
1986-11-02;788.0
1986-11-02;799.0
1986-11-02;807.0
1986-11-03;779.0
1986-11-03;779.0
1986-11-03;780.0
1986-11-03;777.0
1986-11-04;773.0
1986-11-04;770.0
1986-11-04;775.0
1986-11-04;773.0
1986-11-05;772.0
1986-11-05;777.0
1986-11-05;766.0
1986-11-05;772.0
1986-11-06;813.0
1986-11-06;820.0
1986-11-06;806.0
1986-11-06;813.0
1986-11-07;837.0
1986-11-07;835.0
1986-11-07;838.0
1986-11-07;837.0
1986-11-08;855.0
1986-11-08;863.0
1986-11-08;855.0
1986-11-08;847.0
1986-11-09;871.0
1986-11-09;870.0
1986-11-09;871.0
1986-11-09;871.0
1986-11-10;870.0
1986-11-10;870.0
1986-11-10;870.0
1986-11-10;870.0
1986-11-11;863.0
1986-11-11;865.0
1986-11-11;863.0
1986-11-11;861.0
1986-11-12;852.0
1986-11-12;855.0
1986-11-12;854.0
1986-11-12;854.0
1986-11-13;858.0
1986-11-13;858.0
1986-11-13;861.0
1986-11-13;855.0
1986-11-14;875.0
1986-11-14;879.0
1986-11-14;870.0
1986-11-14;875.0
1986-11-15;885.0
1986-11-15;887.0
1986-11-15;887.0
1986-11-15;888.0
1986-11-16;890.0
1986-11-16;892.0
1986-11-16;891.0
1986-11-16;891.0
1986-11-17;892.0
1986-11-17;892.0
1986-11-17;892.0
1986-11-17;892.0
1986-11-18;899.0
1986-11-18;899.0
1986-11-18;894.0
1986-11-18;904.0
1986-11-19;917.0
1986-11-19;919.0
1986-11-19;917.0
1986-11-19;914.0
1986-11-20;922.0
1986-11-20;922.0
1986-11-20;921.0
1986-11-20;922.0
1986-11-21;913.0
1986-11-21;916.0
1986-11-21;910.0
1986-11-21;913.0
1986-11-22;905.0
1986-11-22;903.0
1986-11-22;901.0
1986-11-22;903.0
1986-11-23;912.0
1986-11-23;928.0
1986-11-23;896.0
1986-11-23;912.0
1986-11-24;941.0
1986-11-24;936.0
1986-11-24;939.0
1986-11-24;939.0
1986-11-25;926.0
1986-11-25;922.0
1986-11-25;929.0
1986-11-25;926.0
1986-11-26;906.0
1986-11-26;911.0
1986-11-26;916.0
1986-11-26;911.0
1986-11-27;888.0
1986-11-27;894.0
1986-11-27;882.0
1986-11-27;888.0
1986-11-28;860.0
1986-11-28;854.0
1986-11-28;865.0
1986-11-28;860.0
1986-11-29;833.0
1986-11-29;838.0
1986-11-29;833.0
1986-11-29;827.0
1986-11-30;810.0
1986-11-30;805.0
1986-11-30;810.0
1986-11-30;814.0
1986-12-01;790.0
1986-12-01;786.0
1986-12-01;794.0
1986-12-01;790.0
1986-12-02;776.0
1986-12-02;770.0
1986-12-02;773.0
1986-12-02;773.0
1986-12-03;760.0
1986-12-03;756.0
1986-12-03;758.0
1986-12-03;758.0
1986-12-04;743.0
1986-12-04;740.0
1986-12-04;742.0
1986-12-04;742.0
1986-12-05;744.0
1986-12-05;745.0
1986-12-05;742.0
1986-12-05;744.0
1986-12-06;748.0
1986-12-06;749.0
1986-12-06;750.0
1986-12-06;749.0
1986-12-07;750.0
1986-12-07;749.0
1986-12-07;750.0
1986-12-07;750.0
1986-12-08;742.0
1986-12-08;740.0
1986-12-08;744.0
1986-12-08;742.0
1986-12-09;742.0
1986-12-09;735.0
1986-12-09;728.0
1986-12-09;735.0
1986-12-10;722.0
1986-12-10;723.0
1986-12-10;720.0
1986-12-10;722.0
1986-12-11;723.0
1986-12-11;725.0
1986-12-11;720.0
1986-12-11;723.0
1986-12-12;730.0
1986-12-12;734.0
1986-12-12;734.0
1986-12-12;737.0
1986-12-13;746.0
1986-12-13;751.0
1986-12-13;751.0
1986-12-13;756.0
1986-12-14;787.0
1986-12-14;781.0
1986-12-14;775.0
1986-12-14;781.0
1986-12-15;795.0
1986-12-15;795.0
1986-12-15;794.0
1986-12-15;725.0
1986-12-16;793.0
1986-12-16;793.0
1986-12-16;792.0
1986-12-16;794.0
1986-12-17;792.0
1986-12-17;793.0
1986-12-17;793.0
1986-12-17;793.0
1986-12-18;785.0
1986-12-18;788.0
1986-12-18;790.0
1986-12-18;788.0
1986-12-19;764.0
1986-12-19;758.0
1986-12-19;770.0
1986-12-19;764.0
1986-12-20;738.0
1986-12-20;738.0
1986-12-20;733.0
1986-12-20;742.0
1986-12-21;715.0
1986-12-21;710.0
1986-12-21;715.0
1986-12-21;720.0
1986-12-22;699.0
1986-12-22;701.0
1986-12-22;703.0
1986-12-22;701.0
1986-12-23;700.0
1986-12-23;699.0
1986-12-23;700.0
1986-12-23;700.0
1986-12-24;708.0
1986-12-24;711.0
1986-12-24;711.0
1986-12-24;713.0
1986-12-25;723.0
1986-12-25;725.0
1986-12-25;723.0
1986-12-25;720.0
1986-12-26;734.0
1986-12-26;733.0
1986-12-26;735.0
1986-12-26;734.0
1986-12-27;732.0
1986-12-27;735.0
1986-12-27;732.0
1986-12-27;729.0
1986-12-28;712.0
1986-12-28;703.0
1986-12-28;712.0
1986-12-28;720.0
1986-12-29;700.0
1986-12-29;700.0
1986-12-29;701.0
1986-12-29;698.0
1986-12-30;703.0
1986-12-30;702.0
1986-12-30;702.0
1986-12-30;701.0
1986-12-31;703.0
1986-12-31;703.0
1986-12-31;703.0
1986-12-31;703.0
1987-01-01;704.0
1987-01-01;706.0
1987-01-01;701.0
1987-01-01;704.0
1987-01-02;699.0
1987-01-02;699.0
1987-01-02;699.0
1987-01-02;699.0
1987-01-03;697.0
1987-01-03;699.0
1987-01-03;695.0
1987-01-03;697.0
1987-01-04;690.0
1987-01-04;690.0
1987-01-04;688.0
1987-01-04;692.0
1987-01-05;678.0
1987-01-05;680.0
1987-01-05;675.0
1987-01-05;678.0
1987-01-06;655.0
1987-01-06;658.0
1987-01-06;660.0
1987-01-06;658.0
1987-01-07;654.0
1987-01-07;654.0
1987-01-07;656.0
1987-01-07;652.0
1987-01-08;644.0
1987-01-08;631.0
1987-01-08;638.0
1987-01-08;691.0
1987-01-09;624.0
1987-01-09;624.0
1987-01-09;628.0
1987-01-09;620.0
1987-01-10;615.0
1987-01-10;615.0
1987-01-10;615.0
1987-01-10;615.0
1987-01-11;615.0
1987-01-11;615.0
1987-01-11;615.0
1987-01-11;615.0
1987-01-12;604.0
1987-01-12;607.0
1987-01-12;606.0
1987-01-12;606.0
1987-01-13;598.0
1987-01-13;598.0
1987-01-13;598.0
1987-01-13;598.0
1987-01-14;590.0
1987-01-14;590.0
1987-01-14;590.0
1987-01-14;590.0
1987-01-15;581.0
1987-01-15;583.0
1987-01-15;578.0
1987-01-15;581.0
1987-01-16;577.0
1987-01-16;578.0
1987-01-16;576.0
1987-01-16;577.0
1987-01-17;597.0
1987-01-17;590.0
1987-01-17;597.0
1987-01-17;603.0
1987-01-18;637.0
1987-01-18;628.0
1987-01-18;646.0
1987-01-18;637.0
1987-01-19;672.0
1987-01-19;683.0
1987-01-19;672.0
1987-01-19;660.0
1987-01-20;697.0
1987-01-20;699.0
1987-01-20;701.0
1987-01-20;699.0
1987-01-21;695.0
1987-01-21;701.0
1987-01-21;698.0
1987-01-21;698.0
1987-01-22;685.0
1987-01-22;687.0
1987-01-22;683.0
1987-01-22;685.0
1987-01-23;667.0
1987-01-23;662.0
1987-01-23;662.0
1987-01-23;657.0
1987-01-24;648.0
1987-01-24;638.0
1987-01-24;643.0
1987-01-24;643.0
1987-01-25;633.0
1987-01-25;633.0
1987-01-25;635.0
1987-01-25;630.0
1987-01-26;635.0
1987-01-26;633.0
1987-01-26;636.0
1987-01-26;635.0
1987-01-27;640.0
1987-01-27;640.0
1987-01-27;640.0
1987-01-27;640.0
1987-01-28;640.0
1987-01-28;640.0
1987-01-28;640.0
1987-01-28;640.0
1987-01-29;641.0
1987-01-29;641.0
1987-01-29;640.0
1987-01-29;642.0
1987-01-30;671.0
1987-01-30;671.0
1987-01-30;682.0
1987-01-30;660.0
1987-01-31;705.0
1987-01-31;709.0
1987-01-31;709.0
1987-01-31;713.0
1987-02-01;729.0
1987-02-01;728.0
1987-02-01;729.0
1987-02-01;730.0
1987-02-02;718.0
1987-02-02;722.0
1987-02-02;722.0
1987-02-02;726.0
1987-02-03;686.0
1987-02-03;694.0
1987-02-03;701.0
1987-02-03;694.0
1987-02-04;650.0
1987-02-04;666.0
1987-02-04;658.0
1987-02-04;658.0
1987-02-05;621.0
1987-02-05;627.0
1987-02-05;644.0
1987-02-05;621.0
1987-02-06;602.0
1987-02-06;599.0
1987-02-06;605.0
1987-02-06;602.0
1987-02-07;592.0
1987-02-07;592.0
1987-02-07;591.0
1987-02-07;592.0
1987-02-08;592.0
1987-02-08;591.0
1987-02-08;592.0
1987-02-08;592.0
1987-02-09;590.0
1987-02-09;588.0
1987-02-09;590.0
1987-02-09;591.0
1987-02-10;581.0
1987-02-10;580.0
1987-02-10;582.0
1987-02-10;581.0
1987-02-11;591.0
1987-02-11;585.0
1987-02-11;591.0
1987-02-11;596.0
1987-02-12;628.0
1987-02-12;614.0
1987-02-12;621.0
1987-02-12;621.0
1987-02-13;635.0
1987-02-13;639.0
1987-02-13;639.0
1987-02-13;643.0
1987-02-14;657.0
1987-02-14;661.0
1987-02-14;657.0
1987-02-14;653.0
1987-02-15;702.0
1987-02-15;708.0
1987-02-15;696.0
1987-02-15;702.0
1987-02-16;736.0
1987-02-16;724.0
1987-02-16;730.0
1987-02-16;730.0
1987-02-17;755.0
1987-02-17;758.0
1987-02-17;751.0
1987-02-17;755.0
1987-02-18;759.0
1987-02-18;760.0
1987-02-18;757.0
1987-02-18;759.0
1987-02-19;754.0
1987-02-19;754.0
1987-02-19;754.0
1987-02-19;754.0
1987-02-20;757.0
1987-02-20;757.0
1987-02-20;757.0
1987-02-20;756.0
1987-02-21;755.0
1987-02-21;755.0
1987-02-21;759.0
1987-02-21;751.0
1987-02-22;738.0
1987-02-22;739.0
1987-02-22;739.0
1987-02-22;739.0
1987-02-23;715.0
1987-02-23;717.0
1987-02-23;712.0
1987-02-23;715.0
1987-02-24;707.0
1987-02-24;709.0
1987-02-24;708.0
1987-02-24;708.0
1987-02-25;709.0
1987-02-25;709.0
1987-02-25;709.0
1987-02-25;709.0
1987-02-26;714.0
1987-02-26;720.0
1987-02-26;717.0
1987-02-26;717.0
1987-02-27;732.0
1987-02-27;732.0
1987-02-27;735.0
1987-02-27;728.0
1987-02-28;738.0
1987-02-28;739.0
1987-02-28;736.0
1987-02-28;738.0
1987-03-01;733.0
1987-03-01;730.0
1987-03-01;733.0
1987-03-01;735.0
1987-03-02;725.0
1987-03-02;725.0
1987-03-02;725.0
1987-03-02;725.0
1987-03-03;723.0
1987-03-03;723.0
1987-03-03;723.0
1987-03-03;723.0
1987-03-04;732.0
1987-03-04;729.0
1987-03-04;731.0
1987-03-04;731.0
1987-03-05;742.0
1987-03-05;742.0
1987-03-05;744.0
1987-03-05;740.0
1987-03-06;745.0
1987-03-06;746.0
1987-03-06;744.0
1987-03-06;745.0
1987-03-07;746.0
1987-03-07;744.0
1987-03-07;747.0
1987-03-07;746.0
1987-03-08;762.0
1987-03-08;765.0
1987-03-08;762.0
1987-03-08;758.0
1987-03-09;770.0
1987-03-09;769.0
1987-03-09;770.0
1987-03-09;770.0
1987-03-10;761.0
1987-03-10;761.0
1987-03-10;757.0
1987-03-10;765.0
1987-03-11;732.0
1987-03-11;744.0
1987-03-11;738.0
1987-03-11;738.0
1987-03-12;713.0
1987-03-12;710.0
1987-03-12;716.0
1987-03-12;713.0
1987-03-13;694.0
1987-03-13;699.0
1987-03-13;694.0
1987-03-13;688.0
1987-03-14;672.0
1987-03-14;667.0
1987-03-14;676.0
1987-03-14;672.0
1987-03-15;656.0
1987-03-15;653.0
1987-03-15;658.0
1987-03-15;656.0
1987-03-16;644.0
1987-03-16;641.0
1987-03-16;646.0
1987-03-16;644.0
1987-03-17;640.0
1987-03-17;640.0
1987-03-17;641.0
1987-03-17;638.0
1987-03-18;643.0
1987-03-18;641.0
1987-03-18;644.0
1987-03-18;643.0
1987-03-19;641.0
1987-03-19;641.0
1987-03-19;640.0
1987-03-19;641.0
1987-03-20;639.0
1987-03-20;639.0
1987-03-20;639.0
1987-03-20;639.0
1987-03-21;636.0
1987-03-21;638.0
1987-03-21;636.0
1987-03-21;634.0
1987-03-22;641.0
1987-03-22;656.0
1987-03-22;671.0
1987-03-22;656.0
1987-03-23;695.0
1987-03-23;695.0
1987-03-23;692.0
1987-03-23;697.0
1987-03-24;695.0
1987-03-24;697.0
1987-03-24;692.0
1987-03-24;695.0
1987-03-25;678.0
1987-03-25;687.0
1987-03-25;668.0
1987-03-25;678.0
1987-03-26;658.0
1987-03-26;638.0
1987-03-26;648.0
1987-03-26;648.0
1987-03-27;620.0
1987-03-27;624.0
1987-03-27;622.0
1987-03-27;622.0
1987-03-28;615.0
1987-03-28;613.0
1987-03-28;616.0
1987-03-28;615.0
1987-03-29;609.0
1987-03-29;607.0
1987-03-29;609.0
1987-03-29;611.0
1987-03-30;602.0
1987-03-30;602.0
1987-03-30;599.0
1987-03-30;604.0
1987-03-31;594.0
1987-03-31;596.0
1987-03-31;594.0
1987-03-31;592.0
1987-04-01;593.0
1987-04-01;593.0
1987-04-02;599.0
1987-04-02;599.0
1987-04-03;606.0
1987-04-03;606.0
1987-04-04;613.0
1987-04-04;613.0
1987-04-05;630.0
1987-04-05;630.0
1987-04-06;638.0
1987-04-06;638.0
1987-04-07;635.0
1987-04-07;635.0
1987-04-08;624.0
1987-04-08;624.0
1987-04-09;619.0
1987-04-09;619.0
1987-04-10;622.0
1987-04-10;622.0
1987-04-11;645.0
1987-04-11;645.0
1987-04-12;674.0
1987-04-12;674.0
1987-04-13;694.0
1987-04-13;694.0
1987-04-14;698.0
1987-04-14;698.0
1987-04-15;687.0
1987-04-15;687.0
1987-04-16;662.0
1987-04-16;662.0
1987-04-17;653.0
1987-04-17;653.0
1987-04-18;675.0
1987-04-18;675.0
1987-04-19;716.0
1987-04-19;716.0
1987-04-20;728.0
1987-04-20;728.0
1987-04-21;740.0
1987-04-21;740.0
1987-04-22;741.0
1987-04-22;741.0
1987-04-23;733.0
1987-04-23;733.0
1987-04-24;729.0
1987-04-24;729.0
1987-04-25;739.0
1987-04-25;739.0
1987-04-26;794.0
1987-04-26;794.0
1987-04-27;842.0
1987-04-27;842.0
1987-04-28;862.0
1987-04-28;862.0
1987-04-29;888.0
1987-04-29;888.0
1987-04-30;930.0
1987-04-30;930.0
1987-05-01;949.0
1987-05-01;949.0
1987-05-02;959.0
1987-05-02;959.0
1987-05-03;956.0
1987-05-03;956.0
1987-05-04;943.0
1987-05-04;943.0
1987-05-05;920.0
1987-05-05;920.0
1987-05-06;896.0
1987-05-06;896.0
1987-05-07;877.0
1987-05-07;877.0
1987-05-08;863.0
1987-05-08;863.0
1987-05-09;869.0
1987-05-09;869.0
1987-05-10;878.0
1987-05-10;878.0
1987-05-11;899.0
1987-05-11;899.0
1987-05-12;914.0
1987-05-12;914.0
1987-05-13;943.0
1987-05-13;943.0
1987-05-14;952.0
1987-05-14;952.0
1987-05-15;952.0
1987-05-15;952.0
1987-05-16;946.0
1987-05-16;946.0
1987-05-17;946.0
1987-05-17;946.0
1987-05-18;929.0
1987-05-18;929.0
1987-05-19;910.0
1987-05-19;910.0
1987-05-20;900.0
1987-05-20;900.0
1987-05-21;892.0
1987-05-21;892.0
1987-05-22;882.0
1987-05-22;882.0
1987-05-23;866.0
1987-05-23;866.0
1987-05-24;860.0
1987-05-24;860.0
1987-05-25;887.0
1987-05-25;887.0
1987-05-26;931.0
1987-05-26;931.0
1987-05-27;949.0
1987-05-27;949.0
1987-05-28;939.0
1987-05-28;939.0
1987-05-29;912.0
1987-05-29;912.0
1987-05-30;886.0
1987-05-30;886.0
1987-05-31;862.0
1987-05-31;862.0
1987-06-01;845.0
1987-06-01;845.0
1987-06-02;847.0
1987-06-02;847.0
1987-06-03;847.0
1987-06-03;847.0
1987-06-04;843.0
1987-06-04;843.0
1987-06-05;829.0
1987-06-05;829.0
1987-06-06;813.0
1987-06-06;813.0
1987-06-07;801.0
1987-06-07;801.0
1987-06-08;803.0
1987-06-08;803.0
1987-06-09;818.0
1987-06-09;818.0
1987-06-10;846.0
1987-06-10;846.0
1987-06-11;885.0
1987-06-11;885.0
1987-06-12;909.0
1987-06-12;909.0
1987-06-13;936.0
1987-06-13;936.0
1987-06-14;967.0
1987-06-14;967.0
1987-06-15;987.0
1987-06-15;987.0
1987-06-16;1013.0
1987-06-16;1013.0
1987-06-17;1018.0
1987-06-17;1018.0
1987-06-18;1012.0
1987-06-18;1012.0
1987-06-19;990.0
1987-06-19;990.0
1987-06-20;963.0
1987-06-20;963.0
1987-06-21;931.0
1987-06-21;931.0
1987-06-22;902.0
1987-06-22;902.0
1987-06-23;877.0
1987-06-23;877.0
1987-06-24;860.0
1987-06-24;860.0
1987-06-25;853.0
1987-06-25;853.0
1987-06-26;859.0
1987-06-26;859.0
1987-06-27;866.0
1987-06-27;866.0
1987-06-28;869.0
1987-06-28;869.0
1987-06-29;870.0
1987-06-29;870.0
1987-06-30;866.0
1987-06-30;866.0
1987-07-01;875.0
1987-07-01;875.0
1987-07-02;874.0
1987-07-02;874.0
1987-07-03;873.0
1987-07-03;873.0
1987-07-04;875.0
1987-07-04;875.0
1987-07-05;880.0
1987-07-05;880.0
1987-07-06;900.0
1987-07-06;900.0
1987-07-07;917.0
1987-07-07;917.0
1987-07-08;923.0
1987-07-08;923.0
1987-07-09;924.0
1987-07-09;924.0
1987-07-10;942.0
1987-07-10;942.0
1987-07-11;952.0
1987-07-11;952.0
1987-07-12;947.0
1987-07-12;947.0
1987-07-13;942.0
1987-07-13;942.0
1987-07-14;948.0
1987-07-14;948.0
1987-07-15;962.0
1987-07-15;962.0
1987-07-16;978.0
1987-07-16;978.0
1987-07-17;993.0
1987-07-17;993.0
1987-07-18;995.0
1987-07-18;995.0
1987-07-19;986.0
1987-07-19;986.0
1987-07-20;974.0
1987-07-20;974.0
1987-07-21;963.0
1987-07-21;963.0
1987-07-22;960.0
1987-07-22;960.0
1987-07-23;970.0
1987-07-23;970.0
1987-07-24;977.0
1987-07-24;977.0
1987-07-25;980.0
1987-07-25;980.0
1987-07-26;977.0
1987-07-26;977.0
1987-07-27;970.0
1987-07-27;970.0
1987-07-28;968.0
1987-07-28;968.0
1987-07-29;968.0
1987-07-29;968.0
1987-07-30;967.0
1987-07-30;967.0
1987-07-31;973.0
1987-07-31;973.0
1987-08-01;989.0
1987-08-01;989.0
1987-08-02;993.0
1987-08-02;993.0
1987-08-03;988.0
1987-08-03;988.0
1987-08-04;969.0
1987-08-04;969.0
1987-08-05;954.0
1987-08-05;954.0
1987-08-06;936.0
1987-08-06;936.0
1987-08-07;922.0
1987-08-07;922.0
1987-08-08;924.0
1987-08-08;924.0
1987-08-09;917.0
1987-08-09;917.0
1987-08-10;911.0
1987-08-10;911.0
1987-08-11;904.0
1987-08-11;904.0
1987-08-12;890.0
1987-08-12;890.0
1987-08-13;876.0
1987-08-13;876.0
1987-08-14;860.0
1987-08-14;860.0
1987-08-15;851.0
1987-08-15;851.0
1987-08-16;849.0
1987-08-16;849.0
1987-08-17;851.0
1987-08-17;851.0
1987-08-18;868.0
1987-08-18;868.0
1987-08-19;876.0
1987-08-19;876.0
1987-08-20;896.0
1987-08-20;896.0
1987-08-21;923.0
1987-08-21;923.0
1987-08-22;924.0
1987-08-22;924.0
1987-08-23;908.0
1987-08-23;908.0
1987-08-24;891.0
1987-08-24;891.0
1987-08-25;908.0
1987-08-25;908.0
1987-08-26;928.0
1987-08-26;928.0
1987-08-27;941.0
1987-08-27;941.0
1987-08-28;935.0
1987-08-28;935.0
1987-08-29;923.0
1987-08-29;923.0
1987-08-30;913.0
1987-08-30;913.0
1987-08-31;912.0
1987-08-31;912.0
1987-09-01;922.0
1987-09-01;922.0
1987-09-02;927.0
1987-09-02;927.0
1987-09-03;930.0
1987-09-03;930.0
1987-09-04;923.0
1987-09-04;923.0
1987-09-05;915.0
1987-09-05;915.0
1987-09-06;910.0
1987-09-06;910.0
1987-09-07;903.0
1987-09-07;904.0
1987-09-08;893.0
1987-09-08;901.0
1987-09-09;896.0
1987-09-09;875.0
1987-09-10;846.0
1987-09-10;886.0
1987-09-11;814.0
1987-09-11;873.0
1987-09-12;800.0
1987-09-12;850.0
1987-09-13;826.0
1987-09-13;798.0
1987-09-14;805.0
1987-09-14;810.0
1987-09-15;822.0
1987-09-15;792.0
1987-09-16;820.0
1987-09-16;791.0
1987-09-17;794.0
1987-09-17;814.0
1987-09-18;812.0
1987-09-18;797.0
1987-09-19;810.0
1987-09-19;796.0
1987-09-20;795.0
1987-09-20;821.0
1987-09-21;795.0
1987-09-21;848.0
1987-09-22;852.0
1987-09-22;797.0
1987-09-23;856.0
1987-09-23;800.0
1987-09-24;865.0
1987-09-24;800.0
1987-09-25;865.0
1987-09-25;801.0
1987-09-26;811.0
1987-09-26;870.0
1987-09-27;893.0
1987-09-27;830.0
1987-09-28;913.0
1987-09-28;849.0
1987-09-29;857.0
1987-09-29;910.0
1987-09-30;911.0
1987-09-30;866.0
1987-10-01;917.0
1987-10-01;871.0
1987-10-02;911.0
1987-10-02;873.0
1987-10-03;873.0
1987-10-03;897.0
1987-10-04;868.0
1987-10-04;895.0
1987-10-05;864.0
1987-10-05;891.0
1987-10-06;862.0
1987-10-06;871.0
1987-10-07;861.0
1987-10-07;851.0
1987-10-08;818.0
1987-10-08;853.0
1987-10-09;805.0
1987-10-09;842.0
1987-10-10;832.0
1987-10-10;812.0
1987-10-11;824.0
1987-10-11;828.0
1987-10-12;832.0
1987-10-12;821.0
1987-10-13;817.0
1987-10-13;821.0
1987-10-14;819.0
1987-10-14;796.0
1987-10-15;776.0
1987-10-15;806.0
1987-10-16;763.0
1987-10-16;784.0
1987-10-17;760.0
1987-10-17;743.0
1987-10-18;738.0
1987-10-18;733.0
1987-10-19;718.0
1987-10-19;733.0
1987-10-20;742.0
1987-10-20;701.0
1987-10-21;739.0
1987-10-21;694.0
1987-10-22;690.0
1987-10-22;746.0
1987-10-23;686.0
1987-10-23;754.0
1987-10-24;686.0
1987-10-24;776.0
1987-10-25;795.0
1987-10-25;694.0
1987-10-26;715.0
1987-10-26;793.0
1987-10-27;731.0
1987-10-27;781.0
1987-10-28;763.0
1987-10-28;739.0
1987-10-29;740.0
1987-10-29;745.0
1987-10-30;736.0
1987-10-30;734.0
1987-10-31;726.0
1987-10-31;742.0
1987-11-01;745.0
1987-11-01;718.0
1987-11-02;734.0
1987-11-02;715.0
1987-11-03;712.0
1987-11-03;712.0
1987-11-04;702.0
1987-11-04;694.0
1987-11-05;683.0
1987-11-05;678.0
1987-11-06;677.0
1987-11-06;662.0
1987-11-07;649.0
1987-11-07;692.0
1987-11-08;647.0
1987-11-08;705.0
1987-11-09;654.0
1987-11-09;718.0
1987-11-10;656.0
1987-11-10;720.0
1987-11-11;657.0
1987-11-11;719.0
1987-11-12;661.0
1987-11-12;712.0
1987-11-13;670.0
1987-11-13;699.0
1987-11-14;684.0
1987-11-14;680.0
1987-11-15;673.0
1987-11-15;663.0
1987-11-16;663.0
1987-11-16;651.0
1987-11-17;650.0
1987-11-17;647.0
1987-11-18;640.0
1987-11-18;635.0
1987-11-19;634.0
1987-11-19;628.0
1987-11-20;641.0
1987-11-20;623.0
1987-11-21;668.0
1987-11-21;619.0
1987-11-22;689.0
1987-11-22;619.0
1987-11-23;700.0
1987-11-23;633.0
1987-11-24;646.0
1987-11-24;698.0
1987-11-25;687.0
1987-11-25;664.0
1987-11-26;670.0
1987-11-26;674.0
1987-11-27;667.0
1987-11-27;661.0
1987-11-28;651.0
1987-11-28;662.0
1987-11-29;643.0
1987-11-29;647.0
1987-11-30;637.0
1987-11-30;644.0
1987-12-01;640.0
1987-12-01;631.0
1987-12-02;632.0
1987-12-02;631.0
1987-12-03;625.0
1987-12-03;638.0
1987-12-04;643.0
1987-12-04;619.0
1987-12-05;628.0
1987-12-05;646.0
1987-12-06;640.0
1987-12-06;648.0
1987-12-07;643.0
1987-12-07;649.0
1987-12-08;641.0
1987-12-08;654.0
1987-12-09;654.0
1987-12-09;634.0
1987-12-10;629.0
1987-12-10;649.0
1987-12-11;644.0
1987-12-11;624.0
1987-12-12;618.0
1987-12-12;637.0
1987-12-13;610.0
1987-12-13;629.0
1987-12-14;600.0
1987-12-14;622.0
1987-12-15;622.0
1987-12-15;591.0
1987-12-16;585.0
1987-12-16;631.0
1987-12-17;587.0
1987-12-17;627.0
1987-12-18;591.0
1987-12-18;621.0
1987-12-19;619.0
1987-12-19;590.0
1987-12-20;589.0
1987-12-20;621.0
1987-12-21;594.0
1987-12-21;635.0
1987-12-22;607.0
1987-12-22;649.0
1987-12-23;619.0
1987-12-23;652.0
1987-12-24;649.0
1987-12-24;631.0
1987-12-25;648.0
1987-12-25;640.0
1987-12-26;646.0
1987-12-26;653.0
1987-12-27;648.0
1987-12-27;651.0
1987-12-28;633.0
1987-12-28;656.0
1987-12-29;621.0
1987-12-29;660.0
1987-12-30;664.0
1987-12-30;627.0
1987-12-31;675.0
1987-12-31;625.0
1988-01-01;614.0
1988-01-01;683.0
1988-01-02;597.0
1988-01-02;684.0
1988-01-03;567.0
1988-01-03;676.0
1988-01-04;660.0
1988-01-04;542.0
1988-01-05;641.0
1988-01-05;523.0
1988-01-06;509.0
1988-01-06;624.0
1988-01-07;503.0
1988-01-07;608.0
1988-01-08;599.0
1988-01-08;518.0
1988-01-09;607.0
1988-01-09;544.0
1988-01-10;557.0
1988-01-10;613.0
1988-01-11;549.0
1988-01-11;627.0
1988-01-12;631.0
1988-01-12;530.0
1988-01-13;500.0
1988-01-13;622.0
1988-01-14;479.0
1988-01-14;610.0
1988-01-15;595.0
1988-01-15;464.0
1988-01-16;457.0
1988-01-16;576.0
1988-01-17;554.0
1988-01-17;454.0
1988-01-18;460.0
1988-01-18;537.0
1988-01-19;529.0
1988-01-19;469.0
1988-01-20;523.0
1988-01-20;467.0
1988-01-21;462.0
1988-01-21;518.0
1988-01-22;456.0
1988-01-22;520.0
1988-01-23;452.0
1988-01-23;521.0
1988-01-24;456.0
1988-01-24;520.0
1988-01-25;454.0
1988-01-25;517.0
1988-01-26;515.0
1988-01-26;455.0
1988-01-27;449.0
1988-01-27;512.0
1988-01-28;510.0
1988-01-28;441.0
1988-01-29;507.0
1988-01-29;442.0
1988-01-30;507.0
1988-01-30;472.0
1988-01-31;500.0
1988-01-31;497.0
1988-02-01;510.0
1988-02-01;503.0
1988-02-02;514.0
1988-02-02;508.0
1988-02-03;519.0
1988-02-03;524.0
1988-02-04;530.0
1988-02-04;528.0
1988-02-05;539.0
1988-02-05;527.0
1988-02-06;529.0
1988-02-06;547.0
1988-02-07;553.0
1988-02-07;545.0
1988-02-08;571.0
1988-02-08;565.0
1988-02-09;575.0
1988-02-09;581.0
1988-02-10;596.0
1988-02-10;571.0
1988-02-11;607.0
1988-02-11;561.0
1988-02-12;609.0
1988-02-12;570.0
1988-02-13;607.0
1988-02-13;590.0
1988-02-14;602.0
1988-02-14;609.0
1988-02-15;615.0
1988-02-15;605.0
1988-02-16;624.0
1988-02-16;605.0
1988-02-17;602.0
1988-02-17;627.0
1988-02-18;597.0
1988-02-18;626.0
1988-02-19;587.0
1988-02-19;624.0
1988-02-20;619.0
1988-02-20;572.0
1988-02-21;557.0
1988-02-21;607.0
1988-02-22;595.0
1988-02-22;545.0
1988-02-23;566.0
1988-02-23;586.0
1988-02-24;586.0
1988-02-24;571.0
1988-02-25;589.0
1988-02-25;557.0
1988-02-26;589.0
1988-02-26;541.0
1988-02-27;582.0
1988-02-27;534.0
1988-02-28;521.0
1988-02-28;568.0
1988-02-29;513.0
1988-02-29;550.0
1988-03-01;532.0
1988-03-01;508.0
1988-03-02;491.0
1988-03-02;518.0
1988-03-03;510.0
1988-03-03;474.0
1988-03-04;458.0
1988-03-04;500.0
1988-03-05;488.0
1988-03-05;445.0
1988-03-06;478.0
1988-03-06;434.0
1988-03-07;427.0
1988-03-07;469.0
1988-03-08;459.0
1988-03-08;419.0
1988-03-09;413.0
1988-03-09;452.0
1988-03-10;445.0
1988-03-10;408.0
1988-03-11;403.0
1988-03-11;442.0
1988-03-12;436.0
1988-03-12;398.0
1988-03-13;396.0
1988-03-13;429.0
1988-03-14;396.0
1988-03-14;426.0
1988-03-15;397.0
1988-03-15;425.0
1988-03-16;396.0
1988-03-16;422.0
1988-03-17;393.0
1988-03-17;418.0
1988-03-18;412.0
1988-03-18;389.0
1988-03-19;383.0
1988-03-19;411.0
1988-03-20;410.0
1988-03-20;380.0
1988-03-21;377.0
1988-03-21;410.0
1988-03-22;375.0
1988-03-22;407.0
1988-03-23;403.0
1988-03-23;372.0
1988-03-24;399.0
1988-03-24;371.0
1988-03-25;396.0
1988-03-25;370.0
1988-03-26;394.0
1988-03-26;373.0
1988-03-27;373.0
1988-03-27;392.0
1988-03-28;394.0
1988-03-28;394.0
1988-03-29;398.0
1988-03-29;425.0
1988-03-30;441.0
1988-03-30;408.0
1988-03-31;443.0
1988-03-31;423.0
1988-04-01;436.0
1988-04-01;450.0
1988-04-02;465.0
1988-04-02;430.0
1988-04-03;472.0
1988-04-03;445.0
1988-04-04;485.0
1988-04-04;483.0
1988-04-05;513.0
1988-04-05;500.0
1988-04-06;538.0
1988-04-06;538.0
1988-04-07;563.0
1988-04-07;563.0
1988-04-08;568.0
1988-04-08;568.0
1988-04-09;580.0
1988-04-09;580.0
1988-04-10;619.0
1988-04-10;619.0
1988-04-11;708.0
1988-04-11;708.0
1988-04-12;777.0
1988-04-12;777.0
1988-04-13;815.0
1988-04-13;815.0
1988-04-14;824.0
1988-04-14;824.0
1988-04-15;866.0
1988-04-15;866.0
1988-04-16;885.0
1988-04-16;885.0
1988-04-17;878.0
1988-04-17;878.0
1988-04-18;850.0
1988-04-18;850.0
1988-04-19;812.0
1988-04-19;812.0
1988-04-20;781.0
1988-04-20;781.0
1988-04-21;750.0
1988-04-21;750.0
1988-04-22;745.0
1988-04-22;745.0
1988-04-23;736.0
1988-04-23;736.0
1988-04-24;711.0
1988-04-24;711.0
1988-04-25;687.0
1988-04-25;687.0
1988-04-26;666.0
1988-04-26;666.0
1988-04-27;648.0
1988-04-27;648.0
1988-04-28;637.0
1988-04-28;637.0
1988-04-29;645.0
1988-04-29;645.0
1988-04-30;647.0
1988-04-30;647.0
1988-05-01;653.0
1988-05-01;653.0
1988-05-02;665.0
1988-05-02;665.0
1988-05-03;679.0
1988-05-03;679.0
1988-05-04;694.0
1988-05-04;694.0
1988-05-05;701.0
1988-05-05;701.0
1988-05-06;710.0
1988-05-06;710.0
1988-05-07;711.0
1988-05-07;711.0
1988-05-08;708.0
1988-05-08;708.0
1988-05-09;709.0
1988-05-09;709.0
1988-05-10;725.0
1988-05-10;725.0
1988-05-11;766.0
1988-05-11;766.0
1988-05-12;802.0
1988-05-12;802.0
1988-05-13;825.0
1988-05-13;825.0
1988-05-14;856.0
1988-05-14;856.0
1988-05-15;853.0
1988-05-15;853.0
1988-05-16;857.0
1988-05-16;857.0
1988-05-17;857.0
1988-05-17;857.0
1988-05-18;848.0
1988-05-18;848.0
1988-05-19;840.0
1988-05-19;840.0
1988-05-20;833.0
1988-05-20;833.0
1988-05-21;828.0
1988-05-21;828.0
1988-05-22;841.0
1988-05-22;841.0
1988-05-23;841.0
1988-05-23;841.0
1988-05-24;833.0
1988-05-24;833.0
1988-05-25;840.0
1988-05-25;840.0
1988-05-26;851.0
1988-05-26;851.0
1988-05-27;852.0
1988-05-27;852.0
1988-05-28;854.0
1988-05-28;854.0
1988-05-29;855.0
1988-05-29;855.0
1988-05-30;851.0
1988-05-30;851.0
1988-05-31;848.0
1988-05-31;848.0
1988-06-01;848.0
1988-06-01;848.0
1988-06-02;853.0
1988-06-02;853.0
1988-06-03;853.0
1988-06-03;853.0
1988-06-04;846.0
1988-06-04;846.0
1988-06-05;837.0
1988-06-05;837.0
1988-06-06;830.0
1988-06-06;830.0
1988-06-07;844.0
1988-06-07;844.0
1988-06-08;887.0
1988-06-08;887.0
1988-06-09;896.0
1988-06-09;896.0
1988-06-10;891.0
1988-06-10;891.0
1988-06-11;886.0
1988-06-11;886.0
1988-06-12;882.0
1988-06-12;882.0
1988-06-13;871.0
1988-06-13;871.0
1988-06-14;871.0
1988-06-14;871.0
1988-06-15;896.0
1988-06-15;896.0
1988-06-16;917.0
1988-06-16;917.0
1988-06-17;926.0
1988-06-17;926.0
1988-06-18;914.0
1988-06-18;914.0
1988-06-19;899.0
1988-06-19;899.0
1988-06-20;889.0
1988-06-20;889.0
1988-06-21;877.0
1988-06-21;877.0
1988-06-22;865.0
1988-06-22;865.0
1988-06-23;877.0
1988-06-23;877.0
1988-06-24;901.0
1988-06-24;901.0
1988-06-25;928.0
1988-06-25;928.0
1988-06-26;944.0
1988-06-26;944.0
1988-06-27;938.0
1988-06-27;938.0
1988-06-28;924.0
1988-06-28;924.0
1988-06-29;920.0
1988-06-29;920.0
1988-06-30;945.0
1988-06-30;945.0
1988-07-01;961.0
1988-07-01;961.0
1988-07-02;972.0
1988-07-02;972.0
1988-07-03;980.0
1988-07-03;980.0
1988-07-04;978.0
1988-07-04;978.0
1988-07-05;981.0
1988-07-05;981.0
1988-07-06;993.0
1988-07-06;993.0
1988-07-07;995.0
1988-07-07;995.0
1988-07-08;994.0
1988-07-08;994.0
1988-07-09;991.0
1988-07-09;991.0
1988-07-10;982.0
1988-07-10;982.0
1988-07-11;979.0
1988-07-11;979.0
1988-07-12;999.0
1988-07-12;999.0
1988-07-13;1031.0
1988-07-13;1031.0
1988-07-14;1057.0
1988-07-14;1057.0
1988-07-15;1068.0
1988-07-15;1068.0
1988-07-16;1067.0
1988-07-16;1067.0
1988-07-17;1057.0
1988-07-17;1057.0
1988-07-18;1049.0
1988-07-18;1049.0
1988-07-19;1033.0
1988-07-19;1033.0
1988-07-20;1029.0
1988-07-20;1029.0
1988-07-21;1033.0
1988-07-21;1033.0
1988-07-22;1028.0
1988-07-22;1028.0
1988-07-23;1022.0
1988-07-23;1023.0
1988-07-24;1045.0
1988-07-24;1028.0
1988-07-25;1060.0
1988-07-25;1032.0
1988-07-26;1064.0
1988-07-26;1037.0
1988-07-27;1062.0
1988-07-27;1043.0
1988-07-28;1045.0
1988-07-28;1050.0
1988-07-29;1019.0
1988-07-29;1044.0
1988-07-30;1007.0
1988-07-30;1039.0
1988-07-31;1028.0
1988-08-01;1014.0
1988-08-02;998.0
1988-08-03;988.0
1988-08-04;974.0
1988-08-05;959.0
1988-08-06;945.0
1988-08-07;930.0
1988-08-08;909.0
1988-08-09;885.0
1988-08-09;889.0
1988-08-10;884.0
1988-08-10;876.0
1988-08-11;877.0
1988-08-11;871.0
1988-08-12;870.0
1988-08-12;872.0
1988-08-13;866.0
1988-08-13;872.0
1988-08-14;861.0
1988-08-14;875.0
1988-08-15;857.0
1988-08-15;876.0
1988-08-16;877.0
1988-08-16;853.0
1988-08-17;881.0
1988-08-17;850.0
1988-08-18;850.0
1988-08-19;851.0
1988-08-20;857.0
1988-08-21;868.0
1988-08-22;887.0
1988-08-23;880.0
1988-08-23;880.0
1988-08-24;866.0
1988-08-24;866.0
1988-08-25;852.0
1988-08-25;852.0
1988-08-26;837.0
1988-08-26;837.0
1988-08-27;822.0
1988-08-27;822.0
1988-08-28;804.0
1988-08-28;804.0
1988-08-29;795.0
1988-08-29;795.0
1988-08-30;807.0
1988-08-30;807.0
1988-08-31;830.0
1988-08-31;830.0
1988-09-01;845.0
1988-09-01;845.0
1988-09-02;852.0
1988-09-02;852.0
1988-09-03;873.0
1988-09-03;873.0
1988-09-04;900.0
1988-09-04;900.0
1988-09-05;900.0
1988-09-05;900.0
1988-09-06;891.0
1988-09-06;891.0
1988-09-07;876.0
1988-09-07;876.0
1988-09-08;857.0
1988-09-08;857.0
1988-09-09;834.0
1988-09-09;834.0
1988-09-10;804.0
1988-09-10;804.0
1988-09-11;778.0
1988-09-11;778.0
1988-09-12;764.0
1988-09-12;764.0
1988-09-13;766.0
1988-09-13;766.0
1988-09-14;759.0
1988-09-14;759.0
1988-09-15;741.0
1988-09-15;741.0
1988-09-16;720.0
1988-09-16;720.0
1988-09-17;713.0
1988-09-17;713.0
1988-09-18;727.0
1988-09-18;727.0
1988-09-19;743.0
1988-09-19;743.0
1988-09-20;737.0
1988-09-20;737.0
1988-09-21;727.0
1988-09-21;727.0
1988-09-22;726.0
1988-09-22;726.0
1988-09-23;729.0
1988-09-23;729.0
1988-09-24;725.0
1988-09-24;725.0
1988-09-25;710.0
1988-09-25;710.0
1988-09-26;695.0
1988-09-26;695.0
1988-09-27;683.0
1988-09-27;683.0
1988-09-28;680.0
1988-09-28;680.0
1988-09-29;681.0
1988-09-29;681.0
1988-09-30;680.0
1988-09-30;680.0
1988-10-01;680.0
1988-10-01;680.0
1988-10-02;676.0
1988-10-02;676.0
1988-10-03;667.0
1988-10-03;667.0
1988-10-04;658.0
1988-10-04;658.0
1988-10-05;651.0
1988-10-05;651.0
1988-10-06;647.0
1988-10-06;647.0
1988-10-07;645.0
1988-10-07;645.0
1988-10-08;647.0
1988-10-08;647.0
1988-10-09;665.0
1988-10-09;665.0
1988-10-10;678.0
1988-10-10;678.0
1988-10-11;685.0
1988-10-11;685.0
1988-10-12;719.0
1988-10-12;719.0
1988-10-13;753.0
1988-10-13;753.0
1988-10-14;771.0
1988-10-14;771.0
1988-10-15;778.0
1988-10-15;778.0
1988-10-16;779.0
1988-10-16;779.0
1988-10-17;776.0
1988-10-17;776.0
1988-10-18;767.0
1988-10-18;767.0
1988-10-19;756.0
1988-10-19;756.0
1988-10-20;743.0
1988-10-20;743.0
1988-10-21;745.0
1988-10-21;745.0
1988-10-22;778.0
1988-10-22;778.0
1988-10-23;785.0
1988-10-23;785.0
1988-10-24;769.0
1988-10-24;769.0
1988-10-25;746.0
1988-10-25;746.0
1988-10-26;705.0
1988-10-26;705.0
1988-10-27;672.0
1988-10-27;672.0
1988-10-28;661.0
1988-10-28;661.0
1988-10-29;671.0
1988-10-29;671.0
1988-10-30;668.0
1988-10-30;668.0
1988-10-31;655.0
1988-10-31;655.0
1988-11-01;674.0
1988-11-01;674.0
1988-11-02;675.0
1988-11-02;675.0
1988-11-03;661.0
1988-11-03;661.0
1988-11-04;643.0
1988-11-04;643.0
1988-11-05;628.0
1988-11-05;628.0
1988-11-06;624.0
1988-11-06;624.0
1988-11-07;622.0
1988-11-07;622.0
1988-11-08;628.0
1988-11-08;628.0
1988-11-09;653.0
1988-11-09;653.0
1988-11-10;670.0
1988-11-10;670.0
1988-11-11;687.0
1988-11-11;687.0
1988-11-12;708.0
1988-11-12;708.0
1988-11-13;744.0
1988-11-13;744.0
1988-11-14;779.0
1988-11-14;779.0
1988-11-15;783.0
1988-11-15;783.0
1988-11-16;780.0
1988-11-16;780.0
1988-11-17;778.0
1988-11-17;778.0
1988-11-18;784.0
1988-11-18;784.0
1988-11-19;790.0
1988-11-19;790.0
1988-11-20;789.0
1988-11-20;789.0
1988-11-21;783.0
1988-11-21;783.0
1988-11-22;775.0
1988-11-22;775.0
1988-11-23;763.0
1988-11-23;763.0
1988-11-24;750.0
1988-11-24;750.0
1988-11-25;758.0
1988-11-25;758.0
1988-11-26;761.0
1988-11-26;761.0
1988-11-27;764.0
1988-11-27;764.0
1988-11-28;754.0
1988-11-28;754.0
1988-11-29;743.0
1988-11-29;743.0
1988-11-30;744.0
1988-11-30;744.0
1988-12-01;740.0
1988-12-01;740.0
1988-12-02;737.0
1988-12-02;737.0
1988-12-03;740.0
1988-12-03;740.0
1988-12-04;739.0
1988-12-04;739.0
1988-12-05;732.0
1988-12-05;732.0
1988-12-06;716.0
1988-12-06;716.0
1988-12-07;701.0
1988-12-07;701.0
1988-12-08;711.0
1988-12-08;711.0
1988-12-09;714.0
1988-12-09;714.0
1988-12-10;693.0
1988-12-10;693.0
1988-12-11;671.0
1988-12-11;671.0
1988-12-12;654.0
1988-12-12;654.0
1988-12-13;640.0
1988-12-13;640.0
1988-12-14;655.0
1988-12-14;655.0
1988-12-15;683.0
1988-12-15;683.0
1988-12-16;696.0
1988-12-16;696.0
1988-12-17;700.0
1988-12-17;700.0
1988-12-18;695.0
1988-12-18;695.0
1988-12-19;683.0
1988-12-19;683.0
1988-12-20;653.0
1988-12-20;653.0
1988-12-21;623.0
1988-12-21;623.0
1988-12-22;607.0
1988-12-22;607.0
1988-12-23;584.0
1988-12-23;584.0
1988-12-24;571.0
1988-12-24;571.0
1988-12-25;557.0
1988-12-25;557.0
1988-12-26;555.0
1988-12-26;555.0
1988-12-27;551.0
1988-12-27;551.0
1988-12-28;574.0
1988-12-28;574.0
1988-12-29;560.0
1988-12-29;560.0
1988-12-30;546.0
1988-12-30;546.0
1988-12-31;535.0
1988-12-31;535.0
1989-01-01;531.0
1989-01-01;531.0
1989-01-01;530.0
1989-01-01;531.0
1989-01-02;537.0
1989-01-02;539.0
1989-01-02;534.0
1989-01-02;537.0
1989-01-03;555.0
1989-01-03;552.0
1989-01-03;557.0
1989-01-03;555.0
1989-01-04;564.0
1989-01-04;560.0
1989-01-04;568.0
1989-01-04;564.0
1989-01-05;569.0
1989-01-05;568.0
1989-01-05;570.0
1989-01-05;569.0
1989-01-06;578.0
1989-01-06;577.0
1989-01-06;576.0
1989-01-06;577.0
1989-01-07;583.0
1989-01-07;578.0
1989-01-07;581.0
1989-01-07;581.0
1989-01-08;593.0
1989-01-08;600.0
1989-01-08;597.0
1989-01-08;597.0
1989-01-09;612.0
1989-01-09;612.0
1989-01-09;612.0
1989-01-09;612.0
1989-01-10;616.0
1989-01-10;613.0
1989-01-10;619.0
1989-01-10;616.0
1989-01-11;644.0
1989-01-11;644.0
1989-01-11;615.0
1989-01-11;672.0
1989-01-12;682.0
1989-01-12;683.0
1989-01-12;683.0
1989-01-12;683.0
1989-01-13;665.0
1989-01-13;660.0
1989-01-13;655.0
1989-01-13;660.0
1989-01-14;648.0
1989-01-14;647.0
1989-01-14;645.0
1989-01-14;647.0
1989-01-15;647.0
1989-01-15;650.0
1989-01-15;649.0
1989-01-15;649.0
1989-01-16;656.0
1989-01-16;652.0
1989-01-16;654.0
1989-01-16;654.0
1989-01-17;654.0
1989-01-17;654.0
1989-01-17;653.0
1989-01-17;654.0
1989-01-18;653.0
1989-01-18;660.0
1989-01-18;657.0
1989-01-18;657.0
1989-01-19;673.0
1989-01-19;662.0
1989-01-19;683.0
1989-01-19;673.0
1989-01-20;689.0
1989-01-20;689.0
1989-01-20;689.0
1989-01-20;689.0
1989-01-21;691.0
1989-01-21;690.0
1989-01-21;692.0
1989-01-21;691.0
1989-01-22;696.0
1989-01-22;698.0
1989-01-22;698.0
1989-01-22;699.0
1989-01-23;714.0
1989-01-23;718.0
1989-01-23;714.0
1989-01-23;710.0
1989-01-24;732.0
1989-01-24;728.0
1989-01-24;732.0
1989-01-24;735.0
1989-01-25;765.0
1989-01-25;764.0
1989-01-25;765.0
1989-01-25;765.0
1989-01-26;764.0
1989-01-26;764.0
1989-01-26;764.0
1989-01-26;763.0
1989-01-27;737.0
1989-01-27;740.0
1989-01-27;737.0
1989-01-27;734.0
1989-01-28;726.0
1989-01-28;727.0
1989-01-28;725.0
1989-01-28;726.0
1989-01-29;716.0
1989-01-29;718.0
1989-01-29;718.0
1989-01-29;719.0
1989-01-30;708.0
1989-01-30;710.0
1989-01-30;705.0
1989-01-30;708.0
1989-01-31;698.0
1989-01-31;698.0
1989-01-31;695.0
1989-01-31;700.0
1989-02-01;700.0
1989-02-01;702.0
1989-02-01;701.0
1989-02-01;701.0
1989-02-02;710.0
1989-02-02;708.0
1989-02-02;712.0
1989-02-02;710.0
1989-02-03;708.0
1989-02-03;710.0
1989-02-03;708.0
1989-02-03;705.0
1989-02-04;687.0
1989-02-04;697.0
1989-02-04;692.0
1989-02-04;692.0
1989-02-05;678.0
1989-02-05;685.0
1989-02-05;670.0
1989-02-05;678.0
1989-02-06;649.0
1989-02-06;658.0
1989-02-06;654.0
1989-02-06;654.0
1989-02-07;630.0
1989-02-07;634.0
1989-02-07;630.0
1989-02-07;625.0
1989-02-08;628.0
1989-02-08;630.0
1989-02-08;625.0
1989-02-08;628.0
1989-02-09;639.0
1989-02-09;637.0
1989-02-09;639.0
1989-02-09;640.0
1989-02-10;638.0
1989-02-10;637.0
1989-02-10;638.0
1989-02-10;639.0
1989-02-11;622.0
1989-02-11;626.0
1989-02-11;618.0
1989-02-11;622.0
1989-02-12;604.0
1989-02-12;601.0
1989-02-12;606.0
1989-02-12;604.0
1989-02-13;595.0
1989-02-13;594.0
1989-02-13;596.0
1989-02-13;595.0
1989-02-14;597.0
1989-02-14;594.0
1989-02-14;599.0
1989-02-14;597.0
1989-02-15;599.0
1989-02-15;599.0
1989-02-15;599.0
1989-02-15;599.0
1989-02-16;597.0
1989-02-16;598.0
1989-02-16;598.0
1989-02-16;598.0
1989-02-17;583.0
1989-02-17;588.0
1989-02-17;577.0
1989-02-17;583.0
1989-02-18;559.0
1989-02-18;564.0
1989-02-18;553.0
1989-02-18;559.0
1989-02-19;533.0
1989-02-19;538.0
1989-02-19;527.0
1989-02-19;533.0
1989-02-20;515.0
1989-02-20;511.0
1989-02-20;507.0
1989-02-20;511.0
1989-02-21;502.0
1989-02-21;501.0
1989-02-21;502.0
1989-02-21;502.0
1989-02-22;511.0
1989-02-22;507.0
1989-02-22;511.0
1989-02-22;514.0
1989-02-23;524.0
1989-02-23;524.0
1989-02-23;521.0
1989-02-23;527.0
1989-02-24;531.0
1989-02-24;539.0
1989-02-24;539.0
1989-02-24;546.0
1989-02-25;579.0
1989-02-25;573.0
1989-02-25;573.0
1989-02-25;566.0
1989-02-26;597.0
1989-02-26;606.0
1989-02-26;606.0
1989-02-26;614.0
1989-02-27;626.0
1989-02-27;625.0
1989-02-27;624.0
1989-02-27;625.0
1989-02-28;614.0
1989-02-28;618.0
1989-02-28;622.0
1989-02-28;618.0
1989-03-01;600.0
1989-03-01;600.0
1989-03-02;584.0
1989-03-02;584.0
1989-03-03;566.0
1989-03-03;566.0
1989-03-04;567.0
1989-03-04;567.0
1989-03-05;585.0
1989-03-05;585.0
1989-03-06;622.0
1989-03-06;622.0
1989-03-07;649.0
1989-03-07;649.0
1989-03-08;663.0
1989-03-08;663.0
1989-03-09;681.0
1989-03-09;681.0
1989-03-10;700.0
1989-03-10;700.0
1989-03-11;688.0
1989-03-11;700.0
1989-03-12;675.0
1989-03-12;675.0
1989-03-13;668.0
1989-03-13;668.0
1989-03-14;666.0
1989-03-14;666.0
1989-03-15;688.0
1989-03-15;688.0
1989-03-16;699.0
1989-03-16;699.0
1989-03-17;691.0
1989-03-17;691.0
1989-03-18;678.0
1989-03-18;678.0
1989-03-19;676.0
1989-03-19;676.0
1989-03-20;678.0
1989-03-20;678.0
1989-03-21;673.0
1989-03-21;673.0
1989-03-22;659.0
1989-03-22;659.0
1989-03-23;637.0
1989-03-23;637.0
1989-03-24;616.0
1989-03-24;616.0
1989-03-25;598.0
1989-03-25;598.0
1989-03-26;578.0
1989-03-26;578.0
1989-03-27;565.0
1989-03-27;565.0
1989-03-28;558.0
1989-03-28;558.0
1989-03-29;551.0
1989-03-29;551.0
1989-03-30;537.0
1989-03-30;547.0
1989-03-31;546.0
1989-03-31;530.0
1989-04-01;538.0
1989-04-01;535.0
1989-04-01;531.0
1989-04-01;546.0
1989-04-02;543.0
1989-04-02;544.0
1989-04-02;542.0
1989-04-02;545.0
1989-04-03;544.0
1989-04-03;544.0
1989-04-03;544.0
1989-04-03;544.0
1989-04-04;544.0
1989-04-04;544.0
1989-04-04;544.0
1989-04-04;544.0
1989-04-05;545.0
1989-04-05;546.0
1989-04-05;546.0
1989-04-05;546.0
1989-04-06;548.0
1989-04-06;543.0
1989-04-06;546.0
1989-04-06;546.0
1989-04-07;559.0
1989-04-07;557.0
1989-04-07;559.0
1989-04-07;561.0
1989-04-08;573.0
1989-04-08;590.0
1989-04-08;582.0
1989-04-08;582.0
1989-04-09;607.0
1989-04-09;613.0
1989-04-09;618.0
1989-04-09;613.0
1989-04-10;621.0
1989-04-10;621.0
1989-04-10;621.0
1989-04-10;621.0
1989-04-11;616.0
1989-04-11;616.0
1989-04-11;614.0
1989-04-11;618.0
1989-04-12;609.0
1989-04-12;607.0
1989-04-12;610.0
1989-04-12;609.0
1989-04-13;614.0
1989-04-13;613.0
1989-04-13;615.0
1989-04-13;614.0
1989-04-14;637.0
1989-04-14;637.0
1989-04-14;646.0
1989-04-14;628.0
1989-04-15;669.0
1989-04-15;674.0
1989-04-15;664.0
1989-04-15;669.0
1989-04-16;682.0
1989-04-16;682.0
1989-04-16;682.0
1989-04-16;682.0
1989-04-17;678.0
1989-04-17;674.0
1989-04-17;676.0
1989-04-17;676.0
1989-04-18;666.0
1989-04-18;668.0
1989-04-18;670.0
1989-04-18;668.0
1989-04-19;661.0
1989-04-19;660.0
1989-04-19;662.0
1989-04-19;661.0
1989-04-20;673.0
1989-04-20;693.0
1989-04-20;683.0
1989-04-20;683.0
1989-04-21;702.0
1989-04-21;698.0
1989-04-21;694.0
1989-04-21;698.0
1989-04-22;684.0
1989-04-22;688.0
1989-04-22;692.0
1989-04-22;688.0
1989-04-23;678.0
1989-04-23;676.0
1989-04-23;680.0
1989-04-23;678.0
1989-04-24;672.0
1989-04-24;670.0
1989-04-24;673.0
1989-04-24;672.0
1989-04-25;671.0
1989-04-25;671.0
1989-04-25;670.0
1989-04-25;672.0
1989-04-26;674.0
1989-04-26;674.0
1989-04-26;674.0
1989-04-26;673.0
1989-04-27;674.0
1989-04-27;675.0
1989-04-27;675.0
1989-04-27;676.0
1989-04-28;675.0
1989-04-28;677.0
1989-04-28;676.0
1989-04-28;676.0
1989-04-29;673.0
1989-04-29;674.0
1989-04-29;672.0
1989-04-29;673.0
1989-04-30;668.0
1989-04-30;669.0
1989-04-30;668.0
1989-04-30;667.0
1989-05-01;666.0
1989-05-01;666.0
1989-05-02;665.0
1989-05-02;665.0
1989-05-03;675.0
1989-05-03;675.0
1989-05-04;687.0
1989-05-04;687.0
1989-05-05;694.0
1989-05-05;694.0
1989-05-06;694.0
1989-05-06;694.0
1989-05-07;708.0
1989-05-07;708.0
1989-05-08;730.0
1989-05-08;730.0
1989-05-09;731.0
1989-05-09;731.0
1989-05-10;738.0
1989-05-10;738.0
1989-05-11;749.0
1989-05-11;749.0
1989-05-12;756.0
1989-05-12;756.0
1989-05-13;758.0
1989-05-13;758.0
1989-05-14;760.0
1989-05-14;760.0
1989-05-15;808.0
1989-05-15;808.0
1989-05-16;815.0
1989-05-16;815.0
1989-05-17;835.0
1989-05-17;835.0
1989-05-18;856.0
1989-05-18;856.0
1989-05-19;853.0
1989-05-19;853.0
1989-05-20;851.0
1989-05-20;851.0
1989-05-21;874.0
1989-05-21;874.0
1989-05-22;918.0
1989-05-22;918.0
1989-05-23;958.0
1989-05-23;958.0
1989-05-24;992.0
1989-05-24;992.0
1989-05-25;1032.0
1989-05-25;1032.0
1989-05-26;1063.0
1989-05-26;1063.0
1989-05-27;1073.0
1989-05-27;1073.0
1989-05-28;1088.0
1989-05-28;1088.0
1989-05-29;1088.0
1989-05-29;1088.0
1989-05-30;1071.0
1989-05-30;1071.0
1989-05-31;1055.0
1989-05-31;1055.0
1989-06-01;1037.0
1989-06-01;1037.0
1989-06-02;1023.0
1989-06-02;1023.0
1989-06-03;1012.0
1989-06-03;1012.0
1989-06-04;1014.0
1989-06-04;1014.0
1989-06-05;1014.0
1989-06-05;1014.0
1989-06-06;1012.0
1989-06-06;1012.0
1989-06-07;1006.0
1989-06-07;1006.0
1989-06-08;1003.0
1989-06-08;1003.0
1989-06-09;997.0
1989-06-09;997.0
1989-06-10;994.0
1989-06-10;994.0
1989-06-11;995.0
1989-06-11;995.0
1989-06-12;996.0
1989-06-12;996.0
1989-06-13;1009.0
1989-06-13;1009.0
1989-06-14;1042.0
1989-06-14;1042.0
1989-06-15;1064.0
1989-06-15;1064.0
1989-06-16;1068.0
1989-06-16;1068.0
1989-06-17;1065.0
1989-06-17;1065.0
1989-06-18;1062.0
1989-06-18;1062.0
1989-06-19;1082.0
1989-06-19;1082.0
1989-06-20;1102.0
1989-06-20;1102.0
1989-06-21;1115.0
1989-06-21;1115.0
1989-06-22;1121.0
1989-06-22;1121.0
1989-06-23;1126.0
1989-06-23;1126.0
1989-06-24;1125.0
1989-06-24;1125.0
1989-06-25;1119.0
1989-06-25;1119.0
1989-06-26;1112.0
1989-06-26;1112.0
1989-06-27;1105.0
1989-06-27;1105.0
1989-06-28;1098.0
1989-06-28;1098.0
1989-06-29;1088.0
1989-06-29;1088.0
1989-06-30;1078.0
1989-06-30;1078.0
1989-07-01;1072.0
1989-07-01;1070.0
1989-07-01;1071.0
1989-07-01;1071.0
1989-07-02;1071.0
1989-07-02;1069.0
1989-07-02;1072.0
1989-07-02;1071.0
1989-07-03;1067.0
1989-07-03;1067.0
1989-07-03;1067.0
1989-07-03;1066.0
1989-07-04;1075.0
1989-07-04;1081.0
1989-07-04;1081.0
1989-07-04;1087.0
1989-07-05;1095.0
1989-07-05;1095.0
1989-07-05;1095.0
1989-07-05;1095.0
1989-07-06;1098.0
1989-07-06;1097.0
1989-07-06;1099.0
1989-07-06;1098.0
1989-07-07;1097.0
1989-07-07;1094.0
1989-07-07;1099.0
1989-07-07;1097.0
1989-07-08;1091.0
1989-07-08;1089.0
1989-07-08;1092.0
1989-07-08;1091.0
1989-07-09;1072.0
1989-07-09;1067.0
1989-07-09;1076.0
1989-07-09;1072.0
1989-07-10;1059.0
1989-07-10;1063.0
1989-07-10;1054.0
1989-07-10;1059.0
1989-07-11;1036.0
1989-07-11;1041.0
1989-07-11;1030.0
1989-07-11;1036.0
1989-07-12;1006.0
1989-07-12;1011.0
1989-07-12;1011.0
1989-07-12;1016.0
1989-07-13;992.0
1989-07-13;994.0
1989-07-13;992.0
1989-07-13;989.0
1989-07-14;982.0
1989-07-14;984.0
1989-07-14;979.0
1989-07-14;982.0
1989-07-15;982.0
1989-07-15;985.0
1989-07-15;982.0
1989-07-15;978.0
1989-07-16;1014.0
1989-07-16;1019.0
1989-07-16;1008.0
1989-07-16;1014.0
1989-07-17;1031.0
1989-07-17;1026.0
1989-07-17;1031.0
1989-07-17;1036.0
1989-07-18;1037.0
1989-07-18;1039.0
1989-07-18;1039.0
1989-07-18;1040.0
1989-07-19;1051.0
1989-07-19;1047.0
1989-07-19;1047.0
1989-07-19;1043.0
1989-07-20;1050.0
1989-07-20;1050.0
1989-07-20;1050.0
1989-07-20;1050.0
1989-07-21;1046.0
1989-07-21;1044.0
1989-07-21;1042.0
1989-07-21;1044.0
1989-07-22;1037.0
1989-07-22;1033.0
1989-07-22;1041.0
1989-07-22;1037.0
1989-07-23;1034.0
1989-07-23;1031.0
1989-07-23;1036.0
1989-07-23;1034.0
1989-07-24;1023.0
1989-07-24;1024.0
1989-07-24;1024.0
1989-07-24;1025.0
1989-07-25;1017.0
1989-07-25;1019.0
1989-07-25;1015.0
1989-07-25;1017.0
1989-07-26;1003.0
1989-07-26;1003.0
1989-07-26;999.0
1989-07-26;1007.0
1989-07-27;983.0
1989-07-27;987.0
1989-07-27;990.0
1989-07-27;987.0
1989-07-28;974.0
1989-07-28;976.0
1989-07-28;971.0
1989-07-28;974.0
1989-07-29;965.0
1989-07-29;962.0
1989-07-29;967.0
1989-07-29;965.0
1989-07-30;961.0
1989-07-30;961.0
1989-07-30;963.0
1989-07-30;959.0
1989-07-31;955.0
1989-07-31;955.0
1989-07-31;954.0
1989-07-31;955.0
1989-08-01;960.0
1989-08-01;960.0
1989-08-02;965.0
1989-08-02;965.0
1989-08-03;962.0
1989-08-03;962.0
1989-08-04;961.0
1989-08-04;961.0
1989-08-05;948.0
1989-08-05;948.0
1989-08-06;935.0
1989-08-06;935.0
1989-08-07;918.0
1989-08-07;918.0
1989-08-08;902.0
1989-08-08;902.0
1989-08-09;887.0
1989-08-09;887.0
1989-08-10;873.0
1989-08-10;873.0
1989-08-11;865.0
1989-08-11;865.0
1989-08-12;861.0
1989-08-12;861.0
1989-08-13;866.0
1989-08-13;866.0
1989-08-14;866.0
1989-08-14;866.0
1989-08-15;868.0
1989-08-15;872.0
1989-08-16;872.0
1989-08-16;869.0
1989-08-17;874.0
1989-08-17;873.0
1989-08-18;871.0
1989-08-18;875.0
1989-08-19;869.0
1989-08-19;862.0
1989-08-20;879.0
1989-08-20;857.0
1989-08-21;853.0
1989-08-21;899.0
1989-08-22;846.0
1989-08-22;896.0
1989-08-23;835.0
1989-08-23;878.0
1989-08-24;823.0
1989-08-24;859.0
1989-08-25;845.0
1989-08-25;812.0
1989-08-26;848.0
1989-08-26;804.0
1989-08-27;796.0
1989-08-27;850.0
1989-08-28;846.0
1989-08-28;790.0
1989-08-29;844.0
1989-08-29;787.0
1989-08-30;785.0
1989-08-30;833.0
1989-08-31;817.0
1989-08-31;782.0
1989-09-01;804.0
1989-09-01;802.0
1989-09-01;780.0
1989-09-01;805.0
1989-09-02;782.0
1989-09-02;797.0
1989-09-02;793.0
1989-09-02;795.0
1989-09-03;789.0
1989-09-03;787.0
1989-09-03;790.0
1989-09-03;782.0
1989-09-04;781.0
1989-09-04;784.0
1989-09-04;782.0
1989-09-04;785.0
1989-09-05;798.0
1989-09-05;802.0
1989-09-05;780.0
1989-09-05;793.0
1989-09-06;815.0
1989-09-06;811.0
1989-09-06;778.0
1989-09-06;813.0
1989-09-07;811.0
1989-09-07;813.0
1989-09-07;771.0
1989-09-07;814.0
1989-09-08;807.0
1989-09-08;806.0
1989-09-08;761.0
1989-09-08;808.0
1989-09-09;752.0
1989-09-09;811.0
1989-09-09;812.0
1989-09-09;812.0
1989-09-10;813.0
1989-09-10;812.0
1989-09-10;813.0
1989-09-10;745.0
1989-09-11;806.0
1989-09-11;736.0
1989-09-11;800.0
1989-09-11;803.0
1989-09-12;790.0
1989-09-12;785.0
1989-09-12;795.0
1989-09-12;726.0
1989-09-13;777.0
1989-09-13;783.0
1989-09-13;717.0
1989-09-13;780.0
1989-09-14;768.0
1989-09-14;765.0
1989-09-14;762.0
1989-09-14;711.0
1989-09-15;750.0
1989-09-15;755.0
1989-09-15;707.0
1989-09-15;753.0
1989-09-16;704.0
1989-09-16;750.0
1989-09-16;751.0
1989-09-16;751.0
1989-09-17;755.0
1989-09-17;700.0
1989-09-17;754.0
1989-09-17;756.0
1989-09-18;698.0
1989-09-18;759.0
1989-09-18;759.0
1989-09-18;759.0
1989-09-19;757.0
1989-09-19;695.0
1989-09-19;755.0
1989-09-19;758.0
1989-09-20;690.0
1989-09-20;750.0
1989-09-20;746.0
1989-09-20;748.0
1989-09-21;687.0
1989-09-21;743.0
1989-09-21;746.0
1989-09-21;749.0
1989-09-22;762.0
1989-09-22;762.0
1989-09-22;762.0
1989-09-22;688.0
1989-09-23;698.0
1989-09-23;755.0
1989-09-23;758.0
1989-09-23;760.0
1989-09-24;742.0
1989-09-24;739.0
1989-09-24;744.0
1989-09-24;714.0
1989-09-25;730.0
1989-09-25;732.0
1989-09-25;733.0
1989-09-25;731.0
1989-09-26;735.0
1989-09-26;735.0
1989-09-26;735.0
1989-09-26;753.0
1989-09-27;733.0
1989-09-27;735.0
1989-09-27;772.0
1989-09-27;736.0
1989-09-28;733.0
1989-09-28;788.0
1989-09-28;727.0
1989-09-28;720.0
1989-09-29;740.0
1989-09-29;741.0
1989-09-29;739.0
1989-09-29;804.0
1989-09-30;822.0
1989-09-30;744.0
1989-09-30;755.0
1989-09-30;766.0
1989-10-01;839.0
1989-10-01;794.0
1989-10-02;841.0
1989-10-02;851.0
1989-10-03;849.0
1989-10-03;851.0
1989-10-04;836.0
1989-10-04;842.0
1989-10-05;829.0
1989-10-05;819.0
1989-10-06;803.0
1989-10-06;803.0
1989-10-07;808.0
1989-10-07;808.0
1989-10-08;812.0
1989-10-08;812.0
1989-10-09;805.0
1989-10-09;805.0
1989-10-10;796.0
1989-10-10;796.0
1989-10-11;781.0
1989-10-11;781.0
1989-10-12;774.0
1989-10-12;774.0
1989-10-13;768.0
1989-10-13;768.0
1989-10-14;763.0
1989-10-14;763.0
1989-10-15;762.0
1989-10-15;762.0
1989-10-16;768.0
1989-10-16;768.0
1989-10-17;785.0
1989-10-17;785.0
1989-10-18;795.0
1989-10-18;795.0
1989-10-19;819.0
1989-10-19;819.0
1989-10-20;841.0
1989-10-20;841.0
1989-10-21;856.0
1989-10-21;856.0
1989-10-22;854.0
1989-10-22;854.0
1989-10-23;842.0
1989-10-23;842.0
1989-10-24;833.0
1989-10-24;833.0
1989-10-25;821.0
1989-10-25;821.0
1989-10-26;809.0
1989-10-26;809.0
1989-10-27;804.0
1989-10-27;804.0
1989-10-28;807.0
1989-10-28;807.0
1989-10-29;818.0
1989-10-29;818.0
1989-10-30;837.0
1989-10-30;837.0
1989-10-31;833.0
1989-10-31;833.0
1989-11-01;813.0
1989-11-01;813.0
1989-11-02;789.0
1989-11-02;789.0
1989-11-03;772.0
1989-11-03;772.0
1989-11-04;759.0
1989-11-04;759.0
1989-11-05;745.0
1989-11-05;745.0
1989-11-06;735.0
1989-11-06;735.0
1989-11-07;736.0
1989-11-07;736.0
1989-11-08;730.0
1989-11-08;730.0
1989-11-09;717.0
1989-11-09;717.0
1989-11-10;703.0
1989-11-10;703.0
1989-11-11;696.0
1989-11-11;696.0
1989-11-12;695.0
1989-11-12;695.0
1989-11-13;687.0
1989-11-13;687.0
1989-11-14;674.0
1989-11-14;674.0
1989-11-15;684.0
1989-11-15;684.0
1989-11-16;699.0
1989-11-16;699.0
1989-11-17;688.0
1989-11-17;688.0
1989-11-18;687.0
1989-11-18;687.0
1989-11-19;671.0
1989-11-19;671.0
1989-11-20;658.0
1989-11-20;658.0
1989-11-21;672.0
1989-11-21;672.0
1989-11-22;677.0
1989-11-22;677.0
1989-11-23;695.0
1989-11-23;695.0
1989-11-24;723.0
1989-11-24;723.0
1989-11-25;732.0
1989-11-25;732.0
1989-11-26;726.0
1989-11-26;726.0
1989-11-27;715.0
1989-11-27;715.0
1989-11-28;708.0
1989-11-28;708.0
1989-11-29;707.0
1989-11-29;707.0
1989-11-30;723.0
1989-11-30;723.0
1989-12-01;720.0
1989-12-01;720.0
1989-12-02;712.0
1989-12-02;712.0
1989-12-03;707.0
1989-12-03;707.0
1989-12-04;726.0
1989-12-04;726.0
1989-12-05;746.0
1989-12-05;746.0
1989-12-06;749.0
1989-12-06;749.0
1989-12-07;739.0
1989-12-07;739.0
1989-12-08;721.0
1989-12-08;721.0
1989-12-09;705.0
1989-12-09;705.0
1989-12-10;691.0
1989-12-10;691.0
1989-12-11;669.0
1989-12-11;669.0
1989-12-12;646.0
1989-12-12;646.0
1989-12-13;628.0
1989-12-13;628.0
1989-12-14;617.0
1989-12-14;617.0
1989-12-15;610.0
1989-12-15;610.0
1989-12-16;603.0
1989-12-16;603.0
1989-12-17;597.0
1989-12-17;597.0
1989-12-18;590.0
1989-12-18;590.0
1989-12-19;584.0
1989-12-19;584.0
1989-12-20;577.0
1989-12-20;577.0
1989-12-21;570.0
1989-12-21;570.0
1989-12-22;564.0
1989-12-22;564.0
1989-12-23;554.0
1989-12-23;554.0
1989-12-24;545.0
1989-12-24;545.0
1989-12-25;534.0
1989-12-25;534.0
1989-12-26;524.0
1989-12-26;524.0
1989-12-27;513.0
1989-12-27;513.0
1989-12-28;498.0
1989-12-28;498.0
1989-12-29;482.0
1989-12-29;482.0
1989-12-30;474.0
1989-12-30;474.0
1989-12-31;467.0
1989-12-31;467.0
1990-01-01;460.0
1990-01-01;460.0
1990-01-02;453.0
1990-01-02;453.0
1990-01-03;447.0
1990-01-03;447.0
1990-01-04;441.0
1990-01-04;441.0
1990-01-05;442.0
1990-01-05;442.0
1990-01-06;444.0
1990-01-06;444.0
1990-01-07;445.0
1990-01-07;445.0
1990-01-08;445.0
1990-01-08;445.0
1990-01-09;446.0
1990-01-09;446.0
1990-01-10;446.0
1990-01-10;446.0
1990-01-11;451.0
1990-01-11;451.0
1990-01-12;456.0
1990-01-12;456.0
1990-01-13;464.0
1990-01-13;464.0
1990-01-14;502.0
1990-01-14;502.0
1990-01-15;524.0
1990-01-15;524.0
1990-01-16;539.0
1990-01-16;539.0
1990-01-17;548.0
1990-01-17;548.0
1990-01-18;545.0
1990-01-18;545.0
1990-01-19;533.0
1990-01-19;533.0
1990-01-20;523.0
1990-01-20;523.0
1990-01-21;516.0
1990-01-21;516.0
1990-01-22;515.0
1990-01-22;515.0
1990-01-23;537.0
1990-01-23;537.0
1990-01-24;575.0
1990-01-24;575.0
1990-01-25;614.0
1990-01-25;614.0
1990-01-26;624.0
1990-01-26;624.0
1990-01-27;620.0
1990-01-27;620.0
1990-01-28;622.0
1990-01-28;622.0
1990-01-29;630.0
1990-01-29;630.0
1990-01-30;639.0
1990-01-30;639.0
1990-01-31;639.0
1990-01-31;639.0
1990-02-01;642.0
1990-02-01;642.0
1990-02-02;639.0
1990-02-02;639.0
1990-02-03;636.0
1990-02-03;636.0
1990-02-04;638.0
1990-02-04;638.0
1990-02-05;658.0
1990-02-05;658.0
1990-02-06;687.0
1990-02-06;687.0
1990-02-07;718.0
1990-02-07;718.0
1990-02-08;745.0
1990-02-08;745.0
1990-02-09;805.0
1990-02-09;805.0
1990-02-10;827.0
1990-02-10;827.0
1990-02-11;828.0
1990-02-11;828.0
1990-02-12;815.0
1990-02-12;815.0
1990-02-13;787.0
1990-02-13;787.0
1990-02-14;774.0
1990-02-14;774.0
1990-02-15;770.0
1990-02-15;770.0
1990-02-16;760.0
1990-02-16;760.0
1990-02-17;746.0
1990-02-17;746.0
1990-02-18;730.0
1990-02-18;730.0
1990-02-19;706.0
1990-02-19;706.0
1990-02-20;686.0
1990-02-20;686.0
1990-02-21;671.0
1990-02-21;671.0
1990-02-22;657.0
1990-02-22;657.0
1990-02-23;643.0
1990-02-23;643.0
1990-02-24;622.0
1990-02-24;622.0
1990-02-25;609.0
1990-02-25;609.0
1990-02-26;587.0
1990-02-26;587.0
1990-02-27;566.0
1990-02-27;566.0
1990-02-28;548.0
1990-02-28;548.0
1990-03-01;527.0
1990-03-01;527.0
1990-03-02;513.0
1990-03-02;513.0
1990-03-03;504.0
1990-03-03;504.0
1990-03-04;518.0
1990-03-04;518.0
1990-03-05;524.0
1990-03-05;524.0
1990-03-06;525.0
1990-03-06;525.0
1990-03-07;519.0
1990-03-07;519.0
1990-03-08;511.0
1990-03-08;511.0
1990-03-09;522.0
1990-03-09;522.0
1990-03-10;534.0
1990-03-10;534.0
1990-03-11;564.0
1990-03-11;564.0
1990-03-12;599.0
1990-03-12;599.0
1990-03-13;649.0
1990-03-13;649.0
1990-03-14;700.0
1990-03-14;700.0
1990-03-15;731.0
1990-03-15;731.0
1990-03-16;735.0
1990-03-16;735.0
1990-03-17;741.0
1990-03-17;741.0
1990-03-18;747.0
1990-03-18;747.0
1990-03-19;747.0
1990-03-19;747.0
1990-03-20;738.0
1990-03-20;738.0
1990-03-21;743.0
1990-03-21;743.0
1990-03-22;753.0
1990-03-22;753.0
1990-03-23;762.0
1990-03-23;762.0
1990-03-24;780.0
1990-03-24;780.0
1990-03-25;785.0
1990-03-25;785.0
1990-03-26;787.0
1990-03-26;787.0
1990-03-27;785.0
1990-03-27;785.0
1990-03-28;773.0
1990-03-28;773.0
1990-03-29;755.0
1990-03-29;755.0
1990-03-30;732.0
1990-03-30;732.0
1990-03-31;716.0
1990-03-31;716.0
1990-04-01;699.0
1990-04-01;699.0
1990-04-02;684.0
1990-04-02;684.0
1990-04-03;673.0
1990-04-03;673.0
1990-04-04;665.0
1990-04-04;665.0
1990-04-05;665.0
1990-04-05;665.0
1990-04-06;667.0
1990-04-06;667.0
1990-04-07;672.0
1990-04-07;672.0
1990-04-08;687.0
1990-04-08;687.0
1990-04-09;714.0
1990-04-09;714.0
1990-04-10;728.0
1990-04-10;728.0
1990-04-11;741.0
1990-04-11;741.0
1990-04-12;766.0
1990-04-12;766.0
1990-04-13;775.0
1990-04-13;775.0
1990-04-14;813.0
1990-04-14;813.0
1990-04-15;863.0
1990-04-15;863.0
1990-04-16;894.0
1990-04-16;894.0
1990-04-17;899.0
1990-04-17;899.0
1990-04-18;896.0
1990-04-18;896.0
1990-04-19;884.0
1990-04-19;884.0
1990-04-20;893.0
1990-04-20;893.0
1990-04-21;915.0
1990-04-21;915.0
1990-04-22;931.0
1990-04-22;931.0
1990-04-23;940.0
1990-04-23;940.0
1990-04-24;950.0
1990-04-24;950.0
1990-04-25;954.0
1990-04-25;954.0
1990-04-26;1024.0
1990-04-26;1024.0
1990-04-27;1061.0
1990-04-27;1061.0
1990-04-28;1083.0
1990-04-28;1083.0
1990-04-29;1075.0
1990-04-29;1075.0
1990-04-30;1057.0
1990-04-30;1057.0
1990-05-01;1046.0
1990-05-01;1046.0
1990-05-02;1038.0
1990-05-02;1038.0
1990-05-03;1027.0
1990-05-03;1027.0
1990-05-04;1015.0
1990-05-04;1015.0
1990-05-05;992.0
1990-05-05;992.0
1990-05-06;981.0
1990-05-06;981.0
1990-05-07;974.0
1990-05-07;974.0
1990-05-08;966.0
1990-05-08;966.0
1990-05-09;958.0
1990-05-09;958.0
1990-05-10;956.0
1990-05-10;956.0
1990-05-11;956.0
1990-05-11;956.0
1990-05-12;957.0
1990-05-12;957.0
1990-05-13;955.0
1990-05-13;955.0
1990-05-14;952.0
1990-05-14;952.0
1990-05-15;950.0
1990-05-15;950.0
1990-05-16;943.0
1990-05-16;943.0
1990-05-17;929.0
1990-05-17;929.0
1990-05-18;914.0
1990-05-18;914.0
1990-05-19;913.0
1990-05-19;913.0
1990-05-20;917.0
1990-05-20;917.0
1990-05-21;928.0
1990-05-21;928.0
1990-05-22;950.0
1990-05-22;950.0
1990-05-23;984.0
1990-05-23;984.0
1990-05-24;1004.0
1990-05-24;1004.0
1990-05-25;1017.0
1990-05-25;1017.0
1990-05-26;1029.0
1990-05-26;1029.0
1990-05-27;1031.0
1990-05-27;1031.0
1990-05-28;1024.0
1990-05-28;1024.0
1990-05-29;1008.0
1990-05-29;1008.0
1990-05-30;994.0
1990-05-30;994.0
1990-05-31;982.0
1990-05-31;982.0
1990-06-01;977.0
1990-06-01;977.0
1990-06-01;976.0
1990-06-01;977.0
1990-06-02;994.0
1990-06-02;989.0
1990-06-02;994.0
1990-06-02;999.0
1990-06-03;1009.0
1990-06-03;1008.0
1990-06-03;1010.0
1990-06-03;1009.0
1990-06-04;1005.0
1990-06-04;1006.0
1990-06-04;1005.0
1990-06-04;1003.0
1990-06-05;996.0
1990-06-05;996.0
1990-06-05;996.0
1990-06-05;996.0
1990-06-06;1013.0
1990-06-06;1013.0
1990-06-06;1008.0
1990-06-06;1018.0
1990-06-07;1022.0
1990-06-07;1023.0
1990-06-07;1023.0
1990-06-07;1024.0
1990-06-08;1019.0
1990-06-08;1019.0
1990-06-08;1016.0
1990-06-08;1022.0
1990-06-09;1002.0
1990-06-09;1006.0
1990-06-09;1002.0
1990-06-09;998.0
1990-06-10;992.0
1990-06-10;991.0
1990-06-10;991.0
1990-06-10;990.0
1990-06-11;992.0
1990-06-11;991.0
1990-06-11;991.0
1990-06-11;990.0
1990-06-12;1002.0
1990-06-12;1002.0
1990-06-12;999.0
1990-06-12;1005.0
1990-06-13;1020.0
1990-06-13;1022.0
1990-06-13;1017.0
1990-06-13;1020.0
1990-06-14;1030.0
1990-06-14;1031.0
1990-06-14;1029.0
1990-06-14;1030.0
1990-06-15;1034.0
1990-06-15;1035.0
1990-06-15;1033.0
1990-06-15;1034.0
1990-06-16;1036.0
1990-06-16;1035.0
1990-06-16;1036.0
1990-06-16;1036.0
1990-06-17;1032.0
1990-06-17;1032.0
1990-06-17;1032.0
1990-06-17;1032.0
1990-06-18;1025.0
1990-06-18;1029.0
1990-06-18;1027.0
1990-06-18;1027.0
1990-06-19;1018.0
1990-06-19;1020.0
1990-06-19;1015.0
1990-06-19;1018.0
1990-06-20;1005.0
1990-06-20;1003.0
1990-06-20;1007.0
1990-06-20;1005.0
1990-06-21;992.0
1990-06-21;992.0
1990-06-21;992.0
1990-06-21;992.0
1990-06-22;988.0
1990-06-22;986.0
1990-06-22;986.0
1990-06-22;984.0
1990-06-23;980.0
1990-06-23;978.0
1990-06-23;982.0
1990-06-23;980.0
1990-06-24;972.0
1990-06-24;975.0
1990-06-24;974.0
1990-06-24;974.0
1990-06-25;977.0
1990-06-25;980.0
1990-06-25;983.0
1990-06-25;980.0
1990-06-26;997.0
1990-06-26;1003.0
1990-06-26;997.0
1990-06-26;990.0
1990-06-27;1013.0
1990-06-27;1016.0
1990-06-27;1013.0
1990-06-27;1010.0
1990-06-28;1024.0
1990-06-28;1026.0
1990-06-28;1025.0
1990-06-28;1025.0
1990-06-29;1032.0
1990-06-29;1034.0
1990-06-29;1036.0
1990-06-29;1034.0
1990-06-30;1047.0
1990-06-30;1050.0
1990-06-30;1044.0
1990-06-30;1047.0
1990-07-01;1053.0
1990-07-01;1054.0
1990-07-01;1053.0
1990-07-01;1052.0
1990-07-02;1052.0
1990-07-02;1058.0
1990-07-02;1046.0
1990-07-02;1052.0
1990-07-03;1075.0
1990-07-03;1073.0
1990-07-03;1070.0
1990-07-03;1073.0
1990-07-04;1082.0
1990-07-04;1086.0
1990-07-04;1089.0
1990-07-04;1086.0
1990-07-05;1111.0
1990-07-05;1117.0
1990-07-05;1105.0
1990-07-05;1111.0
1990-07-06;1129.0
1990-07-06;1132.0
1990-07-06;1132.0
1990-07-06;1134.0
1990-07-07;1135.0
1990-07-07;1136.0
1990-07-07;1136.0
1990-07-07;1136.0
1990-07-08;1135.0
1990-07-08;1135.0
1990-07-08;1134.0
1990-07-08;1135.0
1990-07-09;1140.0
1990-07-09;1141.0
1990-07-09;1141.0
1990-07-09;1141.0
1990-07-10;1137.0
1990-07-10;1139.0
1990-07-10;1137.0
1990-07-10;1135.0
1990-07-11;1123.0
1990-07-11;1119.0
1990-07-11;1121.0
1990-07-11;1121.0
1990-07-12;1105.0
1990-07-12;1109.0
1990-07-12;1105.0
1990-07-12;1101.0
1990-07-13;1090.0
1990-07-13;1090.0
1990-07-13;1093.0
1990-07-13;1087.0
1990-07-14;1075.0
1990-07-14;1078.0
1990-07-14;1078.0
1990-07-14;1081.0
1990-07-15;1069.0
1990-07-15;1069.0
1990-07-15;1070.0
1990-07-15;1068.0
1990-07-16;1062.0
1990-07-16;1066.0
1990-07-16;1064.0
1990-07-16;1064.0
1990-07-17;1046.0
1990-07-17;1053.0
1990-07-17;1053.0
1990-07-17;1060.0
1990-07-18;1033.0
1990-07-18;1038.0
1990-07-18;1028.0
1990-07-18;1033.0
1990-07-19;1018.0
1990-07-19;1014.0
1990-07-19;1010.0
1990-07-19;1014.0
1990-07-20;998.0
1990-07-20;994.0
1990-07-20;1002.0
1990-07-20;998.0
1990-07-21;987.0
1990-07-21;987.0
1990-07-21;984.0
1990-07-21;989.0
1990-07-22;980.0
1990-07-22;981.0
1990-07-22;981.0
1990-07-22;982.0
1990-07-23;976.0
1990-07-23;977.0
1990-07-23;975.0
1990-07-23;976.0
1990-07-24;972.0
1990-07-24;966.0
1990-07-24;969.0
1990-07-24;969.0
1990-07-25;957.0
1990-07-25;957.0
1990-07-25;954.0
1990-07-25;960.0
1990-07-26;942.0
1990-07-26;945.0
1990-07-26;942.0
1990-07-26;939.0
1990-07-27;930.0
1990-07-27;930.0
1990-07-27;931.0
1990-07-27;928.0
1990-07-28;921.0
1990-07-28;920.0
1990-07-28;922.0
1990-07-28;921.0
1990-07-29;927.0
1990-07-29;933.0
1990-07-29;933.0
1990-07-29;938.0
1990-07-30;969.0
1990-07-30;959.0
1990-07-30;979.0
1990-07-30;969.0
1990-07-31;986.0
1990-07-31;987.0
1990-07-31;984.0
1990-07-31;986.0
1990-08-01;990.0
1990-08-01;989.0
1990-08-01;989.0
1990-08-01;988.0
1990-08-02;979.0
1990-08-02;979.0
1990-08-02;976.0
1990-08-02;982.0
1990-08-03;964.0
1990-08-03;964.0
1990-08-03;968.0
1990-08-03;959.0
1990-08-04;939.0
1990-08-04;948.0
1990-08-04;944.0
1990-08-04;944.0
1990-08-05;923.0
1990-08-05;923.0
1990-08-05;930.0
1990-08-05;916.0
1990-08-06;903.0
1990-08-06;907.0
1990-08-06;907.0
1990-08-06;910.0
1990-08-07;890.0
1990-08-07;893.0
1990-08-07;896.0
1990-08-07;893.0
1990-08-08;885.0
1990-08-08;885.0
1990-08-08;885.0
1990-08-08;884.0
1990-08-09;894.0
1990-08-09;888.0
1990-08-09;899.0
1990-08-09;894.0
1990-08-10;915.0
1990-08-10;918.0
1990-08-10;915.0
1990-08-10;912.0
1990-08-11;923.0
1990-08-11;922.0
1990-08-11;923.0
1990-08-11;924.0
1990-08-12;921.0
1990-08-12;920.0
1990-08-12;921.0
1990-08-12;922.0
1990-08-13;915.0
1990-08-13;916.0
1990-08-13;916.0
1990-08-13;917.0
1990-08-14;932.0
1990-08-14;927.0
1990-08-14;930.0
1990-08-14;930.0
1990-08-15;943.0
1990-08-15;937.0
1990-08-15;943.0
1990-08-15;948.0
1990-08-16;950.0
1990-08-16;950.0
1990-08-16;950.0
1990-08-16;950.0
1990-08-17;947.0
1990-08-17;946.0
1990-08-17;948.0
1990-08-17;947.0
1990-08-18;938.0
1990-08-18;941.0
1990-08-18;941.0
1990-08-18;943.0
1990-08-19;930.0
1990-08-19;930.0
1990-08-19;926.0
1990-08-19;934.0
1990-08-20;918.0
1990-08-20;916.0
1990-08-20;918.0
1990-08-20;920.0
1990-08-21;905.0
1990-08-21;902.0
1990-08-21;905.0
1990-08-21;907.0
1990-08-22;884.0
1990-08-22;891.0
1990-08-22;884.0
1990-08-22;877.0
1990-08-23;862.0
1990-08-23;866.0
1990-08-23;864.0
1990-08-23;864.0
1990-08-24;856.0
1990-08-24;855.0
1990-08-24;856.0
1990-08-24;856.0
1990-08-25;852.0
1990-08-25;851.0
1990-08-25;850.0
1990-08-25;851.0
1990-08-26;839.0
1990-08-26;846.0
1990-08-26;831.0
1990-08-26;839.0
1990-08-27;825.0
1990-08-27;825.0
1990-08-27;829.0
1990-08-27;821.0
1990-08-28;821.0
1990-08-28;802.0
1990-08-28;821.0
1990-08-28;840.0
1990-08-29;809.0
1990-08-29;802.0
1990-08-29;815.0
1990-08-29;809.0
1990-08-30;857.0
1990-08-30;857.0
1990-08-30;848.0
1990-08-30;866.0
1990-08-31;878.0
1990-08-31;882.0
1990-08-31;886.0
1990-08-31;882.0
1990-09-01;886.0
1990-09-01;887.0
1990-09-01;887.0
1990-09-01;888.0
1990-09-02;870.0
1990-09-02;860.0
1990-09-02;870.0
1990-09-02;879.0
1990-09-03;852.0
1990-09-03;858.0
1990-09-03;852.0
1990-09-03;846.0
1990-09-04;826.0
1990-09-04;821.0
1990-09-04;830.0
1990-09-04;826.0
1990-09-05;812.0
1990-09-05;808.0
1990-09-05;812.0
1990-09-05;815.0
1990-09-06;786.0
1990-09-06;786.0
1990-09-06;791.0
1990-09-06;780.0
1990-09-07;760.0
1990-09-07;751.0
1990-09-07;769.0
1990-09-07;760.0
1990-09-08;737.0
1990-09-08;737.0
1990-09-08;732.0
1990-09-08;742.0
1990-09-09;734.0
1990-09-09;736.0
1990-09-09;736.0
1990-09-09;737.0
1990-09-10;742.0
1990-09-10;750.0
1990-09-10;746.0
1990-09-10;746.0
1990-09-11;766.0
1990-09-11;764.0
1990-09-11;761.0
1990-09-11;764.0
1990-09-12;768.0
1990-09-12;768.0
1990-09-12;767.0
1990-09-12;768.0
1990-09-13;766.0
1990-09-13;771.0
1990-09-13;776.0
1990-09-13;771.0
1990-09-14;782.0
1990-09-14;781.0
1990-09-14;782.0
1990-09-14;782.0
1990-09-15;784.0
1990-09-15;784.0
1990-09-15;784.0
1990-09-15;784.0
1990-09-16;784.0
1990-09-16;779.0
1990-09-16;782.0
1990-09-16;782.0
1990-09-17;770.0
1990-09-17;762.0
1990-09-17;766.0
1990-09-17;766.0
1990-09-18;740.0
1990-09-18;749.0
1990-09-18;745.0
1990-09-18;745.0
1990-09-19;721.0
1990-09-19;725.0
1990-09-19;716.0
1990-09-19;721.0
1990-09-20;702.0
1990-09-20;706.0
1990-09-20;702.0
1990-09-20;698.0
1990-09-21;687.0
1990-09-21;690.0
1990-09-21;689.0
1990-09-21;689.0
1990-09-22;682.0
1990-09-22;688.0
1990-09-22;680.0
1990-09-22;682.0
1990-09-23;678.0
1990-09-23;678.0
1990-09-23;679.0
1990-09-23;676.0
1990-09-24;663.0
1990-09-24;663.0
1990-09-24;665.0
1990-09-24;660.0
1990-09-25;656.0
1990-09-25;658.0
1990-09-25;657.0
1990-09-25;657.0
1990-09-26;655.0
1990-09-26;655.0
1990-09-26;654.0
1990-09-26;655.0
1990-09-27;654.0
1990-09-27;653.0
1990-09-27;654.0
1990-09-27;654.0
1990-09-28;656.0
1990-09-28;657.0
1990-09-28;657.0
1990-09-28;657.0
1990-09-29;664.0
1990-09-29;666.0
1990-09-29;666.0
1990-09-29;668.0
1990-09-30;671.0
1990-09-30;670.0
1990-09-30;672.0
1990-09-30;671.0
1990-10-01;675.0
1990-10-01;674.0
1990-10-01;675.0
1990-10-01;676.0
1990-10-02;690.0
1990-10-02;684.0
1990-10-02;678.0
1990-10-02;684.0
1990-10-03;693.0
1990-10-03;693.0
1990-10-03;692.0
1990-10-03;694.0
1990-10-04;696.0
1990-10-04;696.0
1990-10-04;696.0
1990-10-04;696.0
1990-10-05;692.0
1990-10-05;690.0
1990-10-05;693.0
1990-10-05;692.0
1990-10-06;685.0
1990-10-06;687.0
1990-10-06;683.0
1990-10-06;685.0
1990-10-07;675.0
1990-10-07;677.0
1990-10-07;677.0
1990-10-07;678.0
1990-10-08;672.0
1990-10-08;671.0
1990-10-08;672.0
1990-10-08;672.0
1990-10-09;669.0
1990-10-09;670.0
1990-10-09;670.0
1990-10-09;670.0
1990-10-10;668.0
1990-10-10;668.0
1990-10-10;668.0
1990-10-10;668.0
1990-10-11;665.0
1990-10-11;665.0
1990-10-11;664.0
1990-10-11;666.0
1990-10-12;657.0
1990-10-12;659.0
1990-10-12;660.0
1990-10-12;659.0
1990-10-13;653.0
1990-10-13;652.0
1990-10-13;653.0
1990-10-13;653.0
1990-10-14;647.0
1990-10-14;648.0
1990-10-14;648.0
1990-10-14;648.0
1990-10-15;646.0
1990-10-15;645.0
1990-10-15;646.0
1990-10-15;646.0
1990-10-16;642.0
1990-10-16;643.0
1990-10-16;643.0
1990-10-16;643.0
1990-10-17;640.0
1990-10-17;640.0
1990-10-17;640.0
1990-10-17;639.0
1990-10-18;637.0
1990-10-18;636.0
1990-10-18;637.0
1990-10-18;637.0
1990-10-19;635.0
1990-10-19;635.0
1990-10-19;634.0
1990-10-19;635.0
1990-10-20;633.0
1990-10-20;633.0
1990-10-20;632.0
1990-10-20;633.0
1990-10-21;635.0
1990-10-21;632.0
1990-10-21;635.0
1990-10-21;638.0
1990-10-22;640.0
1990-10-22;640.0
1990-10-22;640.0
1990-10-22;639.0
1990-10-23;641.0
1990-10-23;640.0
1990-10-23;641.0
1990-10-23;641.0
1990-10-24;641.0
1990-10-24;641.0
1990-10-24;641.0
1990-10-24;641.0
1990-10-25;660.0
1990-10-25;655.0
1990-10-25;665.0
1990-10-25;660.0
1990-10-26;671.0
1990-10-26;670.0
1990-10-26;672.0
1990-10-26;671.0
1990-10-27;669.0
1990-10-27;671.0
1990-10-27;669.0
1990-10-27;666.0
1990-10-28;657.0
1990-10-28;653.0
1990-10-28;660.0
1990-10-28;657.0
1990-10-29;646.0
1990-10-29;643.0
1990-10-29;648.0
1990-10-29;646.0
1990-10-30;638.0
1990-10-30;639.0
1990-10-30;639.0
1990-10-30;639.0
1990-10-31;637.0
1990-10-31;637.0
1990-10-31;637.0
1990-10-31;637.0
1990-11-01;637.0
1990-11-01;637.0
1990-11-01;637.0
1990-11-01;637.0
1990-11-02;633.0
1990-11-02;631.0
1990-11-02;634.0
1990-11-02;633.0
1990-11-03;627.0
1990-11-03;625.0
1990-11-03;627.0
1990-11-03;628.0
1990-11-04;616.0
1990-11-04;620.0
1990-11-04;618.0
1990-11-04;618.0
1990-11-05;609.0
1990-11-05;606.0
1990-11-05;612.0
1990-11-05;609.0
1990-11-06;598.0
1990-11-06;600.0
1990-11-06;602.0
1990-11-06;600.0
1990-11-07;589.0
1990-11-07;589.0
1990-11-07;591.0
1990-11-07;587.0
1990-11-08;594.0
1990-11-08;594.0
1990-11-08;594.0
1990-11-08;594.0
1990-11-09;601.0
1990-11-09;601.0
1990-11-09;601.0
1990-11-09;601.0
1990-11-10;602.0
1990-11-10;602.0
1990-11-10;602.0
1990-11-10;601.0
1990-11-11;603.0
1990-11-11;603.0
1990-11-11;604.0
1990-11-11;601.0
1990-11-12;608.0
1990-11-12;608.0
1990-11-12;608.0
1990-11-12;608.0
1990-11-13;610.0
1990-11-13;610.0
1990-11-13;610.0
1990-11-13;610.0
1990-11-14;612.0
1990-11-14;614.0
1990-11-14;613.0
1990-11-14;613.0
1990-11-15;621.0
1990-11-15;623.0
1990-11-15;624.0
1990-11-15;623.0
1990-11-16;632.0
1990-11-16;629.0
1990-11-16;631.0
1990-11-16;631.0
1990-11-17;636.0
1990-11-17;636.0
1990-11-17;638.0
1990-11-17;634.0
1990-11-18;637.0
1990-11-18;637.0
1990-11-18;636.0
1990-11-18;637.0
1990-11-19;643.0
1990-11-19;649.0
1990-11-19;643.0
1990-11-19;644.0
1990-11-20;657.0
1990-11-20;655.0
1990-11-20;655.0
1990-11-20;652.0
1990-11-21;668.0
1990-11-21;672.0
1990-11-21;664.0
1990-11-21;668.0
1990-11-22;685.0
1990-11-22;681.0
1990-11-22;685.0
1990-11-22;689.0
1990-11-23;702.0
1990-11-23;692.0
1990-11-23;697.0
1990-11-23;697.0
1990-11-24;706.0
1990-11-24;714.0
1990-11-24;710.0
1990-11-24;710.0
1990-11-25;726.0
1990-11-25;739.0
1990-11-25;733.0
1990-11-25;733.0
1990-11-26;778.0
1990-11-26;766.0
1990-11-26;778.0
1990-11-26;789.0
1990-11-27;799.0
1990-11-27;802.0
1990-11-27;801.0
1990-11-27;801.0
1990-11-28;801.0
1990-11-28;804.0
1990-11-28;803.0
1990-11-28;803.0
1990-11-29;796.0
1990-11-29;798.0
1990-11-29;796.0
1990-11-29;794.0
1990-11-30;789.0
1990-11-30;786.0
1990-11-30;791.0
1990-11-30;789.0
1990-12-01;776.0
1990-12-01;772.0
1990-12-01;779.0
1990-12-01;776.0
1990-12-02;757.0
1990-12-02;761.0
1990-12-02;759.0
1990-12-02;757.0
1990-12-03;742.0
1990-12-03;735.0
1990-12-03;739.0
1990-12-03;739.0
1990-12-04;729.0
1990-12-04;732.0
1990-12-04;731.0
1990-12-04;731.0
1990-12-05;732.0
1990-12-05;738.0
1990-12-05;743.0
1990-12-05;738.0
1990-12-06;747.0
1990-12-06;748.0
1990-12-06;747.0
1990-12-06;746.0
1990-12-07;739.0
1990-12-07;741.0
1990-12-07;737.0
1990-12-07;739.0
1990-12-08;737.0
1990-12-08;735.0
1990-12-08;735.0
1990-12-08;732.0
1990-12-09;748.0
1990-12-09;748.0
1990-12-09;758.0
1990-12-09;737.0
1990-12-10;770.0
1990-12-10;768.0
1990-12-10;766.0
1990-12-10;768.0
1990-12-11;748.0
1990-12-11;740.0
1990-12-11;755.0
1990-12-11;748.0
1990-12-12;710.0
1990-12-12;718.0
1990-12-12;718.0
1990-12-12;725.0
1990-12-13;687.0
1990-12-13;693.0
1990-12-13;680.0
1990-12-13;687.0
1990-12-14;664.0
1990-12-14;661.0
1990-12-14;666.0
1990-12-14;664.0
1990-12-15;655.0
1990-12-15;654.0
1990-12-15;636.0
1990-12-15;655.0
1990-12-16;670.0
1990-12-16;666.0
1990-12-16;673.0
1990-12-16;670.0
1990-12-17;677.0
1990-12-17;685.0
1990-12-17;681.0
1990-12-17;681.0
1990-12-18;695.0
1990-12-18;697.0
1990-12-18;692.0
1990-12-18;695.0
1990-12-19;694.0
1990-12-19;696.0
1990-12-19;697.0
1990-12-19;696.0
1990-12-20;688.0
1990-12-20;685.0
1990-12-20;690.0
1990-12-20;688.0
1990-12-21;673.0
1990-12-21;677.0
1990-12-21;675.0
1990-12-21;675.0
1990-12-22;670.0
1990-12-22;669.0
1990-12-22;670.0
1990-12-22;670.0
1990-12-23;676.0
1990-12-23;673.0
1990-12-23;678.0
1990-12-23;676.0
1990-12-24;683.0
1990-12-24;689.0
1990-12-24;689.0
1990-12-24;695.0
1990-12-25;693.0
1990-12-25;694.0
1990-12-25;694.0
1990-12-25;695.0
1990-12-26;697.0
1990-12-26;699.0
1990-12-26;698.0
1990-12-26;698.0
1990-12-27;706.0
1990-12-27;708.0
1990-12-27;706.0
1990-12-27;704.0
1990-12-28;716.0
1990-12-28;714.0
1990-12-28;711.0
1990-12-28;714.0
1990-12-29;716.0
1990-12-29;715.0
1990-12-29;716.0
1990-12-29;716.0
1990-12-30;708.0
1990-12-30;708.0
1990-12-30;707.0
1990-12-30;709.0
1990-12-31;708.0
1990-12-31;710.0
1990-12-31;710.0
1990-12-31;711.0
1991-01-01;718.0
1991-01-01;719.0
1991-01-01;719.0
1991-01-01;719.0
1991-01-02;725.0
1991-01-02;726.0
1991-01-02;725.0
1991-01-02;723.0
1991-01-03;723.0
1991-01-03;725.0
1991-01-03;721.0
1991-01-03;723.0
1991-01-04;705.0
1991-01-04;709.0
1991-01-04;709.0
1991-01-04;712.0
1991-01-05;696.0
1991-01-05;697.0
1991-01-05;697.0
1991-01-05;697.0
1991-01-06;704.0
1991-01-06;697.0
1991-01-06;710.0
1991-01-06;704.0
1991-01-07;727.0
1991-01-07;727.0
1991-01-07;726.0
1991-01-07;728.0
1991-01-08;730.0
1991-01-08;728.0
1991-01-08;729.0
1991-01-08;729.0
1991-01-09;721.0
1991-01-09;724.0
1991-01-09;717.0
1991-01-09;721.0
1991-01-10;698.0
1991-01-10;706.0
1991-01-10;702.0
1991-01-10;702.0
1991-01-11;688.0
1991-01-11;683.0
1991-01-11;678.0
1991-01-11;683.0
1991-01-12;662.0
1991-01-12;662.0
1991-01-12;666.0
1991-01-12;657.0
1991-01-13;638.0
1991-01-13;644.0
1991-01-13;632.0
1991-01-13;638.0
1991-01-14;614.0
1991-01-14;608.0
1991-01-14;620.0
1991-01-14;614.0
1991-01-15;584.0
1991-01-15;583.0
1991-01-15;588.0
1991-01-15;592.0
1991-01-16;562.0
1991-01-16;566.0
1991-01-16;570.0
1991-01-16;571.0
1991-01-17;557.0
1991-01-17;550.0
1991-01-17;540.0
1991-01-17;545.0
1991-01-18;529.0
1991-01-18;525.0
1991-01-18;532.0
1991-01-18;547.0
1991-01-19;535.0
1991-01-19;519.0
1991-01-19;515.0
1991-01-19;510.0
1991-01-20;518.0
1991-01-20;503.0
1991-01-20;501.0
1991-01-20;502.0
1991-01-21;503.0
1991-01-21;508.0
1991-01-21;503.0
1991-01-21;502.0
1991-01-22;497.0
1991-01-22;497.0
1991-01-22;503.0
1991-01-22;500.0
1991-01-23;493.0
1991-01-23;491.0
1991-01-23;496.0
1991-01-23;495.0
1991-01-24;487.0
1991-01-24;486.0
1991-01-24;489.0
1991-01-24;506.0
1991-01-25;498.0
1991-01-25;499.0
1991-01-25;497.0
1991-01-25;514.0
1991-01-26;523.0
1991-01-26;505.0
1991-01-26;508.0
1991-01-26;502.0
1991-01-27;534.0
1991-01-27;514.0
1991-01-27;518.0
1991-01-27;516.0
1991-01-28;516.0
1991-01-28;514.0
1991-01-28;547.0
1991-01-28;517.0
1991-01-29;558.0
1991-01-29;511.0
1991-01-29;509.0
1991-01-29;512.0
1991-01-30;501.0
1991-01-30;504.0
1991-01-30;562.0
1991-01-30;503.0
1991-01-31;496.0
1991-01-31;557.0
1991-01-31;498.0
1991-01-31;497.0
1991-02-01;494.0
1991-02-01;492.0
1991-02-01;550.0
1991-02-01;490.0
1991-02-02;485.0
1991-02-02;483.0
1991-02-02;487.0
1991-02-02;539.0
1991-02-03;470.0
1991-02-03;473.0
1991-02-03;476.0
1991-02-03;527.0
1991-02-04;459.0
1991-02-04;455.0
1991-02-04;517.0
1991-02-04;462.0
1991-02-05;503.0
1991-02-05;452.0
1991-02-05;448.0
1991-02-05;450.0
1991-02-06;489.0
1991-02-06;442.0
1991-02-06;443.0
1991-02-06;444.0
1991-02-07;439.0
1991-02-07;438.0
1991-02-07;479.0
1991-02-07;440.0
1991-02-08;435.0
1991-02-08;436.0
1991-02-08;474.0
1991-02-08;434.0
1991-02-09;469.0
1991-02-09;436.0
1991-02-09;435.0
1991-02-09;436.0
1991-02-10;440.0
1991-02-10;469.0
1991-02-10;443.0
1991-02-10;446.0
1991-02-11;449.0
1991-02-11;449.0
1991-02-11;448.0
1991-02-11;470.0
1991-02-12;438.0
1991-02-12;444.0
1991-02-12;476.0
1991-02-12;441.0
1991-02-13;438.0
1991-02-13;437.0
1991-02-13;487.0
1991-02-13;438.0
1991-02-14;438.0
1991-02-14;438.0
1991-02-14;492.0
1991-02-14;438.0
1991-02-15;486.0
1991-02-15;442.0
1991-02-15;445.0
1991-02-15;444.0
1991-02-16;450.0
1991-02-16;452.0
1991-02-16;448.0
1991-02-16;480.0
1991-02-17;455.0
1991-02-17;456.0
1991-02-17;454.0
1991-02-17;471.0
1991-02-18;460.0
1991-02-18;471.0
1991-02-18;460.0
1991-02-18;459.0
1991-02-19;468.0
1991-02-19;462.0
1991-02-19;462.0
1991-02-19;462.0
1991-02-20;465.0
1991-02-20;462.0
1991-02-20;464.0
1991-02-20;463.0
1991-02-21;467.0
1991-02-21;466.0
1991-02-21;461.0
1991-02-21;468.0
1991-02-22;470.0
1991-02-22;471.0
1991-02-22;469.0
1991-02-22;462.0
1991-02-23;472.0
1991-02-23;489.0
1991-02-23;485.0
1991-02-23;481.0
1991-02-24;501.0
1991-02-24;500.0
1991-02-24;485.0
1991-02-24;499.0
1991-02-25;510.0
1991-02-25;504.0
1991-02-25;507.0
1991-02-25;509.0
1991-02-26;512.0
1991-02-26;521.0
1991-02-26;517.0
1991-02-26;531.0
1991-02-27;550.0
1991-02-27;540.0
1991-02-27;554.0
1991-02-27;547.0
1991-02-28;564.0
1991-02-28;572.0
1991-02-28;580.0
1991-02-28;576.0
1991-03-01;586.0
1991-03-01;588.0
1991-03-01;588.0
1991-03-01;588.0
1991-03-02;591.0
1991-03-02;589.0
1991-03-02;590.0
1991-03-02;600.0
1991-03-03;549.0
1991-03-03;605.0
1991-03-03;597.0
1991-03-03;501.0
1991-03-04;605.0
1991-03-04;502.0
1991-03-04;503.0
1991-03-04;503.0
1991-03-05;504.0
1991-03-05;505.0
1991-03-05;505.0
1991-03-05;620.0
1991-03-06;505.0
1991-03-06;635.0
1991-03-06;503.0
1991-03-06;504.0
1991-03-07;503.0
1991-03-07;504.0
1991-03-07;501.0
1991-03-07;651.0
1991-03-08;534.0
1991-03-08;666.0
1991-03-08;516.0
1991-03-08;552.0
1991-03-09;609.0
1991-03-09;601.0
1991-03-09;681.0
1991-03-09;617.0
1991-03-10;631.0
1991-03-10;635.0
1991-03-10;626.0
1991-03-10;708.0
1991-03-11;654.0
1991-03-11;749.0
1991-03-11;745.0
1991-03-11;700.0
1991-03-12;804.0
1991-03-12;818.0
1991-03-12;790.0
1991-03-12;790.0
1991-03-13;842.0
1991-03-13;834.0
1991-03-13;838.0
1991-03-13;838.0
1991-03-14;854.0
1991-03-14;852.0
1991-03-14;856.0
1991-03-14;854.0
1991-03-15;853.0
1991-03-15;850.0
1991-03-15;846.0
1991-03-15;850.0
1991-03-16;834.0
1991-03-16;828.0
1991-03-16;828.0
1991-03-16;822.0
1991-03-17;798.0
1991-03-17;792.0
1991-03-17;804.0
1991-03-17;798.0
1991-03-18;761.0
1991-03-18;770.0
1991-03-18;752.0
1991-03-18;761.0
1991-03-19;717.0
1991-03-19;725.0
1991-03-19;709.0
1991-03-19;717.0
1991-03-20;689.0
1991-03-20;682.0
1991-03-20;686.0
1991-03-20;686.0
1991-03-21;672.0
1991-03-21;670.0
1991-03-21;668.0
1991-03-21;670.0
1991-03-22;669.0
1991-03-22;648.0
1991-03-22;659.0
1991-03-22;659.0
1991-03-23;676.0
1991-03-23;670.0
1991-03-23;673.0
1991-03-23;673.0
1991-03-24;654.0
1991-03-24;661.0
1991-03-24;661.0
1991-03-24;667.0
1991-03-25;644.0
1991-03-25;638.0
1991-03-25;638.0
1991-03-25;632.0
1991-03-26;611.0
1991-03-26;615.0
1991-03-26;607.0
1991-03-26;611.0
1991-03-27;602.0
1991-03-27;600.0
1991-03-27;598.0
1991-03-27;600.0
1991-03-28;615.0
1991-03-28;618.0
1991-03-28;612.0
1991-03-28;615.0
1991-03-29;617.0
1991-03-29;619.0
1991-03-29;619.0
1991-03-29;621.0
1991-03-30;602.0
1991-03-30;601.0
1991-03-30;602.0
1991-03-30;609.0
1991-03-31;591.0
1991-03-31;588.0
1991-03-31;584.0
1991-03-31;588.0
1991-04-01;571.0
1991-04-01;567.0
1991-04-01;575.0
1991-04-01;571.0
1991-04-02;554.0
1991-04-02;554.0
1991-04-02;558.0
1991-04-02;550.0
1991-04-03;538.0
1991-04-03;538.0
1991-04-03;543.0
1991-04-03;533.0
1991-04-04;527.0
1991-04-04;527.0
1991-04-04;529.0
1991-04-04;524.0
1991-04-05;517.0
1991-04-05;514.0
1991-04-05;519.0
1991-04-05;517.0
1991-04-06;510.0
1991-04-06;518.0
1991-04-06;526.0
1991-04-06;518.0
1991-04-07;542.0
1991-04-07;538.0
1991-04-07;545.0
1991-04-07;542.0
1991-04-08;556.0
1991-04-08;560.0
1991-04-08;551.0
1991-04-08;556.0
1991-04-09;552.0
1991-04-09;552.0
1991-04-09;553.0
1991-04-09;551.0
1991-04-10;561.0
1991-04-10;565.0
1991-04-10;565.0
1991-04-10;569.0
1991-04-11;564.0
1991-04-11;564.0
1991-04-11;564.0
1991-04-11;563.0
1991-04-12;563.0
1991-04-12;563.0
1991-04-12;563.0
1991-04-12;563.0
1991-04-13;564.0
1991-04-13;562.0
1991-04-13;562.0
1991-04-13;560.0
1991-04-14;572.0
1991-04-14;574.0
1991-04-14;572.0
1991-04-14;570.0
1991-04-15;584.0
1991-04-15;589.0
1991-04-15;589.0
1991-04-15;594.0
1991-04-16;607.0
1991-04-16;603.0
1991-04-16;610.0
1991-04-16;607.0
1991-04-17;638.0
1991-04-17;630.0
1991-04-17;622.0
1991-04-17;630.0
1991-04-18;653.0
1991-04-18;648.0
1991-04-18;642.0
1991-04-18;648.0
1991-04-19;662.0
1991-04-19;661.0
1991-04-19;660.0
1991-04-19;661.0
1991-04-20;675.0
1991-04-20;678.0
1991-04-20;661.0
1991-04-20;675.0
1991-04-21;688.0
1991-04-21;685.0
1991-04-21;681.0
1991-04-21;685.0
1991-04-22;694.0
1991-04-22;692.0
1991-04-22;692.0
1991-04-22;690.0
1991-04-23;762.0
1991-04-23;719.0
1991-04-23;711.0
1991-04-23;711.0
1991-04-24;783.0
1991-04-24;769.0
1991-04-24;754.0
1991-04-24;769.0
1991-04-25;813.0
1991-04-25;807.0
1991-04-25;810.0
1991-04-25;810.0
1991-04-26;814.0
1991-04-26;814.0
1991-04-26;814.0
1991-04-26;814.0
1991-04-27;806.0
1991-04-27;808.0
1991-04-27;803.0
1991-04-27;806.0
1991-04-28;793.0
1991-04-28;793.0
1991-04-28;797.0
1991-04-28;788.0
1991-04-29;782.0
1991-04-29;780.0
1991-04-29;784.0
1991-04-29;782.0
1991-04-30;773.0
1991-04-30;777.0
1991-04-30;775.0
1991-04-30;775.0
1991-05-01;760.0
1991-05-01;764.0
1991-05-01;764.0
1991-05-01;767.0
1991-05-02;808.0
1991-05-02;808.0
1991-05-02;808.0
1991-05-02;808.0
1991-05-03;810.0
1991-05-03;813.0
1991-05-03;815.0
1991-05-03;813.0
1991-05-04;820.0
1991-05-04;835.0
1991-05-04;835.0
1991-05-04;850.0
1991-05-05;856.0
1991-05-05;856.0
1991-05-05;856.0
1991-05-05;856.0
1991-05-06;851.0
1991-05-06;852.0
1991-05-06;850.0
1991-05-06;851.0
1991-05-07;874.0
1991-05-07;880.0
1991-05-07;868.0
1991-05-07;874.0
1991-05-08;919.0
1991-05-08;919.0
1991-05-08;929.0
1991-05-08;909.0
1991-05-09;949.0
1991-05-09;966.0
1991-05-09;958.0
1991-05-09;958.0
1991-05-10;999.0
1991-05-10;985.0
1991-05-10;992.0
1991-05-10;992.0
1991-05-11;1041.0
1991-05-11;1032.0
1991-05-11;1022.0
1991-05-11;1032.0
1991-05-12;1031.0
1991-05-12;1035.0
1991-05-12;1038.0
1991-05-12;1035.0
1991-05-13;1030.0
1991-05-13;1027.0
1991-05-13;1029.0
1991-05-13;1029.0
1991-05-14;1016.0
1991-05-14;1020.0
1991-05-14;1012.0
1991-05-14;1016.0
1991-05-15;1001.0
1991-05-15;997.0
1991-05-15;1004.0
1991-05-15;1001.0
1991-05-16;988.0
1991-05-16;991.0
1991-05-16;985.0
1991-05-16;988.0
1991-05-17;978.0
1991-05-17;979.0
1991-05-17;976.0
1991-05-17;978.0
1991-05-18;979.0
1991-05-18;979.0
1991-05-18;980.0
1991-05-18;977.0
1991-05-19;1004.0
1991-05-19;1008.0
1991-05-19;999.0
1991-05-19;1004.0
1991-05-20;1008.0
1991-05-20;106.0
1991-05-20;1010.0
1991-05-20;1008.0
1991-05-21;1000.0
1991-05-21;1000.0
1991-05-21;1003.0
1991-05-21;996.0
1991-05-22;1001.0
1991-05-22;1008.0
1991-05-22;994.0
1991-05-22;1001.0
1991-05-23;1020.0
1991-05-23;1018.0
1991-05-23;1022.0
1991-05-23;1020.0
1991-05-24;1022.0
1991-05-24;1023.0
1991-05-24;1024.0
1991-05-24;1023.0
1991-05-25;1016.0
1991-05-25;1011.0
1991-05-25;1011.0
1991-05-25;1006.0
1991-05-26;995.0
1991-05-26;992.0
1991-05-26;998.0
1991-05-26;995.0
1991-05-27;990.0
1991-05-27;990.0
1991-05-27;990.0
1991-05-27;990.0
1991-05-28;999.0
1991-05-28;998.0
1991-05-28;999.0
1991-05-28;999.0
1991-05-29;1005.0
1991-05-29;1075.0
1991-05-29;1040.0
1991-05-29;1040.0
1991-05-30;1028.0
1991-05-30;1025.0
1991-05-30;1027.0
1991-05-30;1022.0
1991-05-31;1032.0
1991-05-31;1033.0
1991-05-31;1031.0
1991-05-31;1017.0
1991-06-01;1009.0
1991-06-02;1001.0
1991-06-03;994.0
1991-06-04;986.0
1991-06-05;977.0
1991-06-06;970.0
1991-06-07;964.0
1991-06-08;967.0
1991-06-09;974.0
1991-06-10;980.0
1991-06-11;980.0
1991-06-12;975.0
1991-06-13;964.0
1991-06-14;952.0
1991-06-15;947.0
1991-06-16;951.0
1991-06-17;964.0
1991-06-18;979.0
1991-06-19;986.0
1991-06-20;986.0
1991-06-21;977.0
1991-06-22;969.0
1991-06-23;961.0
1991-06-24;966.0
1991-06-25;995.0
1991-06-26;1026.0
1991-06-27;1050.0
1991-06-28;1064.0
1991-06-29;1071.0
1991-06-30;1068.0
1991-07-01;1057.0
1991-07-02;1043.0
1991-07-03;1033.0
1991-07-04;1028.0
1991-07-05;1035.0
1991-07-06;1066.0
1991-07-07;1094.0
1991-07-08;1110.0
1991-07-09;1123.0
1991-07-10;1134.0
1991-07-11;1141.0
1991-07-12;1143.0
1991-07-13;1142.0
1991-07-14;1146.0
1991-07-15;1144.0
1991-07-16;1133.0
1991-07-17;1118.0
1991-07-18;1106.0
1991-07-19;1094.0
1991-07-20;1082.0
1991-07-21;1071.0
1991-07-22;1061.0
1991-07-23;1052.0
1991-07-24;1075.0
1991-07-25;1120.0
1991-07-26;1137.0
1991-07-27;1140.0
1991-07-28;1141.0
1991-07-29;1146.0
1991-07-30;1149.0
1991-07-31;1155.0
1991-08-01;1160.0
1991-08-02;1167.0
1991-08-03;1174.0
1991-08-04;1181.0
1991-08-05;1187.0
1991-08-06;1189.0
1991-08-07;1190.0
1991-08-08;1186.0
1991-08-09;1179.0
1991-08-10;1172.0
1991-08-11;1169.0
1991-08-12;1153.0
1991-08-13;1140.0
1991-08-14;1136.0
1991-08-15;1116.0
1991-08-16;1102.0
1991-08-17;1100.0
1991-08-18;1082.0
1991-08-19;1086.0
1991-08-20;1092.0
1991-08-21;1108.0
1991-08-22;1109.0
1991-08-23;1153.0
1991-08-24;1151.0
1991-08-25;1119.0
1991-08-26;1104.0
1991-08-27;1086.0
1991-08-28;1080.0
1991-08-29;1068.0
1991-08-30;1060.0
1991-08-31;1042.0
1991-09-01;1019.0
1991-09-02;1004.0
1991-09-03;992.0
1991-09-04;1007.0
1991-09-05;1015.0
1991-09-06;1019.0
1991-09-07;1018.0
1991-09-08;1014.0
1991-09-09;1014.0
1991-09-10;1010.0
1991-09-11;998.0
1991-09-12;991.0
1991-09-13;975.0
1991-09-14;950.0
1991-09-15;909.0
1991-09-16;882.0
1991-09-17;864.0
1991-09-18;825.0
1991-09-19;800.0
1991-09-20;787.0
1991-09-21;776.0
1991-09-22;772.0
1991-09-23;771.0
1991-09-24;769.0
1991-09-25;766.0
1991-09-26;760.0
1991-09-27;760.0
1991-09-28;751.0
1991-09-29;741.0
1991-09-30;729.0
1991-10-01;723.0
1991-10-02;708.0
1991-10-03;694.0
1991-10-04;682.0
1991-10-05;672.0
1991-10-06;665.0
1991-10-07;661.0
1991-10-08;649.0
1991-10-09;654.0
1991-10-09;658.0
1991-10-09;650.0
1991-10-09;641.0
1991-10-10;657.0
1991-10-10;650.0
1991-10-10;631.0
1991-10-10;663.0
1991-10-11;688.0
1991-10-11;624.0
1991-10-11;685.0
1991-10-11;681.0
1991-10-12;690.0
1991-10-12;691.0
1991-10-12;619.0
1991-10-12;691.0
1991-10-13;686.0
1991-10-13;617.0
1991-10-13;683.0
1991-10-13;680.0
1991-10-14;669.0
1991-10-14;661.0
1991-10-14;665.0
1991-10-14;621.0
1991-10-15;619.0
1991-10-15;647.0
1991-10-15;650.0
1991-10-15;653.0
1991-10-16;640.0
1991-10-16;609.0
1991-10-16;638.0
1991-10-16;641.0
1991-10-17;634.0
1991-10-17;633.0
1991-10-17;634.0
1991-10-17;598.0
1991-10-18;586.0
1991-10-18;632.0
1991-10-18;632.0
1991-10-18;632.0
1991-10-19;579.0
1991-10-19;643.0
1991-10-19;648.0
1991-10-19;638.0
1991-10-20;684.0
1991-10-20;666.0
1991-10-20;577.0
1991-10-20;675.0
1991-10-21;701.0
1991-10-21;697.0
1991-10-21;705.0
1991-10-21;581.0
1991-10-22;715.0
1991-10-22;599.0
1991-10-22;717.0
1991-10-22;712.0
1991-10-23;723.0
1991-10-23;723.0
1991-10-23;722.0
1991-10-23;616.0
1991-10-24;719.0
1991-10-24;721.0
1991-10-24;628.0
1991-10-24;720.0
1991-10-25;714.0
1991-10-25;712.0
1991-10-25;716.0
1991-10-25;634.0
1991-10-26;637.0
1991-10-26;716.0
1991-10-26;714.0
1991-10-26;715.0
1991-10-27;738.0
1991-10-27;732.0
1991-10-27;636.0
1991-10-27;725.0
1991-10-28;754.0
1991-10-28;636.0
1991-10-28;763.0
1991-10-28;759.0
1991-10-29;645.0
1991-10-29;768.0
1991-10-29;770.0
1991-10-29;772.0
1991-10-30;771.0
1991-10-30;772.0
1991-10-30;660.0
1991-10-30;770.0
1991-10-31;674.0
1991-10-31;766.0
1991-10-31;767.0
1991-10-31;768.0
1991-11-01;764.0
1991-11-01;762.0
1991-11-01;763.0
1991-11-01;677.0
1991-11-02;762.0
1991-11-02;688.0
1991-11-02;763.0
1991-11-02;763.0
1991-11-03;765.0
1991-11-03;765.0
1991-11-03;694.0
1991-11-03;765.0
1991-11-04;760.0
1991-11-04;758.0
1991-11-04;762.0
1991-11-04;694.0
1991-11-05;749.0
1991-11-05;746.0
1991-11-05;751.0
1991-11-05;694.0
1991-11-06;743.0
1991-11-06;742.0
1991-11-06;744.0
1991-11-06;690.0
1991-11-07;682.0
1991-11-07;742.0
1991-11-07;744.0
1991-11-07;743.0
1991-11-08;738.0
1991-11-08;739.0
1991-11-08;740.0
1991-11-08;675.0
1991-11-09;743.0
1991-11-09;742.0
1991-11-09;671.0
1991-11-09;744.0
1991-11-10;752.0
1991-11-10;668.0
1991-11-10;751.0
1991-11-10;750.0
1991-11-11;754.0
1991-11-11;754.0
1991-11-11;672.0
1991-11-11;754.0
1991-11-12;671.0
1991-11-12;754.0
1991-11-12;755.0
1991-11-12;756.0
1991-11-13;750.0
1991-11-13;751.0
1991-11-13;661.0
1991-11-13;752.0
1991-11-14;742.0
1991-11-14;744.0
1991-11-14;664.0
1991-11-14;740.0
1991-11-15;733.0
1991-11-15;738.0
1991-11-15;671.0
1991-11-15;736.0
1991-11-16;727.0
1991-11-16;728.0
1991-11-16;667.0
1991-11-16;725.0
1991-11-17;669.0
1991-11-17;729.0
1991-11-17;734.0
1991-11-17;732.0
1991-11-18;667.0
1991-11-18;717.0
1991-11-18;707.0
1991-11-18;712.0
1991-11-19;704.0
1991-11-19;703.0
1991-11-19;704.0
1991-11-19;662.0
1991-11-20;654.0
1991-11-20;706.0
1991-11-20;706.0
1991-11-20;705.0
1991-11-21;705.0
1991-11-21;702.0
1991-11-21;704.0
1991-11-21;650.0
1991-11-22;654.0
1991-11-22;695.0
1991-11-22;688.0
1991-11-22;692.0
1991-11-23;670.0
1991-11-23;674.0
1991-11-23;678.0
1991-11-23;660.0
1991-11-24;655.0
1991-11-24;662.0
1991-11-24;659.0
1991-11-24;655.0
1991-11-25;647.0
1991-11-25;645.0
1991-11-25;649.0
1991-11-25;647.0
1991-11-26;636.0
1991-11-26;641.0
1991-11-26;642.0
1991-11-26;643.0
1991-11-27;643.0
1991-11-27;644.0
1991-11-27;642.0
1991-11-27;626.0
1991-11-28;657.0
1991-11-28;650.0
1991-11-28;654.0
1991-11-28;617.0
1991-11-29;667.0
1991-11-29;668.0
1991-11-29;615.0
1991-11-29;665.0
1991-11-30;672.0
1991-11-30;679.0
1991-11-30;617.0
1991-11-30;686.0
1991-12-01;621.0
1991-12-01;688.0
1991-12-01;686.0
1991-12-01;687.0
1991-12-02;623.0
1991-12-02;678.0
1991-12-02;676.0
1991-12-02;680.0
1991-12-03;671.0
1991-12-03;672.0
1991-12-03;623.0
1991-12-03;670.0
1991-12-04;668.0
1991-12-04;667.0
1991-12-04;668.0
1991-12-04;619.0
1991-12-05;670.0
1991-12-05;670.0
1991-12-05;669.0
1991-12-05;617.0
1991-12-06;621.0
1991-12-06;670.0
1991-12-06;670.0
1991-12-06;670.0
1991-12-07;667.0
1991-12-07;665.0
1991-12-07;626.0
1991-12-07;662.0
1991-12-08;626.0
1991-12-08;658.0
1991-12-08;652.0
1991-12-08;655.0
1991-12-09;650.0
1991-12-09;620.0
1991-12-09;662.0
1991-12-09;656.0
1991-12-10;697.0
1991-12-10;613.0
1991-12-10;688.0
1991-12-10;705.0
1991-12-11;718.0
1991-12-11;720.0
1991-12-11;607.0
1991-12-11;719.0
1991-12-12;722.0
1991-12-12;709.0
1991-12-12;627.0
1991-12-12;716.0
1991-12-13;695.0
1991-12-13;698.0
1991-12-13;640.0
1991-12-13;692.0
1991-12-14;676.0
1991-12-14;680.0
1991-12-14;641.0
1991-12-14;672.0
1991-12-15;658.0
1991-12-15;635.0
1991-12-15;653.0
1991-12-15;648.0
1991-12-16;624.0
1991-12-16;618.0
1991-12-16;630.0
1991-12-16;630.0
1991-12-17;605.0
1991-12-17;607.0
1991-12-17;619.0
1991-12-17;609.0
1991-12-18;610.0
1991-12-18;590.0
1991-12-18;586.0
1991-12-18;593.0
1991-12-19;603.0
1991-12-19;569.0
1991-12-19;566.0
1991-12-19;572.0
1991-12-20;559.0
1991-12-20;557.0
1991-12-20;560.0
1991-12-20;592.0
1991-12-21;577.0
1991-12-21;555.0
1991-12-21;554.0
1991-12-21;553.0
1991-12-22;544.0
1991-12-22;539.0
1991-12-22;541.0
1991-12-22;565.0
1991-12-23;531.0
1991-12-23;527.0
1991-12-23;534.0
1991-12-23;550.0
1991-12-24;514.0
1991-12-24;517.0
1991-12-24;520.0
1991-12-24;537.0
1991-12-25;508.0
1991-12-25;507.0
1991-12-25;522.0
1991-12-25;506.0
1991-12-26;506.0
1991-12-26;506.0
1991-12-26;506.0
1991-12-26;506.0
1991-12-27;498.0
1991-12-27;505.0
1991-12-27;504.0
1991-12-27;505.0
1991-12-28;504.0
1991-12-28;503.0
1991-12-28;504.0
1991-12-28;499.0
1991-12-29;502.0
1991-12-29;502.0
1991-12-29;502.0
1991-12-29;502.0
1991-12-30;501.0
1991-12-30;500.0
1991-12-30;500.0
1991-12-30;499.0
1991-12-31;498.0
1991-12-31;498.0
1991-12-31;498.0
1991-12-31;493.0
1992-01-01;498.0
1992-01-01;497.0
1992-01-01;495.0
1992-01-01;499.0
1992-01-02;509.0
1992-01-02;521.0
1992-01-02;498.0
1992-01-02;515.0
1992-01-03;502.0
1992-01-03;535.0
1992-01-03;545.0
1992-01-03;540.0
1992-01-04;583.0
1992-01-04;557.0
1992-01-04;506.0
1992-01-04;570.0
1992-01-05;618.0
1992-01-05;623.0
1992-01-05;621.0
1992-01-05;523.0
1992-01-06;628.0
1992-01-06;627.0
1992-01-06;625.0
1992-01-06;533.0
1992-01-07;529.0
1992-01-07;612.0
1992-01-07;616.0
1992-01-07;620.0
1992-01-08;592.0
1992-01-08;597.0
1992-01-08;602.0
1992-01-08;539.0
1992-01-09;577.0
1992-01-09;573.0
1992-01-09;580.0
1992-01-09;539.0
1992-01-10;533.0
1992-01-10;576.0
1992-01-10;582.0
1992-01-10;579.0
1992-01-11;527.0
1992-01-11;588.0
1992-01-11;590.0
1992-01-11;586.0
1992-01-12;593.0
1992-01-12;530.0
1992-01-12;594.0
1992-01-12;594.0
1992-01-13;590.0
1992-01-13;531.0
1992-01-13;586.0
1992-01-13;588.0
1992-01-14;571.0
1992-01-14;578.0
1992-01-14;533.0
1992-01-14;575.0
1992-01-15;541.0
1992-01-15;567.0
1992-01-15;558.0
1992-01-15;563.0
1992-01-16;542.0
1992-01-16;537.0
1992-01-16;546.0
1992-01-16;542.0
1992-01-17;512.0
1992-01-17;508.0
1992-01-17;516.0
1992-01-17;541.0
1992-01-18;498.0
1992-01-18;524.0
1992-01-18;499.0
1992-01-18;496.0
1992-01-19;487.0
1992-01-19;490.0
1992-01-19;511.0
1992-01-19;489.0
1992-01-20;512.0
1992-01-20;486.0
1992-01-20;486.0
1992-01-20;486.0
1992-01-21;491.0
1992-01-21;492.0
1992-01-21;489.0
1992-01-21;497.0
1992-01-22;493.0
1992-01-22;493.0
1992-01-22;493.0
1992-01-22;486.0
1992-01-23;488.0
1992-01-23;475.0
1992-01-23;486.0
1992-01-23;490.0
1992-01-24;465.0
1992-01-24;482.0
1992-01-24;477.0
1992-01-24;471.0
1992-01-25;474.0
1992-01-25;476.0
1992-01-25;455.0
1992-01-25;472.0
1992-01-26;461.0
1992-01-26;458.0
1992-01-26;464.0
1992-01-26;447.0
1992-01-27;447.0
1992-01-27;450.0
1992-01-27;438.0
1992-01-27;452.0
1992-01-28;442.0
1992-01-28;431.0
1992-01-28;438.0
1992-01-28;445.0
1992-01-29;433.0
1992-01-29;431.0
1992-01-29;435.0
1992-01-29;425.0
1992-01-30;425.0
1992-01-30;426.0
1992-01-30;422.0
1992-01-30;428.0
1992-01-31;425.0
1992-01-31;420.0
1992-01-31;423.0
1992-01-31;421.0
1992-02-01;418.0
1992-02-01;423.0
1992-02-01;417.0
1992-02-01;419.0
1992-02-02;418.0
1992-02-02;418.0
1992-02-02;426.0
1992-02-02;418.0
1992-02-03;428.0
1992-02-03;417.0
1992-02-03;415.0
1992-02-03;416.0
1992-02-04;428.0
1992-02-04;412.0
1992-02-04;411.0
1992-02-04;410.0
1992-02-05;408.0
1992-02-05;429.0
1992-02-05;405.0
1992-02-05;407.0
1992-02-06;429.0
1992-02-06;401.0
1992-02-06;402.0
1992-02-06;403.0
1992-02-07;430.0
1992-02-07;409.0
1992-02-07;413.0
1992-02-07;411.0
1992-02-08;425.0
1992-02-08;430.0
1992-02-08;420.0
1992-02-08;423.0
1992-02-09;431.0
1992-02-09;430.0
1992-02-09;431.0
1992-02-09;431.0
1992-02-10;431.0
1992-02-10;432.0
1992-02-10;430.0
1992-02-10;431.0
1992-02-11;428.0
1992-02-11;426.0
1992-02-11;427.0
1992-02-11;424.0
1992-02-12;423.0
1992-02-12;422.0
1992-02-12;421.0
1992-02-12;422.0
1992-02-13;419.0
1992-02-13;418.0
1992-02-13;420.0
1992-02-13;418.0
1992-02-14;416.0
1992-02-14;414.0
1992-02-14;417.0
1992-02-14;417.0
1992-02-15;412.0
1992-02-15;411.0
1992-02-15;413.0
1992-02-15;412.0
1992-02-16;409.0
1992-02-16;409.0
1992-02-16;406.0
1992-02-16;408.0
1992-02-17;402.0
1992-02-17;407.0
1992-02-17;402.0
1992-02-17;401.0
1992-02-18;406.0
1992-02-18;401.0
1992-02-18;401.0
1992-02-18;401.0
1992-02-19;407.0
1992-02-19;402.0
1992-02-19;402.0
1992-02-19;401.0
1992-02-20;402.0
1992-02-20;401.0
1992-02-20;402.0
1992-02-20;428.0
1992-02-21;402.0
1992-02-21;409.0
1992-02-21;401.0
1992-02-21;445.0
1992-02-22;404.0
1992-02-22;404.0
1992-02-22;461.0
1992-02-22;403.0
1992-02-23;405.0
1992-02-23;405.0
1992-02-23;405.0
1992-02-23;483.0
1992-02-24;404.0
1992-02-24;403.0
1992-02-24;512.0
1992-02-24;404.0
1992-02-25;404.0
1992-02-25;404.0
1992-02-25;549.0
1992-02-25;404.0
1992-02-26;418.0
1992-02-26;549.0
1992-02-26;412.0
1992-02-26;423.0
1992-02-27;474.0
1992-02-27;454.0
1992-02-27;587.0
1992-02-27;464.0
1992-02-28;497.0
1992-02-28;625.0
1992-02-28;491.0
1992-02-28;494.0
1992-02-29;504.0
1992-02-29;640.0
1992-02-29;509.0
1992-02-29;499.0
1992-03-01;645.0
1992-03-01;522.0
1992-03-01;522.0
1992-03-01;522.0
1992-03-02;558.0
1992-03-02;547.0
1992-03-02;569.0
1992-03-02;642.0
1992-03-03;617.0
1992-03-03;608.0
1992-03-03;666.0
1992-03-03;598.0
1992-03-04;693.0
1992-03-04;644.0
1992-03-04;659.0
1992-03-04;652.0
1992-03-05;673.0
1992-03-05;676.0
1992-03-05;670.0
1992-03-05;713.0
1992-03-06;675.0
1992-03-06;674.0
1992-03-06;723.0
1992-03-06;676.0
1992-03-07;722.0
1992-03-07;688.0
1992-03-07;702.0
1992-03-07;695.0
1992-03-08;719.0
1992-03-08;729.0
1992-03-08;714.0
1992-03-08;713.0
1992-03-09;713.0
1992-03-09;747.0
1992-03-09;712.0
1992-03-09;710.0
1992-03-10;703.0
1992-03-10;706.0
1992-03-10;708.0
1992-03-10;755.0
1992-03-11;697.0
1992-03-11;698.0
1992-03-11;699.0
1992-03-11;761.0
1992-03-12;760.0
1992-03-12;692.0
1992-03-12;690.0
1992-03-12;693.0
1992-03-13;688.0
1992-03-13;756.0
1992-03-13;690.0
1992-03-13;689.0
1992-03-14;689.0
1992-03-14;688.0
1992-03-14;748.0
1992-03-14;689.0
1992-03-15;707.0
1992-03-15;748.0
1992-03-15;710.0
1992-03-15;704.0
1992-03-16;754.0
1992-03-16;717.0
1992-03-16;718.0
1992-03-16;716.0
1992-03-17;722.0
1992-03-17;723.0
1992-03-17;723.0
1992-03-17;763.0
1992-03-18;720.0
1992-03-18;769.0
1992-03-18;722.0
1992-03-18;721.0
1992-03-19;714.0
1992-03-19;719.0
1992-03-19;717.0
1992-03-19;772.0
1992-03-20;706.0
1992-03-20;701.0
1992-03-20;768.0
1992-03-20;704.0
1992-03-21;696.0
1992-03-21;692.0
1992-03-21;764.0
1992-03-21;694.0
1992-03-22;684.0
1992-03-22;681.0
1992-03-22;686.0
1992-03-22;760.0
1992-03-23;676.0
1992-03-23;670.0
1992-03-23;673.0
1992-03-23;751.0
1992-03-24;664.0
1992-03-24;656.0
1992-03-24;740.0
1992-03-24;660.0
1992-03-25;648.0
1992-03-25;728.0
1992-03-25;644.0
1992-03-25;640.0
1992-03-26;622.0
1992-03-26;627.0
1992-03-26;712.0
1992-03-26;631.0
1992-03-27;605.0
1992-03-27;611.0
1992-03-27;688.0
1992-03-27;599.0
1992-03-28;589.0
1992-03-28;585.0
1992-03-28;592.0
1992-03-28;669.0
1992-03-29;648.0
1992-03-29;574.0
1992-03-29;566.0
1992-03-29;570.0
1992-03-30;618.0
1992-03-30;556.0
1992-03-30;558.0
1992-03-30;554.0
1992-03-31;557.0
1992-03-31;593.0
1992-03-31;566.0
1992-03-31;557.0
1992-04-01;582.0
1992-04-01;580.0
1992-04-01;585.0
1992-04-01;579.0
1992-04-02;587.0
1992-04-02;586.0
1992-04-02;586.0
1992-04-02;584.0
1992-04-03;575.0
1992-04-03;575.0
1992-04-03;571.0
1992-04-03;578.0
1992-04-04;556.0
1992-04-04;551.0
1992-04-04;560.0
1992-04-04;556.0
1992-04-05;541.0
1992-04-05;544.0
1992-04-05;541.0
1992-04-05;538.0
1992-04-06;541.0
1992-04-06;548.0
1992-04-06;555.0
1992-04-06;548.0
1992-04-07;581.0
1992-04-07;575.0
1992-04-07;587.0
1992-04-07;581.0
1992-04-08;610.0
1992-04-08;616.0
1992-04-08;604.0
1992-04-08;610.0
1992-04-09;634.0
1992-04-09;628.0
1992-04-09;631.0
1992-04-09;531.0
1992-04-10;636.0
1992-04-10;635.0
1992-04-10;636.0
1992-04-10;636.0
1992-04-11;656.0
1992-04-11;665.0
1992-04-11;646.0
1992-04-11;656.0
1992-04-12;691.0
1992-04-12;691.0
1992-04-12;697.0
1992-04-12;684.0
1992-04-13;716.0
1992-04-13;713.0
1992-04-13;716.0
1992-04-13;718.0
1992-04-14;719.0
1992-04-14;719.0
1992-04-14;719.0
1992-04-14;719.0
1992-04-15;710.0
1992-04-15;710.0
1992-04-15;713.0
1992-04-15;707.0
1992-04-16;692.0
1992-04-16;695.0
1992-04-16;698.0
1992-04-16;695.0
1992-04-17;683.0
1992-04-17;688.0
1992-04-17;686.0
1992-04-17;686.0
1992-04-18;675.0
1992-04-18;674.0
1992-04-18;672.0
1992-04-18;674.0
1992-04-19;667.0
1992-04-19;664.0
1992-04-19;669.0
1992-04-19;667.0
1992-04-20;660.0
1992-04-20;661.0
1992-04-20;660.0
1992-04-20;658.0
1992-04-21;651.0
1992-04-21;653.0
1992-04-21;654.0
1992-04-21;653.0
1992-04-22;649.0
1992-04-22;648.0
1992-04-22;648.0
1992-04-22;646.0
1992-04-23;649.0
1992-04-23;650.0
1992-04-23;648.0
1992-04-23;649.0
1992-04-24;675.0
1992-04-24;683.0
1992-04-24;690.0
1992-04-24;683.0
1992-04-25;708.0
1992-04-25;708.0
1992-04-25;703.0
1992-04-25;713.0
1992-04-26;736.0
1992-04-26;736.0
1992-04-26;731.0
1992-04-26;740.0
1992-04-27;749.0
1992-04-27;747.0
1992-04-27;749.0
1992-04-27;750.0
1992-04-28;753.0
1992-04-28;753.0
1992-04-28;753.0
1992-04-28;753.0
1992-04-29;755.0
1992-04-29;755.0
1992-04-29;755.0
1992-04-29;755.0
1992-04-30;748.0
1992-04-30;750.0
1992-04-30;751.0
1992-04-30;750.0
1992-05-01;740.0
1992-05-01;744.0
1992-05-01;742.0
1992-05-01;742.0
1992-05-02;734.0
1992-05-02;738.0
1992-05-02;736.0
1992-05-02;736.0
1992-05-03;730.0
1992-05-03;729.0
1992-05-03;729.0
1992-05-03;727.0
1992-05-04;720.0
1992-05-04;718.0
1992-05-04;719.0
1992-05-04;719.0
1992-05-05;715.0
1992-05-05;716.0
1992-05-05;715.0
1992-05-05;714.0
1992-05-06;726.0
1992-05-06;732.0
1992-05-06;726.0
1992-05-06;720.0
1992-05-07;759.0
1992-05-07;759.0
1992-05-07;766.0
1992-05-07;754.0
1992-05-08;786.0
1992-05-08;781.0
1992-05-08;776.0
1992-05-08;781.0
1992-05-09;796.0
1992-05-09;794.0
1992-05-09;798.0
1992-05-09;796.0
1992-05-10;808.0
1992-05-10;803.0
1992-05-10;808.0
1992-05-10;812.0
1992-05-11;829.0
1992-05-11;826.0
1992-05-11;829.0
1992-05-11;832.0
1992-05-12;855.0
1992-05-12;855.0
1992-05-12;848.0
1992-05-12;862.0
1992-05-13;868.0
1992-05-13;870.0
1992-05-13;865.0
1992-05-13;868.0
1992-05-14;871.0
1992-05-14;871.0
1992-05-14;871.0
1992-05-14;871.0
1992-05-15;863.0
1992-05-15;866.0
1992-05-15;865.0
1992-05-15;865.0
1992-05-16;864.0
1992-05-16;864.0
1992-05-16;863.0
1992-05-16;864.0
1992-05-17;870.0
1992-05-17;871.0
1992-05-17;869.0
1992-05-17;870.0
1992-05-18;907.0
1992-05-18;917.0
1992-05-18;896.0
1992-05-18;907.0
1992-05-19;932.0
1992-05-19;930.0
1992-05-19;934.0
1992-05-19;932.0
1992-05-20;942.0
1992-05-20;941.0
1992-05-20;942.0
1992-05-20;942.0
1992-05-21;937.0
1992-05-21;940.0
1992-05-21;937.0
1992-05-21;934.0
1992-05-22;928.0
1992-05-22;925.0
1992-05-22;921.0
1992-05-22;925.0
1992-05-23;914.0
1992-05-23;912.0
1992-05-23;915.0
1992-05-23;914.0
1992-05-24;902.0
1992-05-24;899.0
1992-05-24;904.0
1992-05-24;902.0
1992-05-25;889.0
1992-05-25;889.0
1992-05-25;892.0
1992-05-25;885.0
1992-05-26;872.0
1992-05-26;878.0
1992-05-26;875.0
1992-05-26;875.0
1992-05-27;869.0
1992-05-27;867.0
1992-05-27;869.0
1992-05-27;870.0
1992-05-28;881.0
1992-05-28;882.0
1992-05-28;879.0
1992-05-28;881.0
1992-05-29;876.0
1992-05-29;876.0
1992-05-29;879.0
1992-05-29;873.0
1992-05-30;860.0
1992-05-30;849.0
1992-05-30;855.0
1992-05-30;855.0
1992-05-31;830.0
1992-05-31;824.0
1992-05-31;835.0
1992-05-31;830.0
1992-06-01;815.0
1992-06-01;815.0
1992-06-01;819.0
1992-06-01;810.0
1992-06-02;805.0
1992-06-02;803.0
1992-06-02;807.0
1992-06-02;805.0
1992-06-03;789.0
1992-06-03;789.0
1992-06-03;782.0
1992-06-03;797.0
1992-06-04;770.0
1992-06-04;775.0
1992-06-04;773.0
1992-06-04;773.0
1992-06-05;764.0
1992-06-05;764.0
1992-06-05;764.0
1992-06-05;764.0
1992-06-06;771.0
1992-06-06;770.0
1992-06-06;772.0
1992-06-06;771.0
1992-06-07;768.0
1992-06-07;768.0
1992-06-07;767.0
1992-06-07;768.0
1992-06-08;767.0
1992-06-08;765.0
1992-06-08;768.0
1992-06-08;767.0
1992-06-09;772.0
1992-06-09;773.0
1992-06-09;770.0
1992-06-09;772.0
1992-06-10;773.0
1992-06-10;773.0
1992-06-10;771.0
1992-06-10;774.0
1992-06-11;768.0
1992-06-11;766.0
1992-06-11;764.0
1992-06-11;766.0
1992-06-12;756.0
1992-06-12;758.0
1992-06-12;753.0
1992-06-12;756.0
1992-06-13;748.0
1992-06-13;749.0
1992-06-13;749.0
1992-06-13;749.0
1992-06-14;752.0
1992-06-14;749.0
1992-06-14;754.0
1992-06-14;752.0
1992-06-15;763.0
1992-06-15;765.0
1992-06-15;760.0
1992-06-15;763.0
1992-06-16;787.0
1992-06-16;787.0
1992-06-16;796.0
1992-06-16;778.0
1992-06-17;821.0
1992-06-17;826.0
1992-06-17;816.0
1992-06-17;821.0
1992-06-18;844.0
1992-06-18;841.0
1992-06-18;838.0
1992-06-18;841.0
1992-06-19;849.0
1992-06-19;850.0
1992-06-19;851.0
1992-06-19;850.0
1992-06-20;866.0
1992-06-20;861.0
1992-06-20;870.0
1992-06-20;866.0
1992-06-21;882.0
1992-06-21;887.0
1992-06-21;877.0
1992-06-21;882.0
1992-06-22;898.0
1992-06-22;907.0
1992-06-22;903.0
1992-06-22;903.0
1992-06-23;920.0
1992-06-23;918.0
1992-06-23;921.0
1992-06-23;920.0
1992-06-24;928.0
1992-06-24;930.0
1992-06-24;925.0
1992-06-24;928.0
1992-06-25;936.0
1992-06-25;938.0
1992-06-25;940.0
1992-06-25;938.0
1992-06-26;947.0
1992-06-26;945.0
1992-06-26;948.0
1992-06-26;947.0
1992-06-27;954.0
1992-06-27;955.0
1992-06-27;954.0
1992-06-27;952.0
1992-06-28;965.0
1992-06-28;956.0
1992-06-28;961.0
1992-06-28;961.0
1992-06-29;975.0
1992-06-29;977.0
1992-06-29;972.0
1992-06-29;975.0
1992-06-30;984.0
1992-06-30;983.0
1992-06-30;982.0
1992-06-30;983.0
1992-07-01;988.0
1992-07-01;988.0
1992-07-01;991.0
1992-07-01;985.0
1992-07-02;990.0
1992-07-02;990.0
1992-07-02;991.0
1992-07-02;988.0
1992-07-03;980.0
1992-07-03;972.0
1992-07-03;976.0
1992-07-03;976.0
1992-07-04;959.0
1992-07-04;947.0
1992-07-04;953.0
1992-07-04;953.0
1992-07-05;926.0
1992-07-05;933.0
1992-07-05;926.0
1992-07-05;919.0
1992-07-06;900.0
1992-07-06;904.0
1992-07-06;896.0
1992-07-06;900.0
1992-07-07;888.0
1992-07-07;890.0
1992-07-07;886.0
1992-07-07;888.0
1992-07-08;887.0
1992-07-08;887.0
1992-07-08;886.0
1992-07-08;887.0
1992-07-09;888.0
1992-07-09;884.0
1992-07-09;880.0
1992-07-09;884.0
1992-07-10;881.0
1992-07-10;879.0
1992-07-10;882.0
1992-07-10;881.0
1992-07-11;875.0
1992-07-11;876.0
1992-07-11;876.0
1992-07-11;876.0
1992-07-12;876.0
1992-07-12;876.0
1992-07-12;878.0
1992-07-12;873.0
1992-07-13;877.0
1992-07-13;878.0
1992-07-13;877.0
1992-07-13;876.0
1992-07-14;871.0
1992-07-14;872.0
1992-07-14;870.0
1992-07-14;871.0
1992-07-15;868.0
1992-07-15;867.0
1992-07-15;868.0
1992-07-15;869.0
1992-07-16;864.0
1992-07-16;862.0
1992-07-16;865.0
1992-07-16;864.0
1992-07-17;860.0
1992-07-17;859.0
1992-07-17;860.0
1992-07-17;860.0
1992-07-18;864.0
1992-07-18;868.0
1992-07-18;864.0
1992-07-18;859.0
1992-07-19;871.0
1992-07-19;868.0
1992-07-19;874.0
1992-07-19;871.0
1992-07-20;878.0
1992-07-20;878.0
1992-07-20;878.0
1992-07-20;878.0
1992-07-21;879.0
1992-07-21;879.0
1992-07-21;879.0
1992-07-21;878.0
1992-07-22;876.0
1992-07-22;875.0
1992-07-22;877.0
1992-07-22;876.0
1992-07-23;877.0
1992-07-23;878.0
1992-07-23;876.0
1992-07-23;877.0
1992-07-24;884.0
1992-07-24;882.0
1992-07-24;886.0
1992-07-24;884.0
1992-07-25;893.0
1992-07-25;896.0
1992-07-25;890.0
1992-07-25;893.0
1992-07-26;904.0
1992-07-26;908.0
1992-07-26;906.0
1992-07-26;906.0
1992-07-27;907.0
1992-07-27;906.0
1992-07-27;908.0
1992-07-27;907.0
1992-07-28;893.0
1992-07-28;896.0
1992-07-28;890.0
1992-07-28;893.0
1992-07-29;878.0
1992-07-29;875.0
1992-07-29;872.0
1992-07-29;875.0
1992-07-30;866.0
1992-07-30;864.0
1992-07-30;868.0
1992-07-30;866.0
1992-07-31;860.0
1992-07-31;861.0
1992-07-31;861.0
1992-07-31;862.0
1992-08-01;855.0
1992-08-01;856.0
1992-08-01;854.0
1992-08-01;855.0
1992-08-02;867.0
1992-08-02;876.0
1992-08-02;867.0
1992-08-02;858.0
1992-08-03;876.0
1992-08-03;874.0
1992-08-03;878.0
1992-08-03;876.0
1992-08-04;888.0
1992-08-04;890.0
1992-08-04;886.0
1992-08-04;888.0
1992-08-05;896.0
1992-08-05;894.0
1992-08-05;895.0
1992-08-05;895.0
1992-08-06;896.0
1992-08-06;897.0
1992-08-06;897.0
1992-08-06;897.0
1992-08-07;887.0
1992-08-07;884.0
1992-08-07;890.0
1992-08-07;887.0
1992-08-08;878.0
1992-08-08;879.0
1992-08-08;876.0
1992-08-08;878.0
1992-08-09;879.0
1992-08-09;879.0
1992-08-09;879.0
1992-08-09;879.0
1992-08-10;877.0
1992-08-10;875.0
1992-08-10;876.0
1992-08-10;875.0
1992-08-11;860.0
1992-08-11;863.0
1992-08-11;866.0
1992-08-11;863.0
1992-08-12;852.0
1992-08-12;849.0
1992-08-12;854.0
1992-08-12;852.0
1992-08-13;842.0
1992-08-13;844.0
1992-08-13;840.0
1992-08-13;842.0
1992-08-14;836.0
1992-08-14;837.0
1992-08-14;837.0
1992-08-14;837.0
1992-08-15;859.0
1992-08-15;844.0
1992-08-15;852.0
1992-08-15;852.0
1992-08-16;888.0
1992-08-16;877.0
1992-08-16;899.0
1992-08-16;888.0
1992-08-17;904.0
1992-08-17;910.0
1992-08-17;907.0
1992-08-17;907.0
1992-08-18;918.0
1992-08-18;916.0
1992-08-18;914.0
1992-08-18;916.0
1992-08-19;918.0
1992-08-19;916.0
1992-08-19;914.0
1992-08-19;916.0
1992-08-20;913.0
1992-08-20;916.0
1992-08-20;910.0
1992-08-20;913.0
1992-08-21;899.0
1992-08-21;902.0
1992-08-21;896.0
1992-08-21;899.0
1992-08-22;883.0
1992-08-22;880.0
1992-08-22;883.0
1992-08-22;886.0
1992-08-23;875.0
1992-08-23;875.0
1992-08-23;873.0
1992-08-23;877.0
1992-08-24;865.0
1992-08-24;862.0
1992-08-24;865.0
1992-08-24;867.0
1992-08-25;856.0
1992-08-25;858.0
1992-08-25;856.0
1992-08-25;853.0
1992-08-26;847.0
1992-08-26;847.0
1992-08-26;845.0
1992-08-26;849.0
1992-08-27;838.0
1992-08-27;841.0
1992-08-27;840.0
1992-08-27;840.0
1992-08-28;858.0
1992-08-28;848.0
1992-08-28;868.0
1992-08-28;858.0
1992-08-29;889.0
1992-08-29;889.0
1992-08-29;884.0
1992-08-29;894.0
1992-08-30;898.0
1992-08-30;898.0
1992-08-30;898.0
1992-08-30;898.0
1992-08-31;892.0
1992-08-31;888.0
1992-08-31;896.0
1992-08-31;892.0
1992-09-01;874.0
1992-09-01;880.0
1992-09-01;868.0
1992-09-01;874.0
1992-09-02;850.0
1992-09-02;854.0
1992-09-02;858.0
1992-09-02;854.0
1992-09-03;831.0
1992-09-03;836.0
1992-09-03;836.0
1992-09-03;840.0
1992-09-04;824.0
1992-09-04;825.0
1992-09-04;826.0
1992-09-04;825.0
1992-09-05;827.0
1992-09-05;826.0
1992-09-05;827.0
1992-09-05;827.0
1992-09-06;825.0
1992-09-06;824.0
1992-09-06;823.0
1992-09-06;824.0
1992-09-07;815.0
1992-09-07;815.0
1992-09-07;817.0
1992-09-07;812.0
1992-09-08;802.0
1992-09-08;799.0
1992-09-08;802.0
1992-09-08;804.0
1992-09-09;792.0
1992-09-09;794.0
1992-09-09;793.0
1992-09-09;793.0
1992-09-10;801.0
1992-09-10;798.0
1992-09-10;804.0
1992-09-10;801.0
1992-09-11;809.0
1992-09-11;809.0
1992-09-11;808.0
1992-09-11;809.0
1992-09-12;804.0
1992-09-12;806.0
1992-09-12;804.0
1992-09-12;801.0
1992-09-13;797.0
1992-09-13;795.0
1992-09-13;793.0
1992-09-13;795.0
1992-09-14;788.0
1992-09-14;786.0
1992-09-14;790.0
1992-09-14;788.0
1992-09-15;788.0
1992-09-15;788.0
1992-09-15;788.0
1992-09-15;788.0
1992-09-16;786.0
1992-09-16;786.0
1992-09-16;786.0
1992-09-16;786.0
1992-09-17;784.0
1992-09-17;784.0
1992-09-17;784.0
1992-09-17;784.0
1992-09-18;778.0
1992-09-18;776.0
1992-09-18;780.0
1992-09-18;778.0
1992-09-19;764.0
1992-09-19;766.0
1992-09-19;764.0
1992-09-19;762.0
1992-09-20;754.0
1992-09-20;754.0
1992-09-20;754.0
1992-09-20;754.0
1992-09-21;748.0
1992-09-21;751.0
1992-09-21;750.0
1992-09-21;750.0
1992-09-22;753.0
1992-09-22;756.0
1992-09-22;756.0
1992-09-22;758.0
1992-09-23;765.0
1992-09-23;766.0
1992-09-23;766.0
1992-09-23;766.0
1992-09-24;760.0
1992-09-24;762.0
1992-09-24;764.0
1992-09-24;762.0
1992-09-25;760.0
1992-09-25;760.0
1992-09-25;760.0
1992-09-25;759.0
1992-09-26;757.0
1992-09-26;758.0
1992-09-26;759.0
1992-09-26;758.0
1992-09-27;752.0
1992-09-27;748.0
1992-09-27;750.0
1992-09-27;750.0
1992-09-28;738.0
1992-09-28;734.0
1992-09-28;736.0
1992-09-28;736.0
1992-09-29;726.0
1992-09-29;722.0
1992-09-29;730.0
1992-09-29;726.0
1992-09-30;717.0
1992-09-30;720.0
1992-09-30;717.0
1992-09-30;714.0
1992-10-01;707.0
1992-10-01;709.0
1992-10-01;709.0
1992-10-01;710.0
1992-10-02;701.0
1992-10-02;703.0
1992-10-02;705.0
1992-10-02;703.0
1992-10-03;695.0
1992-10-03;696.0
1992-10-03;695.0
1992-10-03;693.0
1992-10-04;687.0
1992-10-04;687.0
1992-10-04;686.0
1992-10-04;688.0
1992-10-05;681.0
1992-10-05;680.0
1992-10-05;680.0
1992-10-05;678.0
1992-10-06;670.0
1992-10-06;672.0
1992-10-06;670.0
1992-10-06;668.0
1992-10-07;659.0
1992-10-07;663.0
1992-10-07;661.0
1992-10-07;661.0
1992-10-08;653.0
1992-10-08;651.0
1992-10-08;649.0
1992-10-08;651.0
1992-10-09;644.0
1992-10-09;643.0
1992-10-09;644.0
1992-10-09;644.0
1992-10-10;649.0
1992-10-10;651.0
1992-10-10;647.0
1992-10-10;649.0
1992-10-11;659.0
1992-10-11;657.0
1992-10-11;660.0
1992-10-11;659.0
1992-10-12;663.0
1992-10-12;663.0
1992-10-12;663.0
1992-10-12;663.0
1992-10-13;658.0
1992-10-13;660.0
1992-10-13;655.0
1992-10-13;658.0
1992-10-14;654.0
1992-10-14;654.0
1992-10-14;654.0
1992-10-14;654.0
1992-10-15;656.0
1992-10-15;657.0
1992-10-15;657.0
1992-10-15;657.0
1992-10-16;683.0
1992-10-16;686.0
1992-10-16;680.0
1992-10-16;683.0
1992-10-17;686.0
1992-10-17;686.0
1992-10-17;686.0
1992-10-17;686.0
1992-10-18;689.0
1992-10-18;691.0
1992-10-18;692.0
1992-10-18;691.0
1992-10-19;684.0
1992-10-19;682.0
1992-10-19;686.0
1992-10-19;684.0
1992-10-20;684.0
1992-10-20;684.0
1992-10-20;684.0
1992-10-20;683.0
1992-10-21;684.0
1992-10-21;685.0
1992-10-21;685.0
1992-10-21;685.0
1992-10-22;686.0
1992-10-22;686.0
1992-10-22;686.0
1992-10-22;685.0
1992-10-23;684.0
1992-10-23;682.0
1992-10-23;683.0
1992-10-23;683.0
1992-10-24;678.0
1992-10-24;679.0
1992-10-24;676.0
1992-10-24;678.0
1992-10-25;670.0
1992-10-25;668.0
1992-10-25;672.0
1992-10-25;670.0
1992-10-26;664.0
1992-10-26;663.0
1992-10-26;664.0
1992-10-26;664.0
1992-10-27;659.0
1992-10-27;660.0
1992-10-27;659.0
1992-10-27;657.0
1992-10-28;653.0
1992-10-28;651.0
1992-10-28;653.0
1992-10-28;654.0
1992-10-29;647.0
1992-10-29;648.0
1992-10-29;646.0
1992-10-29;647.0
1992-10-30;642.0
1992-10-30;642.0
1992-10-30;641.0
1992-10-30;643.0
1992-10-31;624.0
1992-10-31;625.0
1992-10-31;623.0
1992-10-31;624.0
1992-11-01;626.0
1992-11-01;624.0
1992-11-01;627.0
1992-11-01;626.0
1992-11-02;635.0
1992-11-02;638.0
1992-11-02;638.0
1992-11-02;640.0
1992-11-03;645.0
1992-11-03;645.0
1992-11-03;643.0
1992-11-03;646.0
1992-11-04;656.0
1992-11-04;653.0
1992-11-04;659.0
1992-11-04;656.0
1992-11-05;673.0
1992-11-05;673.0
1992-11-05;673.0
1992-11-05;673.0
1992-11-06;712.0
1992-11-06;714.0
1992-11-06;710.0
1992-11-06;712.0
1992-11-07;717.0
1992-11-07;718.0
1992-11-07;716.0
1992-11-07;717.0
1992-11-08;704.0
1992-11-08;708.0
1992-11-08;708.0
1992-11-08;711.0
1992-11-09;690.0
1992-11-09;695.0
1992-11-09;699.0
1992-11-09;695.0
1992-11-10;683.0
1992-11-10;683.0
1992-11-10;683.0
1992-11-10;683.0
1992-11-11;708.0
1992-11-11;701.0
1992-11-11;694.0
1992-11-11;701.0
1992-11-12;725.0
1992-11-12;719.0
1992-11-12;730.0
1992-11-12;725.0
1992-11-13;746.0
1992-11-13;741.0
1992-11-13;744.0
1992-11-13;744.0
1992-11-14;749.0
1992-11-14;749.0
1992-11-14;749.0
1992-11-14;749.0
1992-11-15;750.0
1992-11-15;749.0
1992-11-15;750.0
1992-11-15;750.0
1992-11-16;747.0
1992-11-16;748.0
1992-11-16;747.0
1992-11-16;746.0
1992-11-17;747.0
1992-11-17;750.0
1992-11-17;743.0
1992-11-17;747.0
1992-11-18;770.0
1992-11-18;765.0
1992-11-18;775.0
1992-11-18;770.0
1992-11-19;794.0
1992-11-19;792.0
1992-11-19;792.0
1992-11-19;789.0
1992-11-20;796.0
1992-11-20;796.0
1992-11-20;795.0
1992-11-20;796.0
1992-11-21;788.0
1992-11-21;785.0
1992-11-21;790.0
1992-11-21;788.0
1992-11-22;771.0
1992-11-22;776.0
1992-11-22;771.0
1992-11-22;766.0
1992-11-23;756.0
1992-11-23;754.0
1992-11-23;758.0
1992-11-23;756.0
1992-11-24;746.0
1992-11-24;748.0
1992-11-24;746.0
1992-11-24;744.0
1992-11-25;731.0
1992-11-25;731.0
1992-11-25;728.0
1992-11-25;734.0
1992-11-26;720.0
1992-11-26;715.0
1992-11-26;718.0
1992-11-26;718.0
1992-11-27;723.0
1992-11-27;716.0
1992-11-27;729.0
1992-11-27;723.0
1992-11-28;766.0
1992-11-28;774.0
1992-11-28;757.0
1992-11-28;766.0
1992-11-29;793.0
1992-11-29;793.0
1992-11-29;799.0
1992-11-29;787.0
1992-11-30;799.0
1992-11-30;802.0
1992-11-30;801.0
1992-11-30;801.0
1992-12-01;789.0
1992-12-01;788.0
1992-12-01;794.0
1992-12-01;790.0
1992-12-02;786.0
1992-12-02;782.0
1992-12-02;777.0
1992-12-02;772.0
1992-12-03;774.0
1992-12-03;774.0
1992-12-03;779.0
1992-12-03;773.0
1992-12-04;771.0
1992-12-04;775.0
1992-12-04;776.0
1992-12-04;774.0
1992-12-05;764.0
1992-12-05;776.0
1992-12-05;775.0
1992-12-05;776.0
1992-12-06;770.0
1992-12-06;768.0
1992-12-06;771.0
1992-12-06;757.0
1992-12-07;760.0
1992-12-07;749.0
1992-12-07;759.0
1992-12-07;758.0
1992-12-08;742.0
1992-12-08;747.0
1992-12-08;736.0
1992-12-08;742.0
1992-12-09;726.0
1992-12-09;726.0
1992-12-09;728.0
1992-12-09;724.0
1992-12-10;717.0
1992-12-10;719.0
1992-12-10;714.0
1992-12-10;717.0
1992-12-11;707.0
1992-12-11;705.0
1992-12-11;702.0
1992-12-11;705.0
1992-12-12;707.0
1992-12-12;715.0
1992-12-12;723.0
1992-12-12;715.0
1992-12-13;759.0
1992-12-13;750.0
1992-12-13;759.0
1992-12-13;767.0
1992-12-14;786.0
1992-12-14;783.0
1992-12-14;786.0
1992-12-14;788.0
1992-12-15;790.0
1992-12-15;791.0
1992-12-15;790.0
1992-12-15;789.0
1992-12-16;777.0
1992-12-16;780.0
1992-12-16;777.0
1992-12-16;774.0
1992-12-17;760.0
1992-12-17;757.0
1992-12-17;763.0
1992-12-17;760.0
1992-12-18;742.0
1992-12-18;739.0
1992-12-18;744.0
1992-12-18;742.0
1992-12-19;726.0
1992-12-19;728.0
1992-12-19;729.0
1992-12-19;728.0
1992-12-20;722.0
1992-12-20;718.0
1992-12-20;720.0
1992-12-20;720.0
1992-12-21;711.0
1992-12-21;715.0
1992-12-21;713.0
1992-12-21;713.0
1992-12-22;704.0
1992-12-22;706.0
1992-12-22;701.0
1992-12-22;704.0
1992-12-23;694.0
1992-12-23;693.0
1992-12-23;693.0
1992-12-23;692.0
1992-12-24;689.0
1992-12-24;689.0
1992-12-24;689.0
1992-12-24;688.0
1992-12-25;696.0
1992-12-25;699.0
1992-12-25;698.0
1992-12-25;698.0
1992-12-26;707.0
1992-12-26;708.0
1992-12-26;706.0
1992-12-26;707.0
1992-12-27;713.0
1992-12-27;713.0
1992-12-27;712.0
1992-12-27;713.0
1992-12-28;708.0
1992-12-28;705.0
1992-12-28;705.0
1992-12-28;702.0
1992-12-29;691.0
1992-12-29;686.0
1992-12-29;696.0
1992-12-29;691.0
1992-12-30;672.0
1992-12-30;662.0
1992-12-30;667.0
1992-12-30;667.0
1992-12-31;643.0
1992-12-31;647.0
1992-12-31;647.0
1992-12-31;650.0
1993-01-01;632.0
1993-01-01;632.0
1993-01-01;632.0
1993-01-01;632.0
1993-01-02;622.0
1993-01-02;622.0
1993-01-02;622.0
1993-01-02;622.0
1993-01-03;640.0
1993-01-03;635.0
1993-01-03;630.0
1993-01-03;635.0
1993-01-04;676.0
1993-01-04;666.0
1993-01-04;685.0
1993-01-04;676.0
1993-01-05;716.0
1993-01-05;708.0
1993-01-05;716.0
1993-01-05;724.0
1993-01-06;744.0
1993-01-06;749.0
1993-01-06;739.0
1993-01-06;744.0
1993-01-07;764.0
1993-01-07;767.0
1993-01-07;764.0
1993-01-07;761.0
1993-01-08;774.0
1993-01-08;774.0
1993-01-08;773.0
1993-01-08;774.0
1993-01-09;772.0
1993-01-09;772.0
1993-01-09;773.0
1993-01-09;770.0
1993-01-10;759.0
1993-01-10;762.0
1993-01-10;756.0
1993-01-10;759.0
1993-01-11;738.0
1993-01-11;732.0
1993-01-11;743.0
1993-01-11;738.0
1993-01-12;724.0
1993-01-12;723.0
1993-01-12;721.0
1993-01-12;723.0
1993-01-13;712.0
1993-01-13;716.0
1993-01-13;708.0
1993-01-13;712.0
1993-01-14;691.0
1993-01-14;696.0
1993-01-14;686.0
1993-01-14;691.0
1993-01-15;665.0
1993-01-15;660.0
1993-01-15;665.0
1993-01-15;670.0
1993-01-16;647.0
1993-01-16;642.0
1993-01-16;647.0
1993-01-16;652.0
1993-01-17;631.0
1993-01-17;636.0
1993-01-17;626.0
1993-01-17;631.0
1993-01-18;609.0
1993-01-18;604.0
1993-01-18;614.0
1993-01-18;609.0
1993-01-19;589.0
1993-01-19;586.0
1993-01-19;592.0
1993-01-19;589.0
1993-01-20;577.0
1993-01-20;579.0
1993-01-20;574.0
1993-01-20;577.0
1993-01-21;569.0
1993-01-21;569.0
1993-01-21;569.0
1993-01-21;568.0
1993-01-22;568.0
1993-01-22;569.0
1993-01-22;569.0
1993-01-22;570.0
1993-01-23;564.0
1993-01-23;564.0
1993-01-23;564.0
1993-01-23;564.0
1993-01-24;563.0
1993-01-24;564.0
1993-01-24;564.0
1993-01-24;564.0
1993-01-25;561.0
1993-01-25;561.0
1993-01-25;562.0
1993-01-25;559.0
1993-01-26;557.0
1993-01-26;557.0
1993-01-26;557.0
1993-01-26;557.0
1993-01-27;560.0
1993-01-27;558.0
1993-01-27;561.0
1993-01-27;560.0
1993-01-28;573.0
1993-01-28;569.0
1993-01-28;569.0
1993-01-28;565.0
1993-01-29;594.0
1993-01-29;602.0
1993-01-29;610.0
1993-01-29;602.0
1993-01-30;626.0
1993-01-30;626.0
1993-01-30;629.0
1993-01-30;623.0
1993-01-31;659.0
1993-01-31;648.0
1993-01-31;648.0
1993-01-31;636.0
1993-02-01;690.0
1993-02-01;690.0
1993-02-01;690.0
1993-02-01;689.0
1993-02-02;685.0
1993-02-02;685.0
1993-02-02;686.0
1993-02-02;684.0
1993-02-03;685.0
1993-02-03;684.0
1993-02-03;684.0
1993-02-03;682.0
1993-02-04;704.0
1993-02-04;705.0
1993-02-04;704.0
1993-02-04;702.0
1993-02-05;712.0
1993-02-05;714.0
1993-02-05;716.0
1993-02-05;714.0
1993-02-06;725.0
1993-02-06;727.0
1993-02-06;729.0
1993-02-06;727.0
1993-02-07;734.0
1993-02-07;733.0
1993-02-07;734.0
1993-02-07;734.0
1993-02-08;730.0
1993-02-08;727.0
1993-02-08;732.0
1993-02-08;730.0
1993-02-09;716.0
1993-02-09;720.0
1993-02-09;716.0
1993-02-09;711.0
1993-02-10;699.0
1993-02-10;702.0
1993-02-10;705.0
1993-02-10;702.0
1993-02-11;689.0
1993-02-11;689.0
1993-02-11;686.0
1993-02-11;692.0
1993-02-12;690.0
1993-02-12;690.0
1993-02-12;690.0
1993-02-12;689.0
1993-02-13;678.0
1993-02-13;678.0
1993-02-13;682.0
1993-02-13;673.0
1993-02-14;658.0
1993-02-14;652.0
1993-02-14;652.0
1993-02-14;646.0
1993-02-15;624.0
1993-02-15;628.0
1993-02-15;620.0
1993-02-15;624.0
1993-02-16;613.0
1993-02-16;614.0
1993-02-16;612.0
1993-02-16;613.0
1993-02-17;614.0
1993-02-17;613.0
1993-02-17;612.0
1993-02-17;613.0
1993-02-18;606.0
1993-02-18;602.0
1993-02-18;602.0
1993-02-18;598.0
1993-02-19;587.0
1993-02-19;576.0
1993-02-19;582.0
1993-02-19;582.0
1993-02-20;558.0
1993-02-20;558.0
1993-02-20;563.0
1993-02-20;552.0
1993-02-21;545.0
1993-02-21;545.0
1993-02-21;544.0
1993-02-21;545.0
1993-02-22;535.0
1993-02-22;540.0
1993-02-22;538.0
1993-02-22;538.0
1993-02-23;528.0
1993-02-23;527.0
1993-02-23;526.0
1993-02-23;527.0
1993-02-24;522.0
1993-02-24;519.0
1993-02-24;521.0
1993-02-24;521.0
1993-02-25;511.0
1993-02-25;511.0
1993-02-25;508.0
1993-02-25;514.0
1993-02-26;498.0
1993-02-26;501.0
1993-02-26;495.0
1993-02-26;498.0
1993-02-27;488.0
1993-02-27;487.0
1993-02-27;486.0
1993-02-27;487.0
1993-02-28;479.0
1993-02-28;477.0
1993-02-28;481.0
1993-02-28;479.0
1993-03-01;475.0
1993-03-01;475.0
1993-03-01;475.0
1993-03-01;474.0
1993-03-02;477.0
1993-03-02;476.0
1993-03-02;477.0
1993-03-02;477.0
1993-03-03;500.0
1993-03-03;504.0
1993-03-03;500.0
1993-03-03;495.0
1993-03-04;540.0
1993-03-04;552.0
1993-03-04;528.0
1993-03-04;540.0
1993-03-05;574.0
1993-03-05;570.0
1993-03-05;574.0
1993-03-05;577.0
1993-03-06;590.0
1993-03-06;587.0
1993-03-06;587.0
1993-03-06;583.0
1993-03-07;602.0
1993-03-07;600.0
1993-03-07;600.0
1993-03-07;597.0
1993-03-08;601.0
1993-03-08;604.0
1993-03-08;601.0
1993-03-08;601.0
1993-03-09;612.0
1993-03-09;617.0
1993-03-09;615.0
1993-03-09;615.0
1993-03-10;626.0
1993-03-10;653.0
1993-03-10;640.0
1993-03-10;640.0
1993-03-11;657.0
1993-03-11;668.0
1993-03-11;663.0
1993-03-11;663.0
1993-03-12;697.0
1993-03-12;702.0
1993-03-12;692.0
1993-03-12;697.0
1993-03-13;722.0
1993-03-13;716.0
1993-03-13;728.0
1993-03-13;722.0
1993-03-14;745.0
1993-03-14;749.0
1993-03-14;740.0
1993-03-14;745.0
1993-03-15;756.0
1993-03-15;756.0
1993-03-15;757.0
1993-03-15;754.0
1993-03-16;761.0
1993-03-16;760.0
1993-03-16;761.0
1993-03-16;761.0
1993-03-17;761.0
1993-03-17;761.0
1993-03-17;762.0
1993-03-17;760.0
1993-03-18;753.0
1993-03-18;750.0
1993-03-18;756.0
1993-03-18;753.0
1993-03-19;746.0
1993-03-19;751.0
1993-03-19;749.0
1993-03-19;749.0
1993-03-20;749.0
1993-03-20;749.0
1993-03-20;750.0
1993-03-20;748.0
1993-03-21;776.0
1993-03-21;770.0
1993-03-21;782.0
1993-03-21;776.0
1993-03-22;824.0
1993-03-22;813.0
1993-03-22;813.0
1993-03-22;802.0
1993-03-23;856.0
1993-03-23;856.0
1993-03-23;850.0
1993-03-23;862.0
1993-03-24;874.0
1993-03-24;872.0
1993-03-24;870.0
1993-03-24;872.0
1993-03-25;876.0
1993-03-25;876.0
1993-03-25;876.0
1993-03-25;876.0
1993-03-26;878.0
1993-03-26;877.0
1993-03-26;879.0
1993-03-26;878.0
1993-03-27;882.0
1993-03-27;883.0
1993-03-27;883.0
1993-03-27;884.0
1993-03-28;881.0
1993-03-28;882.0
1993-03-28;880.0
1993-03-28;881.0
1993-03-29;868.0
1993-03-29;868.0
1993-03-29;864.0
1993-03-29;872.0
1993-03-30;852.0
1993-03-30;859.0
1993-03-30;856.0
1993-03-30;856.0
1993-03-31;838.0
1993-03-31;833.0
1993-03-31;843.0
1993-03-31;838.0
1993-04-01;828.0
1993-04-01;829.0
1993-04-01;826.0
1993-04-01;828.0
1993-04-02;828.0
1993-04-02;827.0
1993-04-02;827.0
1993-04-02;826.0
1993-04-03;838.0
1993-04-03;840.0
1993-04-03;838.0
1993-04-03;835.0
1993-04-04;838.0
1993-04-04;838.0
1993-04-04;836.0
1993-04-04;839.0
1993-04-05;824.0
1993-04-05;830.0
1993-04-05;830.0
1993-04-05;833.0
1993-04-06;802.0
1993-04-06;809.0
1993-04-06;816.0
1993-04-06;809.0
1993-04-07;780.0
1993-04-07;784.0
1993-04-07;780.0
1993-04-07;775.0
1993-04-08;780.0
1993-04-08;776.0
1993-04-08;778.0
1993-04-08;778.0
1993-04-09;785.0
1993-04-09;784.0
1993-04-09;786.0
1993-04-09;785.0
1993-04-10;787.0
1993-04-10;788.0
1993-04-10;786.0
1993-04-10;787.0
1993-04-11;777.0
1993-04-11;774.0
1993-04-11;774.0
1993-04-11;770.0
1993-04-12;750.0
1993-04-12;755.0
1993-04-12;744.0
1993-04-12;750.0
1993-04-13;739.0
1993-04-13;739.0
1993-04-13;738.0
1993-04-13;739.0
1993-04-14;767.0
1993-04-14;757.0
1993-04-14;757.0
1993-04-14;747.0
1993-04-15;790.0
1993-04-15;800.0
1993-04-15;800.0
1993-04-15;809.0
1993-04-16;836.0
1993-04-16;836.0
1993-04-16;843.0
1993-04-16;829.0
1993-04-17;864.0
1993-04-17;864.0
1993-04-17;854.0
1993-04-17;874.0
1993-04-18;907.0
1993-04-18;903.0
1993-04-18;898.0
1993-04-18;903.0
1993-04-19;918.0
1993-04-19;915.0
1993-04-19;917.0
1993-04-19;917.0
1993-04-20;916.0
1993-04-20;914.0
1993-04-20;912.0
1993-04-20;914.0
1993-04-21;895.0
1993-04-21;899.0
1993-04-21;903.0
1993-04-21;899.0
1993-04-22;882.0
1993-04-22;882.0
1993-04-22;879.0
1993-04-22;885.0
1993-04-23;874.0
1993-04-23;874.0
1993-04-23;874.0
1993-04-23;874.0
1993-04-24;883.0
1993-04-24;887.0
1993-04-24;883.0
1993-04-24;878.0
1993-04-25;898.0
1993-04-25;902.0
1993-04-25;902.0
1993-04-25;906.0
1993-04-26;913.0
1993-04-26;913.0
1993-04-26;913.0
1993-04-26;912.0
1993-04-27;915.0
1993-04-27;915.0
1993-04-27;914.0
1993-04-27;915.0
1993-04-28;914.0
1993-04-28;913.0
1993-04-28;914.0
1993-04-28;914.0
1993-04-29;911.0
1993-04-29;914.0
1993-04-29;913.0
1993-04-29;913.0
1993-04-30;940.0
1993-04-30;940.0
1993-04-30;931.0
1993-04-30;949.0
1993-05-01;973.0
1993-05-01;968.0
1993-05-01;973.0
1993-05-01;977.0
1993-05-02;984.0
1993-05-02;984.0
1993-05-02;984.0
1993-05-02;983.0
1993-05-03;997.0
1993-05-03;992.0
1993-05-03;997.0
1993-05-03;1002.0
1993-05-04;1014.0
1993-05-04;1023.0
1993-05-04;1019.0
1993-05-04;1019.0
1993-05-05;1030.0
1993-05-05;1029.0
1993-05-05;1030.0
1993-05-05;1031.0
1993-05-06;1032.0
1993-05-06;1032.0
1993-05-06;1032.0
1993-05-06;1032.0
1993-05-07;1029.0
1993-05-07;1027.0
1993-05-07;1029.0
1993-05-07;1030.0
1993-05-08;1013.0
1993-05-08;1017.0
1993-05-08;1017.0
1993-05-08;1021.0
1993-05-09;1002.0
1993-05-09;995.0
1993-05-09;999.0
1993-05-09;999.0
1993-05-10;985.0
1993-05-10;983.0
1993-05-10;987.0
1993-05-10;985.0
1993-05-11;977.0
1993-05-11;975.0
1993-05-11;978.0
1993-05-11;977.0
1993-05-12;970.0
1993-05-12;970.0
1993-05-12;968.0
1993-05-12;972.0
1993-05-13;960.0
1993-05-13;964.0
1993-05-13;956.0
1993-05-13;960.0
1993-05-14;934.0
1993-05-14;936.0
1993-05-14;935.0
1993-05-14;935.0
1993-05-15;925.0
1993-05-15;926.0
1993-05-15;925.0
1993-05-15;923.0
1993-05-16;934.0
1993-05-16;933.0
1993-05-16;932.0
1993-05-16;933.0
1993-05-17;942.0
1993-05-17;941.0
1993-05-17;941.0
1993-05-17;940.0
1993-05-18;945.0
1993-05-18;948.0
1993-05-18;947.0
1993-05-18;947.0
1993-05-19;952.0
1993-05-19;951.0
1993-05-19;953.0
1993-05-19;952.0
1993-05-20;963.0
1993-05-20;962.0
1993-05-20;960.0
1993-05-20;962.0
1993-05-21;972.0
1993-05-21;966.0
1993-05-21;972.0
1993-05-21;977.0
1993-05-22;969.0
1993-05-22;981.0
1993-05-22;975.0
1993-05-22;975.0
1993-05-23;972.0
1993-05-23;972.0
1993-05-23;966.0
1993-05-23;977.0
1993-05-24;961.0
1993-05-24;958.0
1993-05-24;964.0
1993-05-24;961.0
1993-05-25;962.0
1993-05-25;958.0
1993-05-25;960.0
1993-05-25;960.0
1993-05-26;969.0
1993-05-26;970.0
1993-05-26;969.0
1993-05-26;968.0
1993-05-27;974.0
1993-05-27;974.0
1993-05-27;973.0
1993-05-27;974.0
1993-05-28;974.0
1993-05-28;977.0
1993-05-28;971.0
1993-05-28;974.0
1993-05-29;955.0
1993-05-29;960.0
1993-05-29;958.0
1993-05-29;958.0
1993-05-30;943.0
1993-05-30;949.0
1993-05-30;936.0
1993-05-30;943.0
1993-05-31;928.0
1993-05-31;930.0
1993-05-31;931.0
1993-05-31;930.0
1993-06-01;924.0
1993-06-01;923.0
1993-06-01;921.0
1993-06-01;923.0
1993-06-02;915.0
1993-06-02;914.0
1993-06-02;914.0
1993-06-02;913.0
1993-06-03;904.0
1993-06-03;907.0
1993-06-03;909.0
1993-06-03;907.0
1993-06-04;894.0
1993-06-04;894.0
1993-06-04;894.0
1993-06-04;894.0
1993-06-05;892.0
1993-06-05;895.0
1993-06-05;894.0
1993-06-05;894.0
1993-06-06;910.0
1993-06-06;910.0
1993-06-06;908.0
1993-06-06;912.0
1993-06-07;914.0
1993-06-07;914.0
1993-06-07;914.0
1993-06-07;914.0
1993-06-08;916.0
1993-06-08;919.0
1993-06-08;919.0
1993-06-08;922.0
1993-06-09;940.0
1993-06-09;940.0
1993-06-09;934.0
1993-06-09;945.0
1993-06-10;958.0
1993-06-10;960.0
1993-06-10;962.0
1993-06-10;960.0
1993-06-11;963.0
1993-06-11;964.0
1993-06-11;962.0
1993-06-11;963.0
1993-06-12;955.0
1993-06-12;956.0
1993-06-12;953.0
1993-06-12;955.0
1993-06-13;934.0
1993-06-13;936.0
1993-06-13;934.0
1993-06-13;932.0
1993-06-14;923.0
1993-06-14;925.0
1993-06-14;923.0
1993-06-14;920.0
1993-06-15;912.0
1993-06-15;907.0
1993-06-15;910.0
1993-06-15;910.0
1993-06-16;898.0
1993-06-16;895.0
1993-06-16;895.0
1993-06-16;892.0
1993-06-17;884.0
1993-06-17;886.0
1993-06-17;884.0
1993-06-17;882.0
1993-06-18;874.0
1993-06-18;876.0
1993-06-18;872.0
1993-06-18;874.0
1993-06-19;858.0
1993-06-19;862.0
1993-06-19;865.0
1993-06-19;862.0
1993-06-20;824.0
1993-06-20;822.0
1993-06-20;822.0
1993-06-20;820.0
1993-06-21;832.0
1993-06-21;816.0
1993-06-21;832.0
1993-06-21;848.0
1993-06-22;846.0
1993-06-22;846.0
1993-06-22;845.0
1993-06-22;847.0
1993-06-23;843.0
1993-06-23;843.0
1993-06-23;843.0
1993-06-23;842.0
1993-06-24;840.0
1993-06-24;840.0
1993-06-24;839.0
1993-06-24;840.0
1993-06-25;851.0
1993-06-25;855.0
1993-06-25;847.0
1993-06-25;851.0
1993-06-26;863.0
1993-06-26;865.0
1993-06-26;861.0
1993-06-26;863.0
1993-06-27;869.0
1993-06-27;869.0
1993-06-27;869.0
1993-06-27;869.0
1993-06-28;884.0
1993-06-28;878.0
1993-06-28;890.0
1993-06-28;884.0
1993-06-29;904.0
1993-06-29;902.0
1993-06-29;905.0
1993-06-29;904.0
1993-06-30;914.0
1993-06-30;918.0
1993-06-30;914.0
1993-06-30;909.0
1993-07-01;929.0
1993-07-01;931.0
1993-07-01;932.0
1993-07-01;931.0
1993-07-02;931.0
1993-07-02;932.0
1993-07-02;929.0
1993-07-02;931.0
1993-07-03;914.0
1993-07-03;914.0
1993-07-03;919.0
1993-07-03;909.0
1993-07-04;894.0
1993-07-04;889.0
1993-07-04;889.0
1993-07-04;883.0
1993-07-05;852.0
1993-07-05;860.0
1993-07-05;868.0
1993-07-05;860.0
1993-07-06;840.0
1993-07-06;842.0
1993-07-06;844.0
1993-07-06;842.0
1993-07-07;835.0
1993-07-07;832.0
1993-07-07;835.0
1993-07-07;837.0
1993-07-08;830.0
1993-07-08;831.0
1993-07-08;828.0
1993-07-08;830.0
1993-07-09;836.0
1993-07-09;840.0
1993-07-09;840.0
1993-07-09;844.0
1993-07-10;884.0
1993-07-10;864.0
1993-07-10;874.0
1993-07-10;874.0
1993-07-11;922.0
1993-07-11;910.0
1993-07-11;916.0
1993-07-11;916.0
1993-07-12;959.0
1993-07-12;970.0
1993-07-12;959.0
1993-07-12;948.0
1993-07-13;992.0
1993-07-13;988.0
1993-07-13;990.0
1993-07-13;990.0
1993-07-14;998.0
1993-07-14;996.0
1993-07-14;999.0
1993-07-14;998.0
1993-07-15;1001.0
1993-07-15;999.0
1993-07-15;1002.0
1993-07-15;1001.0
1993-07-16;992.0
1993-07-16;994.0
1993-07-16;992.0
1993-07-16;990.0
1993-07-17;980.0
1993-07-17;980.0
1993-07-17;976.0
1993-07-17;983.0
1993-07-18;963.0
1993-07-18;958.0
1993-07-18;961.0
1993-07-18;961.0
1993-07-19;941.0
1993-07-19;941.0
1993-07-19;936.0
1993-07-19;946.0
1993-07-20;914.0
1993-07-20;919.0
1993-07-20;923.0
1993-07-20;919.0
1993-07-21;902.0
1993-07-21;894.0
1993-07-21;898.0
1993-07-21;898.0
1993-07-22;890.0
1993-07-22;890.0
1993-07-22;890.0
1993-07-22;890.0
1993-07-23;888.0
1993-07-23;889.0
1993-07-23;889.0
1993-07-23;889.0
1993-07-24;886.0
1993-07-24;886.0
1993-07-24;886.0
1993-07-24;886.0
1993-07-25;884.0
1993-07-25;882.0
1993-07-25;882.0
1993-07-25;880.0
1993-07-26;879.0
1993-07-26;879.0
1993-07-26;879.0
1993-07-26;878.0
1993-07-27;878.0
1993-07-27;879.0
1993-07-27;878.0
1993-07-27;877.0
1993-07-28;874.0
1993-07-28;874.0
1993-07-28;874.0
1993-07-28;874.0
1993-07-29;876.0
1993-07-29;874.0
1993-07-29;877.0
1993-07-29;876.0
1993-07-30;882.0
1993-07-30;880.0
1993-07-30;884.0
1993-07-30;882.0
1993-07-31;893.0
1993-07-31;893.0
1993-07-31;892.0
1993-07-31;894.0
1993-08-01;900.0
1993-08-01;900.0
1993-08-01;902.0
1993-08-01;898.0
1993-08-02;912.0
1993-08-02;910.0
1993-08-02;914.0
1993-08-02;912.0
1993-08-03;919.0
1993-08-03;919.0
1993-08-03;918.0
1993-08-03;919.0
1993-08-04;920.0
1993-08-04;920.0
1993-08-04;920.0
1993-08-04;919.0
1993-08-05;919.0
1993-08-05;918.0
1993-08-05;919.0
1993-08-05;919.0
1993-08-06;916.0
1993-08-06;919.0
1993-08-06;918.0
1993-08-06;918.0
1993-08-07;911.0
1993-08-07;911.0
1993-08-07;909.0
1993-08-07;913.0
1993-08-08;905.0
1993-08-08;905.0
1993-08-08;903.0
1993-08-08;906.0
1993-08-09;896.0
1993-08-09;897.0
1993-08-09;898.0
1993-08-09;897.0
1993-08-10;887.0
1993-08-10;889.0
1993-08-10;887.0
1993-08-10;885.0
1993-08-11;878.0
1993-08-11;880.0
1993-08-11;878.0
1993-08-11;875.0
1993-08-12;870.0
1993-08-12;871.0
1993-08-12;871.0
1993-08-12;871.0
1993-08-13;875.0
1993-08-13;873.0
1993-08-13;870.0
1993-08-13;873.0
1993-08-14;885.0
1993-08-14;885.0
1993-08-14;882.0
1993-08-14;887.0
1993-08-15;897.0
1993-08-15;898.0
1993-08-15;898.0
1993-08-15;898.0
1993-08-16;894.0
1993-08-16;892.0
1993-08-16;892.0
1993-08-16;890.0
1993-08-17;876.0
1993-08-17;876.0
1993-08-17;871.0
1993-08-17;880.0
1993-08-18;852.0
1993-08-18;856.0
1993-08-18;856.0
1993-08-18;860.0
1993-08-19;840.0
1993-08-19;845.0
1993-08-19;843.0
1993-08-19;843.0
1993-08-20;839.0
1993-08-20;839.0
1993-08-20;836.0
1993-08-20;841.0
1993-08-21;846.0
1993-08-21;846.0
1993-08-21;846.0
1993-08-21;846.0
1993-08-22;845.0
1993-08-22;845.0
1993-08-22;845.0
1993-08-22;844.0
1993-08-23;841.0
1993-08-23;840.0
1993-08-23;841.0
1993-08-23;842.0
1993-08-24;835.0
1993-08-24;837.0
1993-08-24;833.0
1993-08-24;835.0
1993-08-25;827.0
1993-08-25;829.0
1993-08-25;829.0
1993-08-25;830.0
1993-08-26;826.0
1993-08-26;827.0
1993-08-26;827.0
1993-08-26;827.0
1993-08-27;828.0
1993-08-27;827.0
1993-08-27;828.0
1993-08-27;828.0
1993-08-28;832.0
1993-08-28;832.0
1993-08-28;833.0
1993-08-28;831.0
1993-08-29;848.0
1993-08-29;844.0
1993-08-29;844.0
1993-08-29;840.0
1993-08-30;850.0
1993-08-30;850.0
1993-08-30;849.0
1993-08-30;850.0
1993-08-31;844.0
1993-08-31;844.0
1993-08-31;842.0
1993-08-31;846.0
1993-09-01;832.0
1993-09-01;836.0
1993-09-01;828.0
1993-09-01;832.0
1993-09-02;826.0
1993-09-02;827.0
1993-09-02;827.0
1993-09-02;827.0
1993-09-03;832.0
1993-09-03;833.0
1993-09-03;830.0
1993-09-03;832.0
1993-09-04;854.0
1993-09-04;845.0
1993-09-04;854.0
1993-09-04;863.0
1993-09-05;882.0
1993-09-05;882.0
1993-09-05;878.0
1993-09-05;886.0
1993-09-06;903.0
1993-09-06;901.0
1993-09-06;899.0
1993-09-06;901.0
1993-09-07;916.0
1993-09-07;913.0
1993-09-07;913.0
1993-09-07;910.0
1993-09-08;920.0
1993-09-08;920.0
1993-09-08;920.0
1993-09-08;920.0
1993-09-09;916.0
1993-09-09;916.0
1993-09-09;914.0
1993-09-09;918.0
1993-09-10;908.0
1993-09-10;909.0
1993-09-10;906.0
1993-09-10;908.0
1993-09-11;898.0
1993-09-11;898.0
1993-09-11;895.0
1993-09-11;901.0
1993-09-12;890.0
1993-09-12;891.0
1993-09-12;891.0
1993-09-12;891.0
1993-09-13;894.0
1993-09-13;893.0
1993-09-13;892.0
1993-09-13;893.0
1993-09-14;907.0
1993-09-14;902.0
1993-09-14;907.0
1993-09-14;912.0
1993-09-15;933.0
1993-09-15;929.0
1993-09-15;929.0
1993-09-15;924.0
1993-09-16;943.0
1993-09-16;943.0
1993-09-16;945.0
1993-09-16;941.0
1993-09-17;965.0
1993-09-17;965.0
1993-09-17;960.0
1993-09-17;970.0
1993-09-18;978.0
1993-09-18;979.0
1993-09-18;979.0
1993-09-18;980.0
1993-09-19;975.0
1993-09-19;980.0
1993-09-19;978.0
1993-09-19;978.0
1993-09-20;956.0
1993-09-20;962.0
1993-09-20;967.0
1993-09-20;962.0
1993-09-21;933.0
1993-09-21;925.0
1993-09-21;940.0
1993-09-21;933.0
1993-09-22;889.0
1993-09-22;919.0
1993-09-22;904.0
1993-09-22;904.0
1993-09-23;851.0
1993-09-23;859.0
1993-09-23;843.0
1993-09-23;851.0
1993-09-24;819.0
1993-09-24;825.0
1993-09-24;825.0
1993-09-24;831.0
1993-09-25;805.0
1993-09-25;817.0
1993-09-25;811.0
1993-09-25;811.0
1993-09-26;791.0
1993-09-26;792.0
1993-09-26;791.0
1993-09-26;790.0
1993-09-27;781.0
1993-09-27;775.0
1993-09-27;787.0
1993-09-27;781.0
1993-09-28;764.0
1993-09-28;767.0
1993-09-28;761.0
1993-09-28;764.0
1993-09-29;750.0
1993-09-29;752.0
1993-09-29;752.0
1993-09-29;754.0
1993-09-30;743.0
1993-09-30;742.0
1993-09-30;740.0
1993-09-30;742.0
1993-10-01;727.0
1993-10-01;733.0
1993-10-01;721.0
1993-10-01;727.0
1993-10-02;712.0
1993-10-02;714.0
1993-10-02;709.0
1993-10-02;712.0
1993-10-03;704.0
1993-10-03;704.0
1993-10-03;705.0
1993-10-03;702.0
1993-10-04;699.0
1993-10-04;699.0
1993-10-04;699.0
1993-10-04;698.0
1993-10-05;694.0
1993-10-05;693.0
1993-10-05;694.0
1993-10-05;695.0
1993-10-06;687.0
1993-10-06;687.0
1993-10-06;683.0
1993-10-06;691.0
1993-10-07;676.0
1993-10-07;674.0
1993-10-07;678.0
1993-10-07;676.0
1993-10-08;666.0
1993-10-08;664.0
1993-10-08;668.0
1993-10-08;666.0
1993-10-09;662.0
1993-10-09;661.0
1993-10-09;660.0
1993-10-09;661.0
1993-10-10;685.0
1993-10-10;695.0
1993-10-10;674.0
1993-10-10;685.0
1993-10-11;730.0
1993-10-11;739.0
1993-10-11;720.0
1993-10-11;730.0
1993-10-12;768.0
1993-10-12;773.0
1993-10-12;768.0
1993-10-12;762.0
1993-10-13;792.0
1993-10-13;798.0
1993-10-13;798.0
1993-10-13;803.0
1993-10-14;808.0
1993-10-14;810.0
1993-10-14;810.0
1993-10-14;811.0
1993-10-15;818.0
1993-10-15;819.0
1993-10-15;819.0
1993-10-15;820.0
1993-10-16;822.0
1993-10-16;822.0
1993-10-16;822.0
1993-10-16;822.0
1993-10-17;820.0
1993-10-17;819.0
1993-10-17;819.0
1993-10-17;818.0
1993-10-18;834.0
1993-10-18;843.0
1993-10-18;825.0
1993-10-18;834.0
1993-10-19;863.0
1993-10-19;860.0
1993-10-19;865.0
1993-10-19;863.0
1993-10-20;858.0
1993-10-20;864.0
1993-10-20;861.0
1993-10-20;861.0
1993-10-21;847.0
1993-10-21;841.0
1993-10-21;835.0
1993-10-21;841.0
1993-10-22;820.0
1993-10-22;809.0
1993-10-22;815.0
1993-10-22;815.0
1993-10-23;795.0
1993-10-23;792.0
1993-10-23;795.0
1993-10-23;797.0
1993-10-24;789.0
1993-10-24;790.0
1993-10-24;790.0
1993-10-24;790.0
1993-10-25;799.0
1993-10-25;795.0
1993-10-25;802.0
1993-10-25;799.0
1993-10-26;807.0
1993-10-26;807.0
1993-10-26;807.0
1993-10-26;807.0
1993-10-27;806.0
1993-10-27;807.0
1993-10-27;807.0
1993-10-27;807.0
1993-10-28;815.0
1993-10-28;816.0
1993-10-28;815.0
1993-10-28;814.0
1993-10-29;820.0
1993-10-29;821.0
1993-10-29;818.0
1993-10-29;820.0
1993-10-30;825.0
1993-10-30;825.0
1993-10-30;824.0
1993-10-30;825.0
1993-10-31;824.0
1993-10-31;824.0
1993-10-31;824.0
1993-10-31;824.0
1993-11-01;817.0
1993-11-01;819.0
1993-11-01;815.0
1993-11-01;817.0
1993-11-02;805.0
1993-11-02;805.0
1993-11-02;804.0
1993-11-02;805.0
1993-11-03;799.0
1993-11-03;797.0
1993-11-03;794.0
1993-11-03;797.0
1993-11-04;794.0
1993-11-04;802.0
1993-11-04;786.0
1993-11-04;794.0
1993-11-05;828.0
1993-11-05;826.0
1993-11-05;830.0
1993-11-05;828.0
1993-11-06;834.0
1993-11-06;834.0
1993-11-06;834.0
1993-11-06;834.0
1993-11-07;832.0
1993-11-07;824.0
1993-11-07;828.0
1993-11-07;828.0
1993-11-08;801.0
1993-11-08;813.0
1993-11-08;807.0
1993-11-08;807.0
1993-11-09;791.0
1993-11-09;793.0
1993-11-09;791.0
1993-11-09;788.0
1993-11-10;785.0
1993-11-10;786.0
1993-11-10;786.0
1993-11-10;786.0
1993-11-11;784.0
1993-11-11;784.0
1993-11-11;784.0
1993-11-11;784.0
1993-11-12;786.0
1993-11-12;787.0
1993-11-12;787.0
1993-11-12;787.0
1993-11-13;820.0
1993-11-13;807.0
1993-11-13;794.0
1993-11-13;807.0
1993-11-14;884.0
1993-11-14;884.0
1993-11-14;868.0
1993-11-14;899.0
1993-11-15;970.0
1993-11-15;957.0
1993-11-15;957.0
1993-11-15;944.0
1993-11-16;995.0
1993-11-16;999.0
1993-11-16;990.0
1993-11-16;995.0
1993-11-17;1003.0
1993-11-17;1002.0
1993-11-17;1004.0
1993-11-17;1003.0
1993-11-18;987.0
1993-11-18;980.0
1993-11-18;993.0
1993-11-18;987.0
1993-11-19;959.0
1993-11-19;965.0
1993-11-19;953.0
1993-11-19;959.0
1993-11-20;924.0
1993-11-20;929.0
1993-11-20;934.0
1993-11-20;929.0
1993-11-21;903.0
1993-11-21;903.0
1993-11-21;902.0
1993-11-21;903.0
1993-11-22;889.0
1993-11-22;875.0
1993-11-22;882.0
1993-11-22;882.0
1993-11-23;850.0
1993-11-23;856.0
1993-11-23;861.0
1993-11-23;856.0
1993-11-24;833.0
1993-11-24;829.0
1993-11-24;837.0
1993-11-24;833.0
1993-11-25;815.0
1993-11-25;813.0
1993-11-25;811.0
1993-11-25;813.0
1993-11-26;801.0
1993-11-26;808.0
1993-11-26;805.0
1993-11-26;805.0
1993-11-27;797.0
1993-11-27;789.0
1993-11-27;780.0
1993-11-27;789.0
1993-11-28;774.0
1993-11-28;779.0
1993-11-28;769.0
1993-11-28;774.0
1993-11-29;754.0
1993-11-29;751.0
1993-11-29;756.0
1993-11-29;754.0
1993-11-30;744.0
1993-11-30;742.0
1993-11-30;743.0
1993-11-30;743.0
1993-12-01;738.0
1993-12-01;735.0
1993-12-01;740.0
1993-12-01;738.0
1993-12-02;731.0
1993-12-02;729.0
1993-12-02;729.0
1993-12-02;727.0
1993-12-03;742.0
1993-12-03;744.0
1993-12-03;740.0
1993-12-03;742.0
1993-12-04;746.0
1993-12-04;746.0
1993-12-04;745.0
1993-12-04;746.0
1993-12-05;738.0
1993-12-05;740.0
1993-12-05;736.0
1993-12-05;738.0
1993-12-06;723.0
1993-12-06;726.0
1993-12-06;720.0
1993-12-06;723.0
1993-12-07;712.0
1993-12-07;712.0
1993-12-07;711.0
1993-12-07;712.0
1993-12-08;710.0
1993-12-08;709.0
1993-12-08;710.0
1993-12-08;710.0
1993-12-09;723.0
1993-12-09;723.0
1993-12-09;719.0
1993-12-09;727.0
1993-12-10;755.0
1993-12-10;755.0
1993-12-10;758.0
1993-12-10;752.0
1993-12-11;759.0
1993-12-11;758.0
1993-12-11;758.0
1993-12-11;757.0
1993-12-12;750.0
1993-12-12;752.0
1993-12-12;747.0
1993-12-12;750.0
1993-12-13;741.0
1993-12-13;740.0
1993-12-13;741.0
1993-12-13;741.0
1993-12-14;741.0
1993-12-14;743.0
1993-12-14;738.0
1993-12-14;741.0
1993-12-15;757.0
1993-12-15;758.0
1993-12-15;755.0
1993-12-15;757.0
1993-12-16;743.0
1993-12-16;739.0
1993-12-16;743.0
1993-12-16;746.0
1993-12-17;722.0
1993-12-17;718.0
1993-12-17;726.0
1993-12-17;722.0
1993-12-18;713.0
1993-12-18;712.0
1993-12-18;713.0
1993-12-18;713.0
1993-12-19;718.0
1993-12-19;718.0
1993-12-19;718.0
1993-12-19;718.0
1993-12-20;713.0
1993-12-20;715.0
1993-12-20;711.0
1993-12-20;713.0
1993-12-21;716.0
1993-12-21;716.0
1993-12-21;714.0
1993-12-21;717.0
1993-12-22;699.0
1993-12-22;696.0
1993-12-22;702.0
1993-12-22;699.0
1993-12-23;688.0
1993-12-23;692.0
1993-12-23;684.0
1993-12-23;688.0
1993-12-24;676.0
1993-12-24;674.0
1993-12-24;677.0
1993-12-24;676.0
1993-12-25;671.0
1993-12-25;672.0
1993-12-25;670.0
1993-12-25;671.0
1993-12-26;666.0
1993-12-26;668.0
1993-12-26;666.0
1993-12-26;664.0
1993-12-27;659.0
1993-12-27;659.0
1993-12-27;659.0
1993-12-27;659.0
1993-12-28;636.0
1993-12-28;644.0
1993-12-28;640.0
1993-12-28;640.0
1993-12-29;620.0
1993-12-29;620.0
1993-12-29;624.0
1993-12-29;616.0
1993-12-30;602.0
1993-12-30;606.0
1993-12-30;597.0
1993-12-30;602.0
1993-12-31;579.0
1993-12-31;584.0
1993-12-31;584.0
1993-12-31;589.0
1994-01-01;567.0
1994-01-01;572.0
1994-01-01;563.0
1994-01-02;555.0
1994-01-02;555.0
1994-01-02;556.0
1994-01-03;560.0
1994-01-03;560.0
1994-01-03;561.0
1994-01-04;563.0
1994-01-04;564.0
1994-01-04;566.0
1994-01-05;565.0
1994-01-05;563.0
1994-01-05;562.0
1994-01-06;558.0
1994-01-06;551.0
1994-01-06;554.0
1994-01-07;542.0
1994-01-07;539.0
1994-01-07;537.0
1994-01-08;522.0
1994-01-08;528.0
1994-01-08;525.0
1994-01-09;516.0
1994-01-09;517.0
1994-01-09;518.0
1994-01-10;508.0
1994-01-10;509.0
1994-01-10;510.0
1994-01-11;508.0
1994-01-11;508.0
1994-01-11;508.0
1994-01-12;518.0
1994-01-12;514.0
1994-01-12;516.0
1994-01-13;513.0
1994-01-13;516.0
1994-01-13;519.0
1994-01-14;516.0
1994-01-14;518.0
1994-01-14;517.0
1994-01-15;548.0
1994-01-15;534.0
1994-01-15;564.0
1994-01-16;571.0
1994-01-16;565.0
1994-01-16;574.0
1994-01-17;582.0
1994-01-17;581.0
1994-01-17;587.0
1994-01-18;569.0
1994-01-18;603.0
1994-01-18;578.0
1994-01-19;615.0
1994-01-19;559.0
1994-01-19;552.0
1994-01-20;532.0
1994-01-20;540.0
1994-01-20;611.0
1994-01-21;522.0
1994-01-21;510.0
1994-01-21;600.0
1994-01-22;486.0
1994-01-22;494.0
1994-01-22;587.0
1994-01-23;480.0
1994-01-23;475.0
1994-01-23;562.0
1994-01-24;460.0
1994-01-24;454.0
1994-01-24;545.0
1994-01-25;455.0
1994-01-25;523.0
1994-01-25;453.0
1994-01-26;520.0
1994-01-26;467.0
1994-01-26;484.0
1994-01-27;499.0
1994-01-27;516.0
1994-01-27;490.0
1994-01-28;514.0
1994-01-28;504.0
1994-01-28;521.0
1994-01-29;533.0
1994-01-29;540.0
1994-01-29;527.0
1994-01-30;544.0
1994-01-30;542.0
1994-01-30;528.0
1994-01-31;575.0
1994-01-31;539.0
1994-01-31;531.0
1994-02-01;592.0
1994-02-01;513.0
1994-02-01;520.0
1994-02-02;595.0
1994-02-02;509.0
1994-02-02;508.0
1994-02-03;507.0
1994-02-03;592.0
1994-02-03;506.0
1994-02-04;521.0
1994-02-04;586.0
1994-02-04;510.0
1994-02-05;538.0
1994-02-05;545.0
1994-02-05;589.0
1994-02-06;552.0
1994-02-06;556.0
1994-02-06;608.0
1994-02-07;558.0
1994-02-07;621.0
1994-02-07;560.0
1994-02-08;551.0
1994-02-08;556.0
1994-02-08;626.0
1994-02-09;533.0
1994-02-09;626.0
1994-02-09;540.0
1994-02-10;520.0
1994-02-10;524.0
1994-02-10;621.0
1994-02-11;612.0
1994-02-11;521.0
1994-02-11;524.0
1994-02-12;598.0
1994-02-12;530.0
1994-02-12;531.0
1994-02-13;531.0
1994-02-13;530.0
1994-02-13;590.0
1994-02-14;521.0
1994-02-14;585.0
1994-02-14;527.0
1994-02-15;512.0
1994-02-15;514.0
1994-02-15;579.0
1994-02-16;570.0
1994-02-16;502.0
1994-02-16;498.0
1994-02-17;488.0
1994-02-17;536.0
1994-02-17;482.0
1994-02-18;527.0
1994-02-18;475.0
1994-02-18;470.0
1994-02-19;516.0
1994-02-19;466.0
1994-02-19;464.0
1994-02-20;474.0
1994-02-20;464.0
1994-02-20;505.0
1994-02-21;480.0
1994-02-21;495.0
1994-02-21;476.0
1994-02-22;485.0
1994-02-22;490.0
1994-02-22;502.0
1994-02-23;522.0
1994-02-23;494.0
1994-02-23;516.0
1994-02-24;502.0
1994-02-24;524.0
1994-02-24;522.0
1994-02-25;515.0
1994-02-25;518.0
1994-02-25;515.0
1994-02-26;512.0
1994-02-26;525.0
1994-02-26;507.0
1994-02-27;532.0
1994-02-27;505.0
1994-02-27;504.0
1994-02-28;506.0
1994-02-28;508.0
1994-02-28;533.0
1994-03-01;530.0
1994-03-01;510.0
1994-03-01;513.0
1994-03-01;515.0
1994-03-02;520.0
1994-03-02;525.0
1994-03-02;522.0
1994-03-02;516.0
1994-03-03;522.0
1994-03-03;522.0
1994-03-03;523.0
1994-03-03;523.0
1994-03-04;518.0
1994-03-04;552.0
1994-03-04;543.0
1994-03-04;560.0
1994-03-05;515.0
1994-03-05;573.0
1994-03-05;584.0
1994-03-05;579.0
1994-03-06;591.0
1994-03-06;591.0
1994-03-06;527.0
1994-03-06;591.0
1994-03-07;583.0
1994-03-07;586.0
1994-03-07;588.0
1994-03-07;538.0
1994-03-08;547.0
1994-03-08;569.0
1994-03-08;566.0
1994-03-08;572.0
1994-03-09;555.0
1994-03-09;550.0
1994-03-09;561.0
1994-03-09;566.0
1994-03-10;546.0
1994-03-10;539.0
1994-03-10;543.0
1994-03-10;545.0
1994-03-11;526.0
1994-03-11;537.0
1994-03-11;528.0
1994-03-11;523.0
1994-03-12;525.0
1994-03-12;528.0
1994-03-12;525.0
1994-03-12;524.0
1994-03-13;523.0
1994-03-13;522.0
1994-03-13;524.0
1994-03-13;529.0
1994-03-14;524.0
1994-03-14;522.0
1994-03-14;523.0
1994-03-14;534.0
1994-03-15;531.0
1994-03-15;522.0
1994-03-15;522.0
1994-03-15;522.0
1994-03-16;522.0
1994-03-16;522.0
1994-03-16;522.0
1994-03-16;526.0
1994-03-17;526.0
1994-03-17;518.0
1994-03-17;529.0
1994-03-17;531.0
1994-03-18;531.0
1994-03-18;530.0
1994-03-18;517.0
1994-03-18;532.0
1994-03-19;520.0
1994-03-19;524.0
1994-03-19;524.0
1994-03-19;524.0
1994-03-20;519.0
1994-03-20;529.0
1994-03-20;533.0
1994-03-20;531.0
1994-03-21;539.0
1994-03-21;540.0
1994-03-21;537.0
1994-03-21;513.0
1994-03-22;541.0
1994-03-22;508.0
1994-03-22;541.0
1994-03-22;541.0
1994-03-23;544.0
1994-03-23;508.0
1994-03-23;542.0
1994-03-23;545.0
1994-03-24;558.0
1994-03-24;559.0
1994-03-24;509.0
1994-03-24;556.0
1994-03-25;558.0
1994-03-25;560.0
1994-03-25;511.0
1994-03-25;559.0
1994-03-26;555.0
1994-03-26;514.0
1994-03-26;554.0
1994-03-26;552.0
1994-03-27;519.0
1994-03-27;578.0
1994-03-27;584.0
1994-03-27;572.0
1994-03-28;628.0
1994-03-28;617.0
1994-03-28;605.0
1994-03-28;546.0
1994-03-29;670.0
1994-03-29;662.0
1994-03-29;583.0
1994-03-29;678.0
1994-03-30;695.0
1994-03-30;691.0
1994-03-30;632.0
1994-03-30;687.0
1994-03-31;702.0
1994-03-31;702.0
1994-03-31;660.0
1994-03-31;702.0
1994-04-01;698.0
1994-04-01;674.0
1994-04-01;694.0
1994-04-01;696.0
1994-04-02;688.0
1994-04-02;688.0
1994-04-02;688.0
1994-04-02;683.0
1994-04-03;698.0
1994-04-03;698.0
1994-04-03;684.0
1994-04-03;712.0
1994-04-04;760.0
1994-04-04;753.0
1994-04-04;753.0
1994-04-04;746.0
1994-04-05;765.0
1994-04-05;763.0
1994-04-05;765.0
1994-04-05;766.0
1994-04-06;757.0
1994-04-06;759.0
1994-04-06;755.0
1994-04-06;757.0
1994-04-07;750.0
1994-04-07;748.0
1994-04-07;751.0
1994-04-07;750.0
1994-04-08;744.0
1994-04-08;742.0
1994-04-08;740.0
1994-04-08;742.0
1994-04-09;745.0
1994-04-09;756.0
1994-04-09;745.0
1994-04-09;734.0
1994-04-10;728.0
1994-04-10;730.0
1994-04-10;729.0
1994-04-10;729.0
1994-04-11;732.0
1994-04-11;734.0
1994-04-11;730.0
1994-04-11;732.0
1994-04-12;750.0
1994-04-12;746.0
1994-04-12;754.0
1994-04-12;750.0
1994-04-13;757.0
1994-04-13;756.0
1994-04-13;757.0
1994-04-13;758.0
1994-04-14;757.0
1994-04-14;755.0
1994-04-14;758.0
1994-04-14;757.0
1994-04-15;748.0
1994-04-15;750.0
1994-04-15;746.0
1994-04-15;748.0
1994-04-16;739.0
1994-04-16;741.0
1994-04-16;739.0
1994-04-16;736.0
1994-04-17;729.0
1994-04-17;729.0
1994-04-17;728.0
1994-04-17;729.0
1994-04-18;721.0
1994-04-18;724.0
1994-04-18;726.0
1994-04-18;724.0
1994-04-19;715.0
1994-04-19;714.0
1994-04-19;715.0
1994-04-19;715.0
1994-04-20;724.0
1994-04-20;726.0
1994-04-20;722.0
1994-04-20;724.0
1994-04-21;721.0
1994-04-21;724.0
1994-04-21;723.0
1994-04-21;723.0
1994-04-22;726.0
1994-04-22;726.0
1994-04-22;726.0
1994-04-22;726.0
1994-04-23;724.0
1994-04-23;725.0
1994-04-23;725.0
1994-04-23;725.0
1994-04-24;726.0
1994-04-24;726.0
1994-04-24;726.0
1994-04-24;726.0
1994-04-25;753.0
1994-04-25;763.0
1994-04-25;753.0
1994-04-25;743.0
1994-04-26;776.0
1994-04-26;777.0
1994-04-26;777.0
1994-04-26;777.0
1994-04-27;786.0
1994-04-27;786.0
1994-04-27;780.0
1994-04-27;792.0
1994-04-28;779.0
1994-04-28;780.0
1994-04-28;778.0
1994-04-28;779.0
1994-04-29;764.0
1994-04-29;759.0
1994-04-29;754.0
1994-04-29;759.0
1994-04-30;746.0
1994-04-30;744.0
1994-04-30;745.0
1994-04-30;745.0
1994-05-01;769.0
1994-05-01;764.0
1994-05-01;773.0
1994-05-01;769.0
1994-05-02;791.0
1994-05-02;789.0
1994-05-02;786.0
1994-05-02;789.0
1994-05-03;794.0
1994-05-03;794.0
1994-05-03;793.0
1994-05-03;794.0
1994-05-04;795.0
1994-05-04;793.0
1994-05-04;795.0
1994-05-04;796.0
1994-05-05;829.0
1994-05-05;812.0
1994-05-05;821.0
1994-05-05;821.0
1994-05-06;849.0
1994-05-06;864.0
1994-05-06;857.0
1994-05-06;857.0
1994-05-07;872.0
1994-05-07;868.0
1994-05-07;872.0
1994-05-07;876.0
1994-05-08;900.0
1994-05-08;900.0
1994-05-08;901.0
1994-05-08;898.0
1994-05-09;903.0
1994-05-09;915.0
1994-05-09;915.0
1994-05-09;927.0
1994-05-10;934.0
1994-05-10;933.0
1994-05-10;932.0
1994-05-10;933.0
1994-05-11;941.0
1994-05-11;938.0
1994-05-11;941.0
1994-05-11;943.0
1994-05-12;958.0
1994-05-12;952.0
1994-05-12;963.0
1994-05-12;958.0
1994-05-13;965.0
1994-05-13;965.0
1994-05-13;963.0
1994-05-13;967.0
1994-05-14;957.0
1994-05-14;953.0
1994-05-14;957.0
1994-05-14;960.0
1994-05-15;939.0
1994-05-15;934.0
1994-05-15;944.0
1994-05-15;939.0
1994-05-16;928.0
1994-05-16;930.0
1994-05-16;931.0
1994-05-16;930.0
1994-05-17;950.0
1994-05-17;955.0
1994-05-17;945.0
1994-05-17;950.0
1994-05-18;968.0
1994-05-18;968.0
1994-05-18;970.0
1994-05-18;966.0
1994-05-19;983.0
1994-05-19;988.0
1994-05-19;977.0
1994-05-19;983.0
1994-05-20;996.0
1994-05-20;995.0
1994-05-20;997.0
1994-05-20;996.0
1994-05-21;995.0
1994-05-21;992.0
1994-05-21;997.0
1994-05-21;995.0
1994-05-22;978.0
1994-05-22;978.0
1994-05-22;971.0
1994-05-22;984.0
1994-05-23;949.0
1994-05-23;956.0
1994-05-23;942.0
1994-05-23;949.0
1994-05-24;914.0
1994-05-24;914.0
1994-05-24;907.0
1994-05-24;921.0
1994-05-25;889.0
1994-05-25;888.0
1994-05-25;889.0
1994-05-25;889.0
1994-05-26;888.0
1994-05-26;888.0
1994-05-26;888.0
1994-05-26;888.0
1994-05-27;912.0
1994-05-27;904.0
1994-05-27;908.0
1994-05-27;908.0
1994-05-28;911.0
1994-05-28;913.0
1994-05-28;914.0
1994-05-28;913.0
1994-05-29;904.0
1994-05-29;907.0
1994-05-29;904.0
1994-05-29;901.0
1994-05-30;898.0
1994-05-30;898.0
1994-05-30;898.0
1994-05-30;898.0
1994-05-31;892.0
1994-05-31;890.0
1994-05-31;893.0
1994-05-31;892.0
1994-06-01;886.0
1994-06-01;884.0
1994-06-01;882.0
1994-06-01;884.0
1994-06-02;880.0
1994-06-02;878.0
1994-06-02;882.0
1994-06-02;880.0
1994-06-03;911.0
1994-06-03;904.0
1994-06-03;918.0
1994-06-03;911.0
1994-06-04;940.0
1994-06-04;946.0
1994-06-04;940.0
1994-06-04;934.0
1994-06-05;964.0
1994-06-05;968.0
1994-06-05;966.0
1994-06-05;966.0
1994-06-06;968.0
1994-06-06;969.0
1994-06-06;968.0
1994-06-06;966.0
1994-06-07;968.0
1994-06-07;964.0
1994-06-07;960.0
1994-06-07;964.0
1994-06-08;971.0
1994-06-08;971.0
1994-06-08;970.0
1994-06-08;971.0
1994-06-09;967.0
1994-06-09;967.0
1994-06-09;970.0
1994-06-09;964.0
1994-06-10;962.0
1994-06-10;958.0
1994-06-10;965.0
1994-06-10;962.0
1994-06-11;968.0
1994-06-11;964.0
1994-06-11;966.0
1994-06-11;966.0
1994-06-12;961.0
1994-06-12;960.0
1994-06-12;961.0
1994-06-12;961.0
1994-06-13;963.0
1994-06-13;958.0
1994-06-13;968.0
1994-06-13;963.0
1994-06-14;1001.0
1994-06-14;991.0
1994-06-14;996.0
1994-06-14;996.0
1994-06-15;1004.0
1994-06-15;1006.0
1994-06-15;1001.0
1994-06-15;1004.0
1994-06-16;1013.0
1994-06-16;1013.0
1994-06-16;1012.0
1994-06-16;1014.0
1994-06-17;1019.0
1994-06-17;1020.0
1994-06-17;1021.0
1994-06-17;1020.0
1994-06-18;1022.0
1994-06-18;1020.0
1994-06-18;1023.0
1994-06-18;1022.0
1994-06-19;1019.0
1994-06-19;1016.0
1994-06-19;1021.0
1994-06-19;1019.0
1994-06-20;996.0
1994-06-20;1007.0
1994-06-20;1002.0
1994-06-20;1002.0
1994-06-21;988.0
1994-06-21;986.0
1994-06-21;990.0
1994-06-21;988.0
1994-06-22;960.0
1994-06-22;966.0
1994-06-22;966.0
1994-06-22;972.0
1994-06-23;942.0
1994-06-23;936.0
1994-06-23;942.0
1994-06-23;948.0
1994-06-24;928.0
1994-06-24;927.0
1994-06-24;927.0
1994-06-24;926.0
1994-06-25;928.0
1994-06-25;929.0
1994-06-25;926.0
1994-06-25;928.0
1994-06-26;932.0
1994-06-26;930.0
1994-06-26;933.0
1994-06-26;932.0
1994-06-27;964.0
1994-06-27;954.0
1994-06-27;945.0
1994-06-27;959.0
1994-06-28;935.0
1994-06-28;946.0
1994-06-28;913.0
1994-06-28;978.0
1994-06-29;982.0
1994-06-29;981.0
1994-06-29;982.0
1994-06-29;919.0
1994-06-30;918.0
1994-06-30;977.0
1994-06-30;974.0
1994-06-30;970.0
1994-07-01;962.0
1994-07-01;960.0
1994-07-01;964.0
1994-07-01;911.0
1994-07-02;950.0
1994-07-02;948.0
1994-07-02;952.0
1994-07-02;905.0
1994-07-03;942.0
1994-07-03;937.0
1994-07-03;901.0
1994-07-03;932.0
1994-07-04;943.0
1994-07-04;898.0
1994-07-04;945.0
1994-07-04;940.0
1994-07-05;952.0
1994-07-05;959.0
1994-07-05;956.0
1994-07-05;890.0
1994-07-06;881.0
1994-07-06;968.0
1994-07-06;974.0
1994-07-06;971.0
1994-07-07;880.0
1994-07-07;978.0
1994-07-07;978.0
1994-07-07;978.0
1994-07-08;975.0
1994-07-08;973.0
1994-07-08;976.0
1994-07-08;883.0
1994-07-09;967.0
1994-07-09;910.0
1994-07-09;939.0
1994-07-09;890.0
1994-07-10;966.0
1994-07-10;966.0
1994-07-10;966.0
1994-07-10;893.0
1994-07-11;893.0
1994-07-11;965.0
1994-07-11;964.0
1994-07-11;965.0
1994-07-12;959.0
1994-07-12;958.0
1994-07-12;960.0
1994-07-12;891.0
1994-07-13;950.0
1994-07-13;948.0
1994-07-13;952.0
1994-07-13;885.0
1994-07-14;941.0
1994-07-14;938.0
1994-07-14;943.0
1994-07-14;883.0
1994-07-15;881.0
1994-07-15;927.0
1994-07-15;930.0
1994-07-15;932.0
1994-07-16;869.0
1994-07-16;915.0
1994-07-16;920.0
1994-07-16;918.0
1994-07-17;908.0
1994-07-17;855.0
1994-07-17;905.0
1994-07-17;902.0
1994-07-18;896.0
1994-07-18;898.0
1994-07-18;847.0
1994-07-18;899.0
1994-07-19;847.0
1994-07-19;895.0
1994-07-19;894.0
1994-07-19;895.0
1994-07-20;901.0
1994-07-20;900.0
1994-07-20;898.0
1994-07-20;843.0
1994-07-21;905.0
1994-07-21;904.0
1994-07-21;842.0
1994-07-21;906.0
1994-07-22;850.0
1994-07-22;902.0
1994-07-22;903.0
1994-07-22;901.0
1994-07-23;896.0
1994-07-23;856.0
1994-07-23;894.0
1994-07-23;897.0
1994-07-24;902.0
1994-07-24;858.0
1994-07-24;854.0
1994-07-24;806.0
1994-07-25;860.0
1994-07-25;918.0
1994-07-25;925.0
1994-07-25;922.0
1994-07-26;925.0
1994-07-26;924.0
1994-07-26;926.0
1994-07-26;862.0
1994-07-27;864.0
1994-07-27;917.0
1994-07-27;915.0
1994-07-27;919.0
1994-07-28;867.0
1994-07-28;904.0
1994-07-28;899.0
1994-07-28;908.0
1994-07-29;889.0
1994-07-29;881.0
1994-07-29;885.0
1994-07-29;865.0
1994-07-30;880.0
1994-07-30;882.0
1994-07-30;855.0
1994-07-30;883.0
1994-07-31;889.0
1994-07-31;894.0
1994-07-31;849.0
1994-07-31;892.0
1994-08-01;919.0
1994-08-01;846.0
1994-08-01;913.0
1994-08-01;916.0
1994-08-02;924.0
1994-08-02;924.0
1994-08-02;924.0
1994-08-02;850.0
1994-08-03;928.0
1994-08-03;924.0
1994-08-03;867.0
1994-08-03;926.0
1994-08-04;877.0
1994-08-04;945.0
1994-08-04;940.0
1994-08-04;950.0
1994-08-05;881.0
1994-08-05;956.0
1994-08-05;963.0
1994-08-05;960.0
1994-08-06;968.0
1994-08-06;968.0
1994-08-06;967.0
1994-08-06;892.0
1994-08-07;968.0
1994-08-07;966.0
1994-08-07;899.0
1994-08-07;967.0
1994-08-08;908.0
1994-08-08;963.0
1994-08-08;964.0
1994-08-08;965.0
1994-08-09;920.0
1994-08-09;959.0
1994-08-09;956.0
1994-08-09;958.0
1994-08-10;921.0
1994-08-10;950.0
1994-08-10;947.0
1994-08-10;944.0
1994-08-11;942.0
1994-08-11;920.0
1994-08-11;941.0
1994-08-11;940.0
1994-08-12;948.0
1994-08-12;941.0
1994-08-12;945.0
1994-08-12;917.0
1994-08-13;948.0
1994-08-13;947.0
1994-08-13;915.0
1994-08-13;949.0
1994-08-14;915.0
1994-08-14;944.0
1994-08-14;942.0
1994-08-14;939.0
1994-08-15;939.0
1994-08-15;939.0
1994-08-15;939.0
1994-08-15;913.0
1994-08-16;948.0
1994-08-16;968.0
1994-08-16;958.0
1994-08-16;912.0
1994-08-17;1005.0
1994-08-17;993.0
1994-08-17;916.0
1994-08-17;999.0
1994-08-18;932.0
1994-08-18;1016.0
1994-08-18;1015.0
1994-08-18;1014.0
1994-08-19;1016.0
1994-08-19;944.0
1994-08-19;1015.0
1994-08-19;1014.0
1994-08-20;1008.0
1994-08-20;1010.0
1994-08-20;952.0
1994-08-20;1006.0
1994-08-21;956.0
1994-08-21;1006.0
1994-08-21;1009.0
1994-08-21;1008.0
1994-08-22;1019.0
1994-08-22;1027.0
1994-08-22;955.0
1994-08-22;1023.0
1994-08-23;1041.0
1994-08-23;1037.0
1994-08-23;955.0
1994-08-23;1044.0
1994-08-24;1053.0
1994-08-24;1046.0
1994-08-24;1050.0
1994-08-24;962.0
1994-08-25;1054.0
1994-08-25;1053.0
1994-08-25;1055.0
1994-08-25;975.0
1994-08-26;984.0
1994-08-26;1053.0
1994-08-26;1054.0
1994-08-26;1055.0
1994-08-27;1056.0
1994-08-27;1055.0
1994-08-27;1053.0
1994-08-27;995.0
1994-08-28;1001.0
1994-08-28;1050.0
1994-08-28;1045.0
1994-08-28;1048.0
1994-08-29;1003.0
1994-08-29;1043.0
1994-08-29;1042.0
1994-08-29;1040.0
1994-08-30;1036.0
1994-08-30;1039.0
1994-08-30;1038.0
1994-08-30;1001.0
1994-08-31;997.0
1994-08-31;1033.0
1994-08-31;1030.0
1994-08-31;1032.0
1994-09-01;1024.0
1994-09-01;1022.0
1994-09-01;1026.0
1994-09-01;990.0
1994-09-02;1012.0
1994-09-02;1015.0
1994-09-02;982.0
1994-09-02;1017.0
1994-09-03;978.0
1994-09-03;1016.0
1994-09-03;1016.0
1994-09-03;1015.0
1994-09-04;1022.0
1994-09-04;1021.0
1994-09-04;1019.0
1994-09-04;965.0
1994-09-05;1024.0
1994-09-05;1025.0
1994-09-05;960.0
1994-09-05;1026.0
1994-09-06;1022.0
1994-09-06;1021.0
1994-09-06;1022.0
1994-09-06;958.0
1994-09-07;1019.0
1994-09-07;1018.0
1994-09-07;956.0
1994-09-07;1019.0
1994-09-08;1012.0
1994-09-08;1011.0
1994-09-08;1010.0
1994-09-08;953.0
1994-09-09;951.0
1994-09-09;1012.0
1994-09-09;1011.0
1994-09-09;1009.0
1994-09-10;950.0
1994-09-10;1005.0
1994-09-10;1001.0
1994-09-10;1003.0
1994-09-11;1002.0
1994-09-11;1002.0
1994-09-11;1001.0
1994-09-11;951.0
1994-09-12;999.0
1994-09-12;997.0
1994-09-12;946.0
1994-09-12;1001.0
1994-09-13;941.0
1994-09-13;986.0
1994-09-13;982.0
1994-09-13;990.0
1994-09-14;965.0
1994-09-14;970.0
1994-09-14;935.0
1994-09-14;960.0
1994-09-15;950.0
1994-09-15;930.0
1994-09-15;945.0
1994-09-15;940.0
1994-09-16;920.0
1994-09-16;925.0
1994-09-16;930.0
1994-09-16;925.0
1994-09-17;907.0
1994-09-17;903.0
1994-09-17;911.0
1994-09-17;907.0
1994-09-18;894.0
1994-09-18;895.0
1994-09-18;895.0
1994-09-18;895.0
1994-09-19;898.0
1994-09-19;898.0
1994-09-19;896.0
1994-09-19;899.0
1994-09-20;904.0
1994-09-20;906.0
1994-09-20;905.0
1994-09-20;905.0
1994-09-21;902.0
1994-09-21;904.0
1994-09-21;904.0
1994-09-21;906.0
1994-09-22;904.0
1994-09-22;904.0
1994-09-22;904.0
1994-09-22;903.0
1994-09-23;900.0
1994-09-23;897.0
1994-09-23;902.0
1994-09-23;900.0
1994-09-24;890.0
1994-09-24;887.0
1994-09-24;892.0
1994-09-24;890.0
1994-09-25;885.0
1994-09-25;885.0
1994-09-25;885.0
1994-09-25;885.0
1994-09-26;884.0
1994-09-26;883.0
1994-09-26;883.0
1994-09-26;882.0
1994-09-27;876.0
1994-09-27;874.0
1994-09-27;875.0
1994-09-27;875.0
1994-09-28;872.0
1994-09-28;873.0
1994-09-28;874.0
1994-09-28;873.0
1994-09-29;875.0
1994-09-29;875.0
1994-09-29;874.0
1994-09-29;875.0
1994-09-30;870.0
1994-09-30;873.0
1994-09-30;872.0
1994-09-30;872.0
1994-10-01;863.0
1994-10-01;860.0
1994-10-01;865.0
1994-10-01;863.0
1994-10-02;858.0
1994-10-02;850.0
1994-10-02;854.0
1994-10-02;858.0
1994-10-03;846.0
1994-10-03;847.0
1994-10-03;847.0
1994-10-03;847.0
1994-10-04;847.0
1994-10-04;847.0
1994-10-04;846.0
1994-10-04;848.0
1994-10-05;857.0
1994-10-05;855.0
1994-10-05;853.0
1994-10-05;855.0
1994-10-06;859.0
1994-10-06;858.0
1994-10-06;859.0
1994-10-06;860.0
1994-10-07;849.0
1994-10-07;852.0
1994-10-07;854.0
1994-10-07;852.0
1994-10-08;840.0
1994-10-08;838.0
1994-10-08;842.0
1994-10-08;840.0
1994-10-09;832.0
1994-10-09;832.0
1994-10-09;832.0
1994-10-09;831.0
1994-10-10;837.0
1994-10-10;837.0
1994-10-10;834.0
1994-10-10;839.0
1994-10-11;851.0
1994-10-11;851.0
1994-10-11;854.0
1994-10-11;847.0
1994-10-12;861.0
1994-10-12;862.0
1994-10-12;860.0
1994-10-12;861.0
1994-10-13;861.0
1994-10-13;860.0
1994-10-13;862.0
1994-10-13;861.0
1994-10-14;851.0
1994-10-14;849.0
1994-10-14;852.0
1994-10-14;851.0
1994-10-15;866.0
1994-10-15;866.0
1994-10-15;872.0
1994-10-15;859.0
1994-10-16;891.0
1994-10-16;895.0
1994-10-16;899.0
1994-10-16;895.0
1994-10-17;905.0
1994-10-17;907.0
1994-10-17;902.0
1994-10-17;905.0
1994-10-18;886.0
1994-10-18;880.0
1994-10-18;891.0
1994-10-18;886.0
1994-10-19;842.0
1994-10-19;850.0
1994-10-19;850.0
1994-10-19;858.0
1994-10-20;820.0
1994-10-20;824.0
1994-10-20;824.0
1994-10-20;827.0
1994-10-21;811.0
1994-10-21;814.0
1994-10-21;808.0
1994-10-21;811.0
1994-10-22;798.0
1994-10-22;788.0
1994-10-22;793.0
1994-10-22;793.0
1994-10-23;770.0
1994-10-23;770.0
1994-10-23;766.0
1994-10-23;773.0
1994-10-24;760.0
1994-10-24;760.0
1994-10-24;760.0
1994-10-24;760.0
1994-10-25;757.0
1994-10-25;758.0
1994-10-25;755.0
1994-10-25;757.0
1994-10-26;749.0
1994-10-26;746.0
1994-10-26;751.0
1994-10-26;749.0
1994-10-27;737.0
1994-10-27;740.0
1994-10-27;734.0
1994-10-27;737.0
1994-10-28;728.0
1994-10-28;726.0
1994-10-28;730.0
1994-10-28;728.0
1994-10-29;728.0
1994-10-29;739.0
1994-10-29;750.0
1994-10-29;739.0
1994-10-30;752.0
1994-10-30;752.0
1994-10-30;752.0
1994-10-30;752.0
1994-10-31;737.0
1994-10-31;742.0
1994-10-31;742.0
1994-10-31;747.0
1994-11-01;721.0
1994-11-01;721.0
1994-11-01;726.0
1994-11-01;715.0
1994-11-02;699.0
1994-11-02;695.0
1994-11-02;703.0
1994-11-02;699.0
1994-11-03;686.0
1994-11-03;688.0
1994-11-03;684.0
1994-11-03;686.0
1994-11-04;682.0
1994-11-04;682.0
1994-11-04;682.0
1994-11-04;682.0
1994-11-05;681.0
1994-11-05;681.0
1994-11-05;681.0
1994-11-05;680.0
1994-11-06;678.0
1994-11-06;677.0
1994-11-06;678.0
1994-11-06;678.0
1994-11-07;680.0
1994-11-07;682.0
1994-11-07;681.0
1994-11-07;681.0
1994-11-08;696.0
1994-11-08;700.0
1994-11-08;700.0
1994-11-08;704.0
1994-11-09;712.0
1994-11-09;714.0
1994-11-09;713.0
1994-11-09;713.0
1994-11-10;712.0
1994-11-10;713.0
1994-11-10;710.0
1994-11-10;712.0
1994-11-11;709.0
1994-11-11;709.0
1994-11-11;708.0
1994-11-11;709.0
1994-11-12;708.0
1994-11-12;708.0
1994-11-12;708.0
1994-11-12;708.0
1994-11-13;709.0
1994-11-13;709.0
1994-11-13;709.0
1994-11-13;708.0
1994-11-14;708.0
1994-11-14;706.0
1994-11-14;707.0
1994-11-14;707.0
1994-11-15;703.0
1994-11-15;701.0
1994-11-15;704.0
1994-11-15;703.0
1994-11-16;694.0
1994-11-16;691.0
1994-11-16;696.0
1994-11-16;694.0
1994-11-17;682.0
1994-11-17;684.0
1994-11-17;680.0
1994-11-17;682.0
1994-11-18;674.0
1994-11-18;676.0
1994-11-18;675.0
1994-11-18;675.0
1994-11-19;669.0
1994-11-19;670.0
1994-11-19;668.0
1994-11-19;669.0
1994-11-20;680.0
1994-11-20;684.0
1994-11-20;676.0
1994-11-20;680.0
1994-11-21;708.0
1994-11-21;712.0
1994-11-21;708.0
1994-11-21;704.0
1994-11-22;711.0
1994-11-22;712.0
1994-11-22;711.0
1994-11-22;710.0
1994-11-23;709.0
1994-11-23;708.0
1994-11-23;709.0
1994-11-23;710.0
1994-11-24;709.0
1994-11-24;710.0
1994-11-24;708.0
1994-11-24;709.0
1994-11-25;717.0
1994-11-25;724.0
1994-11-25;731.0
1994-11-25;724.0
1994-11-26;735.0
1994-11-26;733.0
1994-11-26;731.0
1994-11-26;733.0
1994-11-27;740.0
1994-11-27;742.0
1994-11-27;743.0
1994-11-27;742.0
1994-11-28;756.0
1994-11-28;751.0
1994-11-28;756.0
1994-11-28;760.0
1994-11-29;775.0
1994-11-29;775.0
1994-11-29;775.0
1994-11-29;774.0
1994-11-30;767.0
1994-11-30;767.0
1994-11-30;770.0
1994-11-30;763.0
1994-12-01;746.0
1994-12-01;751.0
1994-12-01;740.0
1994-12-01;746.0
1994-12-02;723.0
1994-12-02;723.0
1994-12-02;728.0
1994-12-02;717.0
1994-12-03;703.0
1994-12-03;699.0
1994-12-03;703.0
1994-12-03;706.0
1994-12-04;697.0
1994-12-04;696.0
1994-12-04;697.0
1994-12-04;697.0
1994-12-05;682.0
1994-12-05;696.0
1994-12-05;667.0
1994-12-05;682.0
1994-12-06;693.0
1994-12-06;690.0
1994-12-06;692.0
1994-12-06;692.0
1994-12-07;697.0
1994-12-07;697.0
1994-12-07;690.0
1994-12-07;704.0
1994-12-08;763.0
1994-12-08;745.0
1994-12-08;780.0
1994-12-08;763.0
1994-12-09;811.0
1994-12-09;801.0
1994-12-09;811.0
1994-12-09;820.0
1994-12-10;837.0
1994-12-10;842.0
1994-12-10;840.0
1994-12-10;840.0
1994-12-11;841.0
1994-12-11;840.0
1994-12-11;842.0
1994-12-11;841.0
1994-12-12;842.0
1994-12-12;844.0
1994-12-12;840.0
1994-12-12;842.0
1994-12-13;864.0
1994-12-13;896.0
1994-12-13;864.0
1994-12-13;831.0
1994-12-14;818.0
1994-12-14;823.0
1994-12-14;818.0
1994-12-14;812.0
1994-12-15;779.0
1994-12-15;801.0
1994-12-15;790.0
1994-12-15;790.0
1994-12-16;775.0
1994-12-16;772.0
1994-12-16;775.0
1994-12-16;777.0
1994-12-17;768.0
1994-12-17;769.0
1994-12-17;769.0
1994-12-17;769.0
1994-12-18;770.0
1994-12-18;772.0
1994-12-18;771.0
1994-12-18;771.0
1994-12-19;770.0
1994-12-19;769.0
1994-12-19;770.0
1994-12-19;771.0
1994-12-20;762.0
1994-12-20;767.0
1994-12-20;765.0
1994-12-20;765.0
1994-12-21;756.0
1994-12-21;758.0
1994-12-21;754.0
1994-12-21;756.0
1994-12-22;748.0
1994-12-22;748.0
1994-12-22;746.0
1994-12-22;750.0
1994-12-23;737.0
1994-12-23;731.0
1994-12-23;725.0
1994-12-23;731.0
1994-12-24;702.0
1994-12-24;702.0
1994-12-24;697.0
1994-12-24;707.0
1994-12-25;674.0
1994-12-25;681.0
1994-12-25;681.0
1994-12-25;687.0
1994-12-26;661.0
1994-12-26;653.0
1994-12-26;657.0
1994-12-26;657.0
1994-12-27;641.0
1994-12-27;638.0
1994-12-27;643.0
1994-12-27;641.0
1994-12-28;627.0
1994-12-28;627.0
1994-12-28;624.0
1994-12-28;630.0
1994-12-29;615.0
1994-12-29;608.0
1994-12-29;612.0
1994-12-29;612.0
1994-12-30;597.0
1994-12-30;593.0
1994-12-30;601.0
1994-12-30;597.0
1994-12-31;581.0
1994-12-31;581.0
1994-12-31;582.0
1994-12-31;580.0
1995-01-01;578.0
1995-01-01;578.0
1995-01-01;576.0
1995-01-01;580.0
1995-01-02;580.0
1995-01-02;580.0
1995-01-02;580.0
1995-01-02;580.0
1995-01-03;579.0
1995-01-03;580.0
1995-01-03;578.0
1995-01-03;579.0
1995-01-04;568.0
1995-01-04;574.0
1995-01-04;571.0
1995-01-04;571.0
1995-01-05;562.0
1995-01-05;555.0
1995-01-05;559.0
1995-01-05;559.0
1995-01-06;546.0
1995-01-06;543.0
1995-01-06;539.0
1995-01-06;543.0
1995-01-07;530.0
1995-01-07;527.0
1995-01-07;523.0
1995-01-07;527.0
1995-01-08;515.0
1995-01-08;509.0
1995-01-08;512.0
1995-01-08;512.0
1995-01-09;503.0
1995-01-09;498.0
1995-01-09;501.0
1995-01-09;501.0
1995-01-10;491.0
1995-01-10;488.0
1995-01-10;494.0
1995-01-10;491.0
1995-01-11;480.0
1995-01-11;480.0
1995-01-11;477.0
1995-01-11;482.0
1995-01-12;468.0
1995-01-12;471.0
1995-01-12;470.0
1995-01-12;470.0
1995-01-13;462.0
1995-01-13;464.0
1995-01-13;460.0
1995-01-13;462.0
1995-01-14;454.0
1995-01-14;456.0
1995-01-14;452.0
1995-01-14;454.0
1995-01-15;458.0
1995-01-15;456.0
1995-01-15;460.0
1995-01-15;458.0
1995-01-16;478.0
1995-01-16;473.0
1995-01-16;482.0
1995-01-16;478.0
1995-01-17;486.0
1995-01-17;494.0
1995-01-17;490.0
1995-01-17;490.0
1995-01-18;519.0
1995-01-18;508.0
1995-01-18;530.0
1995-01-18;519.0
1995-01-19;560.0
1995-01-19;574.0
1995-01-19;588.0
1995-01-19;574.0
1995-01-20;606.0
1995-01-20;615.0
1995-01-20;611.0
1995-01-20;611.0
1995-01-21;618.0
1995-01-21;621.0
1995-01-21;624.0
1995-01-21;621.0
1995-01-22;622.0
1995-01-22;624.0
1995-01-22;626.0
1995-01-22;624.0
1995-01-23;612.0
1995-01-23;610.0
1995-01-23;614.0
1995-01-23;612.0
1995-01-24;613.0
1995-01-24;615.0
1995-01-24;613.0
1995-01-24;610.0
1995-01-25;626.0
1995-01-25;626.0
1995-01-25;625.0
1995-01-25;626.0
1995-01-26;617.0
1995-01-26;620.0
1995-01-26;613.0
1995-01-26;617.0
1995-01-27;604.0
1995-01-27;604.0
1995-01-27;602.0
1995-01-27;605.0
1995-01-28;608.0
1995-01-28;611.0
1995-01-28;604.0
1995-01-28;608.0
1995-01-29;626.0
1995-01-29;630.0
1995-01-29;626.0
1995-01-29;621.0
1995-01-30;638.0
1995-01-30;640.0
1995-01-30;639.0
1995-01-30;639.0
1995-01-31;635.0
1995-01-31;631.0
1995-01-31;631.0
1995-01-31;626.0
1995-02-01;605.0
1995-02-01;600.0
1995-02-01;610.0
1995-02-01;605.0
1995-02-02;580.0
1995-02-02;576.0
1995-02-02;578.0
1995-02-02;578.0
1995-02-03;559.0
1995-02-03;554.0
1995-02-03;559.0
1995-02-03;563.0
1995-02-04;542.0
1995-02-04;538.0
1995-02-04;546.0
1995-02-04;542.0
1995-02-05;521.0
1995-02-05;525.0
1995-02-05;525.0
1995-02-05;528.0
1995-02-06;517.0
1995-02-06;518.0
1995-02-06;517.0
1995-02-06;516.0
1995-02-07;520.0
1995-02-07;519.0
1995-02-07;519.0
1995-02-07;518.0
1995-02-08;512.0
1995-02-08;515.0
1995-02-08;508.0
1995-02-08;512.0
1995-02-09;493.0
1995-02-09;500.0
1995-02-09;497.0
1995-02-09;497.0
1995-02-10;470.0
1995-02-10;470.0
1995-02-10;464.0
1995-02-10;476.0
1995-02-11;464.0
1995-02-11;460.0
1995-02-11;464.0
1995-02-11;467.0
1995-02-12;452.0
1995-02-12;454.0
1995-02-12;449.0
1995-02-12;452.0
1995-02-13;441.0
1995-02-13;443.0
1995-02-13;439.0
1995-02-13;441.0
1995-02-14;433.0
1995-02-14;433.0
1995-02-14;435.0
1995-02-14;431.0
1995-02-15;428.0
1995-02-15;427.0
1995-02-15;427.0
1995-02-15;426.0
1995-02-16;423.0
1995-02-16;422.0
1995-02-16;421.0
1995-02-16;422.0
1995-02-17;419.0
1995-02-17;418.0
1995-02-17;416.0
1995-02-17;418.0
1995-02-18;413.0
1995-02-18;414.0
1995-02-18;411.0
1995-02-18;413.0
1995-02-19;407.0
1995-02-19;408.0
1995-02-19;407.0
1995-02-19;406.0
1995-02-20;402.0
1995-02-20;402.0
1995-02-20;401.0
1995-02-20;403.0
1995-02-21;399.0
1995-02-21;399.0
1995-02-21;398.0
1995-02-21;399.0
1995-02-22;402.0
1995-02-22;403.0
1995-02-22;400.0
1995-02-22;402.0
1995-02-23;406.0
1995-02-23;406.0
1995-02-23;405.0
1995-02-23;407.0
1995-02-24;407.0
1995-02-24;407.0
1995-02-24;406.0
1995-02-24;407.0
1995-02-25;413.0
1995-02-25;417.0
1995-02-25;417.0
1995-02-25;421.0
1995-02-26;426.0
1995-02-26;428.0
1995-02-26;430.0
1995-02-26;428.0
1995-02-27;426.0
1995-02-27;425.0
1995-02-27;426.0
1995-02-27;426.0
1995-02-28;423.0
1995-02-28;422.0
1995-02-28;423.0
1995-02-28;423.0
1995-03-01;425.0
1995-03-01;428.0
1995-03-01;425.0
1995-03-01;422.0
1995-03-02;469.0
1995-03-02;469.0
1995-03-02;454.0
1995-03-02;484.0
1995-03-03;498.0
1995-03-03;498.0
1995-03-03;497.0
1995-03-03;499.0
1995-03-04;495.0
1995-03-04;498.0
1995-03-04;498.0
1995-03-04;501.0
1995-03-05;510.0
1995-03-05;510.0
1995-03-05;508.0
1995-03-05;512.0
1995-03-06;521.0
1995-03-06;519.0
1995-03-06;522.0
1995-03-06;521.0
1995-03-07;523.0
1995-03-07;523.0
1995-03-07;523.0
1995-03-07;523.0
1995-03-08;520.0
1995-03-08;518.0
1995-03-08;522.0
1995-03-08;520.0
1995-03-09;510.0
1995-03-09;507.0
1995-03-09;513.0
1995-03-09;510.0
1995-03-10;495.0
1995-03-10;491.0
1995-03-10;495.0
1995-03-10;499.0
1995-03-11;473.0
1995-03-11;477.0
1995-03-11;480.0
1995-03-11;477.0
1995-03-12;468.0
1995-03-12;468.0
1995-03-12;468.0
1995-03-12;468.0
1995-03-13;464.0
1995-03-13;466.0
1995-03-13;465.0
1995-03-13;465.0
1995-03-14;463.0
1995-03-14;463.0
1995-03-14;464.0
1995-03-14;462.0
1995-03-15;460.0
1995-03-15;461.0
1995-03-15;458.0
1995-03-15;460.0
1995-03-16;455.0
1995-03-16;453.0
1995-03-16;455.0
1995-03-16;456.0
1995-03-17;449.0
1995-03-17;450.0
1995-03-17;447.0
1995-03-17;449.0
1995-03-18;442.0
1995-03-18;444.0
1995-03-18;443.0
1995-03-18;443.0
1995-03-19;440.0
1995-03-19;439.0
1995-03-19;439.0
1995-03-19;438.0
1995-03-20;432.0
1995-03-20;435.0
1995-03-20;434.0
1995-03-20;434.0
1995-03-21;432.0
1995-03-21;433.0
1995-03-21;433.0
1995-03-21;433.0
1995-03-22;444.0
1995-03-22;435.0
1995-03-22;440.0
1995-03-22;440.0
1995-03-23;478.0
1995-03-23;471.0
1995-03-23;463.0
1995-03-23;471.0
1995-03-24;499.0
1995-03-24;499.0
1995-03-24;496.0
1995-03-24;501.0
1995-03-25;504.0
1995-03-25;504.0
1995-03-25;503.0
1995-03-25;504.0
1995-03-26;502.0
1995-03-26;502.0
1995-03-26;502.0
1995-03-26;502.0
1995-03-27;510.0
1995-03-27;511.0
1995-03-27;510.0
1995-03-27;508.0
1995-03-28;512.0
1995-03-28;512.0
1995-03-28;512.0
1995-03-28;512.0
1995-03-29;511.0
1995-03-29;510.0
1995-03-29;511.0
1995-03-29;511.0
1995-03-30;513.0
1995-03-30;514.0
1995-03-30;514.0
1995-03-30;514.0
1995-03-31;513.0
1995-03-31;514.0
1995-03-31;514.0
1995-03-31;514.0
1995-04-01;512.0
1995-04-01;512.0
1995-04-01;512.0
1995-04-01;512.0
1995-04-02;512.0
1995-04-02;513.0
1995-04-02;513.0
1995-04-02;514.0
1995-04-03;530.0
1995-04-03;534.0
1995-04-03;537.0
1995-04-03;534.0
1995-04-04;542.0
1995-04-04;542.0
1995-04-04;542.0
1995-04-04;541.0
1995-04-05;543.0
1995-04-05;544.0
1995-04-05;542.0
1995-04-05;543.0
1995-04-06;534.0
1995-04-06;537.0
1995-04-06;531.0
1995-04-06;534.0
1995-04-07;520.0
1995-04-07;523.0
1995-04-07;516.0
1995-04-07;520.0
1995-04-08;509.0
1995-04-08;509.0
1995-04-08;506.0
1995-04-08;511.0
1995-04-09;500.0
1995-04-09;502.0
1995-04-09;500.0
1995-04-09;498.0
1995-04-10;493.0
1995-04-10;491.0
1995-04-10;495.0
1995-04-10;493.0
1995-04-11;488.0
1995-04-11;487.0
1995-04-11;488.0
1995-04-11;488.0
1995-04-12;494.0
1995-04-12;491.0
1995-04-12;494.0
1995-04-12;496.0
1995-04-13;504.0
1995-04-13;504.0
1995-04-13;508.0
1995-04-13;500.0
1995-04-14;534.0
1995-04-14;543.0
1995-04-14;551.0
1995-04-14;543.0
1995-04-15;562.0
1995-04-15;562.0
1995-04-15;562.0
1995-04-15;562.0
1995-04-16;553.0
1995-04-16;556.0
1995-04-16;555.0
1995-04-16;555.0
1995-04-17;548.0
1995-04-17;547.0
1995-04-17;548.0
1995-04-17;548.0
1995-04-18;549.0
1995-04-18;549.0
1995-04-18;549.0
1995-04-18;548.0
1995-04-19;559.0
1995-04-19;561.0
1995-04-19;556.0
1995-04-19;559.0
1995-04-20;589.0
1995-04-20;613.0
1995-04-20;601.0
1995-04-20;601.0
1995-04-21;634.0
1995-04-21;664.0
1995-04-21;649.0
1995-04-21;649.0
1995-04-22;680.0
1995-04-22;680.0
1995-04-22;674.0
1995-04-22;686.0
1995-04-23;700.0
1995-04-23;707.0
1995-04-23;707.0
1995-04-23;713.0
1995-04-24;753.0
1995-04-24;746.0
1995-04-24;739.0
1995-04-24;746.0
1995-04-25;768.0
1995-04-25;766.0
1995-04-25;766.0
1995-04-25;763.0
1995-04-26;771.0
1995-04-26;772.0
1995-04-26;770.0
1995-04-26;771.0
1995-04-27;778.0
1995-04-27;776.0
1995-04-27;778.0
1995-04-27;779.0
1995-04-28;785.0
1995-04-28;783.0
1995-04-28;785.0
1995-04-28;786.0
1995-04-29;795.0
1995-04-29;796.0
1995-04-29;794.0
1995-04-29;795.0
1995-04-30;798.0
1995-04-30;799.0
1995-04-30;798.0
1995-04-30;796.0
1995-05-01;808.0
1995-05-01;812.0
1995-05-01;804.0
1995-05-01;808.0
1995-05-02;833.0
1995-05-02;829.0
1995-05-02;824.0
1995-05-02;829.0
1995-05-03;849.0
1995-05-03;845.0
1995-05-03;849.0
1995-05-03;852.0
1995-05-04;862.0
1995-05-04;864.0
1995-05-04;863.0
1995-05-04;863.0
1995-05-05;866.0
1995-05-05;862.0
1995-05-05;864.0
1995-05-05;864.0
1995-05-06;847.0
1995-05-06;847.0
1995-05-06;852.0
1995-05-06;842.0
1995-05-07;827.0
1995-05-07;821.0
1995-05-07;821.0
1995-05-07;814.0
1995-05-08;791.0
1995-05-08;798.0
1995-05-08;791.0
1995-05-08;784.0
1995-05-09;787.0
1995-05-09;788.0
1995-05-09;786.0
1995-05-09;787.0
1995-05-10;785.0
1995-05-10;783.0
1995-05-10;780.0
1995-05-10;783.0
1995-05-11;764.0
1995-05-11;768.0
1995-05-11;768.0
1995-05-11;771.0
1995-05-12;763.0
1995-05-12;763.0
1995-05-12;763.0
1995-05-12;762.0
1995-05-13;764.0
1995-05-13;768.0
1995-05-13;766.0
1995-05-13;766.0
1995-05-14;771.0
1995-05-14;770.0
1995-05-14;772.0
1995-05-14;771.0
1995-05-15;773.0
1995-05-15;773.0
1995-05-15;773.0
1995-05-15;772.0
1995-05-16;777.0
1995-05-16;778.0
1995-05-16;776.0
1995-05-16;777.0
1995-05-17;798.0
1995-05-17;786.0
1995-05-17;792.0
1995-05-17;792.0
1995-05-18;826.0
1995-05-18;832.0
1995-05-18;838.0
1995-05-18;832.0
1995-05-19;866.0
1995-05-19;859.0
1995-05-19;859.0
1995-05-19;851.0
1995-05-20;889.0
1995-05-20;894.0
1995-05-20;889.0
1995-05-20;883.0
1995-05-21;900.0
1995-05-21;900.0
1995-05-21;900.0
1995-05-21;900.0
1995-05-22;900.0
1995-05-22;900.0
1995-05-22;901.0
1995-05-22;899.0
1995-05-23;904.0
1995-05-23;897.0
1995-05-23;901.0
1995-05-23;901.0
1995-05-24;918.0
1995-05-24;913.0
1995-05-24;918.0
1995-05-24;923.0
1995-05-25;923.0
1995-05-25;924.0
1995-05-25;922.0
1995-05-25;923.0
1995-05-26;921.0
1995-05-26;919.0
1995-05-26;922.0
1995-05-26;921.0
1995-05-27;914.0
1995-05-27;914.0
1995-05-27;914.0
1995-05-27;914.0
1995-05-28;916.0
1995-05-28;916.0
1995-05-28;916.0
1995-05-28;916.0
1995-05-29;920.0
1995-05-29;922.0
1995-05-29;924.0
1995-05-29;922.0
1995-05-30;924.0
1995-05-30;925.0
1995-05-30;925.0
1995-05-30;925.0
1995-05-31;924.0
1995-05-31;924.0
1995-05-31;924.0
1995-05-31;924.0
1995-06-01;924.0
1995-06-01;924.0
1995-06-01;924.0
1995-06-01;924.0
1995-06-02;936.0
1995-06-02;924.0
1995-06-02;930.0
1995-06-02;930.0
1995-06-03;958.0
1995-06-03;958.0
1995-06-03;961.0
1995-06-03;954.0
1995-06-04;973.0
1995-06-04;970.0
1995-06-04;973.0
1995-06-04;976.0
1995-06-05;980.0
1995-06-05;979.0
1995-06-05;980.0
1995-06-05;980.0
1995-06-06;977.0
1995-06-06;978.0
1995-06-06;975.0
1995-06-06;977.0
1995-06-07;973.0
1995-06-07;973.0
1995-06-07;973.0
1995-06-07;972.0
1995-06-08;974.0
1995-06-08;973.0
1995-06-08;974.0
1995-06-08;974.0
1995-06-09;978.0
1995-06-09;980.0
1995-06-09;982.0
1995-06-09;980.0
1995-06-10;997.0
1995-06-10;990.0
1995-06-10;994.0
1995-06-10;994.0
1995-06-11;1011.0
1995-06-11;1008.0
1995-06-11;1013.0
1995-06-11;1011.0
1995-06-12;1021.0
1995-06-12;1025.0
1995-06-12;1023.0
1995-06-12;1023.0
1995-06-13;1036.0
1995-06-13;1038.0
1995-06-13;1036.0
1995-06-13;1033.0
1995-06-14;1042.0
1995-06-14;1043.0
1995-06-14;1043.0
1995-06-14;1043.0
1995-06-15;1046.0
1995-06-15;1047.0
1995-06-15;1045.0
1995-06-15;1046.0
1995-06-16;1046.0
1995-06-16;1048.0
1995-06-16;1048.0
1995-06-16;1049.0
1995-06-17;1037.0
1995-06-17;1040.0
1995-06-17;1034.0
1995-06-17;1037.0
1995-06-18;1026.0
1995-06-18;1028.0
1995-06-18;1029.0
1995-06-18;1028.0
1995-06-19;1022.0
1995-06-19;1023.0
1995-06-19;1023.0
1995-06-19;1023.0
1995-06-20;1033.0
1995-06-20;1026.0
1995-06-20;1040.0
1995-06-20;1033.0
1995-06-21;1060.0
1995-06-21;1058.0
1995-06-21;1055.0
1995-06-21;1058.0
1995-06-22;1067.0
1995-06-22;1067.0
1995-06-22;1068.0
1995-06-22;1066.0
1995-06-23;1067.0
1995-06-23;1063.0
1995-06-23;1065.0
1995-06-23;1065.0
1995-06-24;1050.0
1995-06-24;1045.0
1995-06-24;1050.0
1995-06-24;1054.0
1995-06-25;1022.0
1995-06-25;1027.0
1995-06-25;1032.0
1995-06-25;1027.0
1995-06-26;1009.0
1995-06-26;1009.0
1995-06-26;1007.0
1995-06-26;1010.0
1995-06-27;1023.0
1995-06-27;1015.0
1995-06-27;1007.0
1995-06-27;1015.0
1995-06-28;1035.0
1995-06-28;1036.0
1995-06-28;1034.0
1995-06-28;1035.0
1995-06-29;1054.0
1995-06-29;1049.0
1995-06-29;1054.0
1995-06-29;1058.0
1995-06-30;1070.0
1995-06-30;1073.0
1995-06-30;1073.0
1995-06-30;1076.0
1995-07-01;1098.0
1995-07-01;1094.0
1995-07-01;1090.0
1995-07-01;1094.0
1995-07-02;1105.0
1995-07-02;1106.0
1995-07-02;1104.0
1995-07-02;1105.0
1995-07-03;1110.0
1995-07-03;1109.0
1995-07-03;1110.0
1995-07-03;1110.0
1995-07-04;1106.0
1995-07-04;1106.0
1995-07-04;1106.0
1995-07-04;1106.0
1995-07-05;1093.0
1995-07-05;1097.0
1995-07-05;1101.0
1995-07-05;1097.0
1995-07-06;1078.0
1995-07-06;1082.0
1995-07-06;1074.0
1995-07-06;1078.0
1995-07-07;1057.0
1995-07-07;1057.0
1995-07-07;1061.0
1995-07-07;1052.0
1995-07-08;1032.0
1995-07-08;1038.0
1995-07-08;1035.0
1995-07-08;1035.0
1995-07-09;1022.0
1995-07-09;1024.0
1995-07-09;1020.0
1995-07-09;1022.0
1995-07-10;1013.0
1995-07-10;1011.0
1995-07-10;1014.0
1995-07-10;1013.0
1995-07-11;1011.0
1995-07-11;1012.0
1995-07-11;1011.0
1995-07-11;1010.0
1995-07-12;997.0
1995-07-12;1002.0
1995-07-12;997.0
1995-07-12;992.0
1995-07-13;978.0
1995-07-13;981.0
1995-07-13;981.0
1995-07-13;983.0
1995-07-14;977.0
1995-07-14;977.0
1995-07-14;976.0
1995-07-14;977.0
1995-07-15;979.0
1995-07-15;978.0
1995-07-15;977.0
1995-07-15;978.0
1995-07-16;977.0
1995-07-16;976.0
1995-07-16;978.0
1995-07-16;977.0
1995-07-17;968.0
1995-07-17;972.0
1995-07-17;964.0
1995-07-17;968.0
1995-07-18;952.0
1995-07-18;952.0
1995-07-18;951.0
1995-07-18;952.0
1995-07-19;936.0
1995-07-19;940.0
1995-07-19;943.0
1995-07-19;940.0
1995-07-20;908.0
1995-07-20;914.0
1995-07-20;914.0
1995-07-20;920.0
1995-07-21;899.0
1995-07-21;899.0
1995-07-21;896.0
1995-07-21;901.0
1995-07-22;940.0
1995-07-22;917.0
1995-07-22;962.0
1995-07-22;940.0
1995-07-23;986.0
1995-07-23;998.0
1995-07-23;974.0
1995-07-23;986.0
1995-07-24;1026.0
1995-07-24;1021.0
1995-07-24;1026.0
1995-07-24;1030.0
1995-07-25;1033.0
1995-07-25;1032.0
1995-07-25;1034.0
1995-07-25;1033.0
1995-07-26;1032.0
1995-07-26;1031.0
1995-07-26;1033.0
1995-07-26;1032.0
1995-07-27;1026.0
1995-07-27;1023.0
1995-07-27;1023.0
1995-07-27;1020.0
1995-07-28;1011.0
1995-07-28;1002.0
1995-07-28;1007.0
1995-07-28;1007.0
1995-07-29;990.0
1995-07-29;984.0
1995-07-29;984.0
1995-07-29;977.0
1995-07-30;959.0
1995-07-30;953.0
1995-07-30;959.0
1995-07-30;965.0
1995-07-31;942.0
1995-07-31;930.0
1995-07-31;936.0
1995-07-31;936.0
1995-08-01;911.0
1995-08-01;916.0
1995-08-01;916.0
1995-08-01;920.0
1995-08-02;899.0
1995-08-02;893.0
1995-08-02;893.0
1995-08-02;887.0
1995-08-03;867.0
1995-08-03;872.0
1995-08-03;861.0
1995-08-03;867.0
1995-08-04;840.0
1995-08-04;846.0
1995-08-04;834.0
1995-08-04;840.0
1995-08-05;817.0
1995-08-05;812.0
1995-08-05;822.0
1995-08-05;817.0
1995-08-06;800.0
1995-08-06;797.0
1995-08-06;803.0
1995-08-06;800.0
1995-08-07;791.0
1995-08-07;790.0
1995-08-07;791.0
1995-08-07;791.0
1995-08-08;804.0
1995-08-08;804.0
1995-08-08;814.0
1995-08-08;794.0
1995-08-09;817.0
1995-08-09;818.0
1995-08-09;816.0
1995-08-09;817.0
1995-08-10;820.0
1995-08-10;820.0
1995-08-10;820.0
1995-08-10;819.0
1995-08-11;811.0
1995-08-11;817.0
1995-08-11;814.0
1995-08-11;814.0
1995-08-12;799.0
1995-08-12;796.0
1995-08-12;802.0
1995-08-12;799.0
1995-08-13;797.0
1995-08-13;796.0
1995-08-13;797.0
1995-08-13;797.0
1995-08-14;798.0
1995-08-14;798.0
1995-08-14;798.0
1995-08-14;798.0
1995-08-15;796.0
1995-08-15;797.0
1995-08-15;797.0
1995-08-15;797.0
1995-08-16;792.0
1995-08-16;791.0
1995-08-16;792.0
1995-08-16;792.0
1995-08-17;795.0
1995-08-17;794.0
1995-08-17;794.0
1995-08-17;793.0
1995-08-18;781.0
1995-08-18;789.0
1995-08-18;785.0
1995-08-18;785.0
1995-08-19;764.0
1995-08-19;760.0
1995-08-19;768.0
1995-08-19;764.0
1995-08-20;750.0
1995-08-20;749.0
1995-08-20;748.0
1995-08-20;749.0
1995-08-21;755.0
1995-08-21;754.0
1995-08-21;752.0
1995-08-21;754.0
1995-08-22;770.0
1995-08-22;762.0
1995-08-22;766.0
1995-08-22;766.0
1995-08-23;776.0
1995-08-23;777.0
1995-08-23;778.0
1995-08-23;777.0
1995-08-24;772.0
1995-08-24;769.0
1995-08-24;775.0
1995-08-24;772.0
1995-08-25;752.0
1995-08-25;756.0
1995-08-25;760.0
1995-08-25;756.0
1995-08-26;737.0
1995-08-26;732.0
1995-08-26;741.0
1995-08-26;737.0
1995-08-27;718.0
1995-08-27;714.0
1995-08-27;721.0
1995-08-27;718.0
1995-08-28;707.0
1995-08-28;702.0
1995-08-28;705.0
1995-08-28;705.0
1995-08-29;696.0
1995-08-29;696.0
1995-08-29;693.0
1995-08-29;698.0
1995-08-30;688.0
1995-08-30;690.0
1995-08-30;686.0
1995-08-30;688.0
1995-08-31;681.0
1995-08-31;677.0
1995-08-31;672.0
1995-08-31;677.0
1995-09-01;675.0
1995-09-01;676.0
1995-09-01;674.0
1995-09-01;675.0
1995-09-02;675.0
1995-09-02;675.0
1995-09-02;674.0
1995-09-02;675.0
1995-09-03;682.0
1995-09-03;680.0
1995-09-03;682.0
1995-09-03;684.0
1995-09-04;713.0
1995-09-04;713.0
1995-09-04;702.0
1995-09-04;724.0
1995-09-05;752.0
1995-09-05;770.0
1995-09-05;761.0
1995-09-05;761.0
1995-09-06;803.0
1995-09-06;803.0
1995-09-06;811.0
1995-09-06;794.0
1995-09-07;824.0
1995-09-07;827.0
1995-09-07;821.0
1995-09-07;824.0
1995-09-08;836.0
1995-09-08;831.0
1995-09-08;836.0
1995-09-08;840.0
1995-09-09;842.0
1995-09-09;842.0
1995-09-09;842.0
1995-09-09;842.0
1995-09-10;838.0
1995-09-10;836.0
1995-09-10;838.0
1995-09-10;840.0
1995-09-11;827.0
1995-09-11;830.0
1995-09-11;824.0
1995-09-11;827.0
1995-09-12;824.0
1995-09-12;822.0
1995-09-12;823.0
1995-09-12;823.0
1995-09-13;831.0
1995-09-13;831.0
1995-09-13;836.0
1995-09-13;826.0
1995-09-14;846.0
1995-09-14;844.0
1995-09-14;847.0
1995-09-14;846.0
1995-09-15;856.0
1995-09-15;855.0
1995-09-15;857.0
1995-09-15;856.0
1995-09-16;860.0
1995-09-16;860.0
1995-09-16;860.0
1995-09-16;860.0
1995-09-17;859.0
1995-09-17;859.0
1995-09-17;859.0
1995-09-17;858.0
1995-09-18;832.0
1995-09-18;851.0
1995-09-18;842.0
1995-09-18;842.0
1995-09-19;819.0
1995-09-19;812.0
1995-09-19;826.0
1995-09-19;819.0
1995-09-20;789.0
1995-09-20;789.0
1995-09-20;782.0
1995-09-20;795.0
1995-09-21;767.0
1995-09-21;761.0
1995-09-21;761.0
1995-09-21;755.0
1995-09-22;741.0
1995-09-22;746.0
1995-09-22;736.0
1995-09-22;741.0
1995-09-23;723.0
1995-09-23;726.0
1995-09-23;720.0
1995-09-23;723.0
1995-09-24;706.0
1995-09-24;702.0
1995-09-24;709.0
1995-09-24;706.0
1995-09-25;691.0
1995-09-25;695.0
1995-09-25;691.0
1995-09-25;686.0
1995-09-26;679.0
1995-09-26;682.0
1995-09-26;684.0
1995-09-26;682.0
1995-09-27;675.0
1995-09-27;674.0
1995-09-27;676.0
1995-09-27;675.0
1995-09-28;675.0
1995-09-28;674.0
1995-09-28;675.0
1995-09-28;676.0
1995-09-29;664.0
1995-09-29;667.0
1995-09-29;667.0
1995-09-29;669.0
1995-09-30;658.0
1995-09-30;657.0
1995-09-30;658.0
1995-09-30;658.0
1995-10-01;665.0
1995-10-01;664.0
1995-10-01;665.0
1995-10-01;665.0
1995-10-02;666.0
1995-10-02;667.0
1995-10-02;667.0
1995-10-02;667.0
1995-10-03;677.0
1995-10-03;686.0
1995-10-03;668.0
1995-10-03;677.0
1995-10-04;698.0
1995-10-04;697.0
1995-10-04;698.0
1995-10-04;698.0
1995-10-05;689.0
1995-10-05;694.0
1995-10-05;692.0
1995-10-05;692.0
1995-10-06;682.0
1995-10-06;682.0
1995-10-06;684.0
1995-10-06;679.0
1995-10-07;672.0
1995-10-07;669.0
1995-10-07;666.0
1995-10-07;669.0
1995-10-08;658.0
1995-10-08;656.0
1995-10-08;658.0
1995-10-08;660.0
1995-10-09;651.0
1995-10-09;650.0
1995-10-09;651.0
1995-10-09;652.0
1995-10-10;652.0
1995-10-10;649.0
1995-10-10;651.0
1995-10-10;651.0
1995-10-11;649.0
1995-10-11;648.0
1995-10-11;650.0
1995-10-11;649.0
1995-10-12;646.0
1995-10-12;645.0
1995-10-12;647.0
1995-10-12;646.0
1995-10-13;642.0
1995-10-13;638.0
1995-10-13;640.0
1995-10-13;640.0
1995-10-14;636.0
1995-10-14;637.0
1995-10-14;634.0
1995-10-14;636.0
1995-10-15;638.0
1995-10-15;642.0
1995-10-15;645.0
1995-10-15;642.0
1995-10-16;675.0
1995-10-16;675.0
1995-10-16;679.0
1995-10-16;670.0
1995-10-17;681.0
1995-10-17;673.0
1995-10-17;677.0
1995-10-17;677.0
1995-10-18;671.0
1995-10-18;674.0
1995-10-18;671.0
1995-10-18;668.0
1995-10-19;650.0
1995-10-19;654.0
1995-10-19;654.0
1995-10-19;658.0
1995-10-20;633.0
1995-10-20;641.0
1995-10-20;637.0
1995-10-20;637.0
1995-10-21;619.0
1995-10-21;625.0
1995-10-21;622.0
1995-10-21;622.0
1995-10-22;612.0
1995-10-22;611.0
1995-10-22;611.0
1995-10-22;610.0
1995-10-23;632.0
1995-10-23;621.0
1995-10-23;643.0
1995-10-23;632.0
1995-10-24;662.0
1995-10-24;663.0
1995-10-24;660.0
1995-10-24;662.0
1995-10-25;673.0
1995-10-25;671.0
1995-10-25;672.0
1995-10-25;672.0
1995-10-26;659.0
1995-10-26;663.0
1995-10-26;654.0
1995-10-26;659.0
1995-10-27;644.0
1995-10-27;645.0
1995-10-27;643.0
1995-10-27;644.0
1995-10-28;640.0
1995-10-28;640.0
1995-10-28;638.0
1995-10-28;641.0
1995-10-29;636.0
1995-10-29;636.0
1995-10-29;636.0
1995-10-29;635.0
1995-10-30;631.0
1995-10-30;634.0
1995-10-30;633.0
1995-10-30;633.0
1995-10-31;627.0
1995-10-31;628.0
1995-10-31;628.0
1995-10-31;629.0
1995-11-01;633.0
1995-11-01;637.0
1995-11-01;641.0
1995-11-01;637.0
1995-11-02;665.0
1995-11-02;673.0
1995-11-02;656.0
1995-11-02;665.0
1995-11-03;704.0
1995-11-03;693.0
1995-11-03;699.0
1995-11-03;699.0
1995-11-04;709.0
1995-11-04;711.0
1995-11-04;710.0
1995-11-04;710.0
1995-11-05;709.0
1995-11-05;708.0
1995-11-05;706.0
1995-11-05;708.0
1995-11-06;696.0
1995-11-06;698.0
1995-11-06;694.0
1995-11-06;696.0
1995-11-07;683.0
1995-11-07;683.0
1995-11-07;680.0
1995-11-07;685.0
1995-11-08;670.0
1995-11-08;667.0
1995-11-08;673.0
1995-11-08;670.0
1995-11-09;659.0
1995-11-09;656.0
1995-11-09;659.0
1995-11-09;661.0
1995-11-10;661.0
1995-11-10;657.0
1995-11-10;652.0
1995-11-10;657.0
1995-11-11;662.0
1995-11-11;661.0
1995-11-11;663.0
1995-11-11;662.0
1995-11-12;660.0
1995-11-12;660.0
1995-11-12;658.0
1995-11-12;661.0
1995-11-13;658.0
1995-11-13;659.0
1995-11-13;659.0
1995-11-13;660.0
1995-11-14;665.0
1995-11-14;663.0
1995-11-14;660.0
1995-11-14;663.0
1995-11-15;681.0
1995-11-15;686.0
1995-11-15;675.0
1995-11-15;681.0
1995-11-16;702.0
1995-11-16;707.0
1995-11-16;702.0
1995-11-16;696.0
1995-11-17;724.0
1995-11-17;727.0
1995-11-17;724.0
1995-11-17;721.0
1995-11-18;729.0
1995-11-18;729.0
1995-11-18;730.0
1995-11-18;728.0
1995-11-19;726.0
1995-11-19;726.0
1995-11-19;729.0
1995-11-19;723.0
1995-11-20;730.0
1995-11-20;732.0
1995-11-20;732.0
1995-11-20;733.0
1995-11-21;770.0
1995-11-21;762.0
1995-11-21;770.0
1995-11-21;778.0
1995-11-22;801.0
1995-11-22;806.0
1995-11-22;795.0
1995-11-22;801.0
1995-11-23;805.0
1995-11-23;802.0
1995-11-23;807.0
1995-11-23;805.0
1995-11-24;786.0
1995-11-24;786.0
1995-11-24;780.0
1995-11-24;791.0
1995-11-25;761.0
1995-11-25;756.0
1995-11-25;761.0
1995-11-25;765.0
1995-11-26;740.0
1995-11-26;743.0
1995-11-26;736.0
1995-11-26;740.0
1995-11-27;731.0
1995-11-27;731.0
1995-11-27;731.0
1995-11-27;730.0
1995-11-28;728.0
1995-11-28;720.0
1995-11-28;724.0
1995-11-28;724.0
1995-11-29;704.0
1995-11-29;709.0
1995-11-29;698.0
1995-11-29;704.0
1995-11-30;698.0
1995-11-30;696.0
1995-11-30;697.0
1995-11-30;697.0
1995-12-01;704.0
1995-12-01;706.0
1995-12-01;706.0
1995-12-01;708.0
1995-12-02;704.0
1995-12-02;707.0
1995-12-02;707.0
1995-12-02;709.0
1995-12-03;694.0
1995-12-03;692.0
1995-12-03;692.0
1995-12-03;689.0
1995-12-04;688.0
1995-12-04;686.0
1995-12-04;690.0
1995-12-04;688.0
1995-12-05;673.0
1995-12-05;668.0
1995-12-05;677.0
1995-12-05;673.0
1995-12-06;654.0
1995-12-06;659.0
1995-12-06;654.0
1995-12-06;648.0
1995-12-07;632.0
1995-12-07;628.0
1995-12-07;632.0
1995-12-07;635.0
1995-12-08;616.0
1995-12-08;613.0
1995-12-08;613.0
1995-12-08;610.0
1995-12-09;602.0
1995-12-09;600.0
1995-12-09;597.0
1995-12-09;600.0
1995-12-10;581.0
1995-12-10;584.0
1995-12-10;586.0
1995-12-10;584.0
1995-12-11;580.0
1995-12-11;581.0
1995-12-11;579.0
1995-12-11;580.0
1995-12-12;577.0
1995-12-12;577.0
1995-12-12;574.0
1995-12-12;580.0
1995-12-13;568.0
1995-12-13;567.0
1995-12-13;566.0
1995-12-13;567.0
1995-12-14;566.0
1995-12-14;566.0
1995-12-14;566.0
1995-12-14;566.0
1995-12-15;570.0
1995-12-15;572.0
1995-12-15;567.0
1995-12-15;570.0
1995-12-16;580.0
1995-12-16;582.0
1995-12-16;584.0
1995-12-16;582.0
1995-12-17;590.0
1995-12-17;590.0
1995-12-17;591.0
1995-12-17;589.0
1995-12-18;594.0
1995-12-18;593.0
1995-12-18;595.0
1995-12-18;594.0
1995-12-19;622.0
1995-12-19;609.0
1995-12-19;622.0
1995-12-19;635.0
1995-12-20;681.0
1995-12-20;681.0
1995-12-20;668.0
1995-12-20;694.0
1995-12-21;717.0
1995-12-21;720.0
1995-12-21;714.0
1995-12-21;717.0
1995-12-22;723.0
1995-12-22;724.0
1995-12-22;723.0
1995-12-22;722.0
1995-12-23;728.0
1995-12-23;726.0
1995-12-23;727.0
1995-12-23;727.0
1995-12-24;737.0
1995-12-24;734.0
1995-12-24;739.0
1995-12-24;737.0
1995-12-25;746.0
1995-12-25;745.0
1995-12-25;744.0
1995-12-25;745.0
1995-12-26;746.0
1995-12-26;746.0
1995-12-26;746.0
1995-12-26;746.0
1995-12-27;737.0
1995-12-27;740.0
1995-12-27;734.0
1995-12-27;737.0
1995-12-28;722.0
1995-12-28;717.0
1995-12-28;717.0
1995-12-28;712.0
1995-12-29;698.0
1995-12-29;690.0
1995-12-29;694.0
1995-12-29;694.0
1995-12-30;675.0
1995-12-30;678.0
1995-12-30;672.0
1995-12-30;675.0
1995-12-31;661.0
1995-12-31;657.0
1995-12-31;664.0
1995-12-31;661.0
1996-01-01;647.0
1996-01-01;653.0
1996-01-01;640.0
1996-01-01;647.0
1996-01-02;639.0
1996-01-02;642.0
1996-01-02;642.0
1996-01-02;645.0
1996-01-03;632.0
1996-01-03;632.0
1996-01-03;630.0
1996-01-03;633.0
1996-01-04;627.0
1996-01-04;626.0
1996-01-04;627.0
1996-01-04;627.0
1996-01-05;623.0
1996-01-05;623.0
1996-01-05;623.0
1996-01-05;622.0
1996-01-06;617.0
1996-01-06;615.0
1996-01-06;618.0
1996-01-06;617.0
1996-01-07;608.0
1996-01-07;606.0
1996-01-07;608.0
1996-01-07;610.0
1996-01-08;599.0
1996-01-08;598.0
1996-01-08;600.0
1996-01-08;599.0
1996-01-09;594.0
1996-01-09;590.0
1996-01-09;592.0
1996-01-09;592.0
1996-01-10;592.0
1996-01-10;598.0
1996-01-10;586.0
1996-01-10;592.0
1996-01-11;618.0
1996-01-11;618.0
1996-01-11;606.0
1996-01-11;630.0
1996-01-12;648.0
1996-01-12;648.0
1996-01-12;647.0
1996-01-12;648.0
1996-01-13;637.0
1996-01-13;644.0
1996-01-13;641.0
1996-01-13;641.0
1996-01-14;631.0
1996-01-14;631.0
1996-01-14;631.0
1996-01-14;631.0
1996-01-15;629.0
1996-01-15;627.0
1996-01-15;629.0
1996-01-15;630.0
1996-01-16;617.0
1996-01-16;617.0
1996-01-16;620.0
1996-01-16;613.0
1996-01-17;600.0
1996-01-17;600.0
1996-01-17;604.0
1996-01-17;595.0
1996-01-18;574.0
1996-01-18;584.0
1996-01-18;579.0
1996-01-18;579.0
1996-01-19;559.0
1996-01-19;564.0
1996-01-19;554.0
1996-01-19;559.0
1996-01-20;541.0
1996-01-20;535.0
1996-01-20;538.0
1996-01-20;538.0
1996-01-21;525.0
1996-01-21;525.0
1996-01-21;522.0
1996-01-21;527.0
1996-01-22;516.0
1996-01-22;516.0
1996-01-22;516.0
1996-01-22;515.0
1996-01-23;508.0
1996-01-23;510.0
1996-01-23;510.0
1996-01-23;512.0
1996-01-24;502.0
1996-01-24;500.0
1996-01-24;502.0
1996-01-24;504.0
1996-01-25;493.0
1996-01-25;490.0
1996-01-25;495.0
1996-01-25;493.0
1996-01-26;489.0
1996-01-26;490.0
1996-01-26;487.0
1996-01-26;489.0
1996-01-27;480.0
1996-01-27;478.0
1996-01-27;482.0
1996-01-27;480.0
1996-01-28;469.0
1996-01-28;472.0
1996-01-28;474.0
1996-01-28;472.0
1996-01-29;467.0
1996-01-29;465.0
1996-01-29;469.0
1996-01-29;467.0
1996-01-30;472.0
1996-01-30;473.0
1996-01-30;474.0
1996-01-30;473.0
1996-01-31;490.0
1996-01-31;492.0
1996-01-31;488.0
1996-01-31;490.0
1996-02-01;501.0
1996-02-01;504.0
1996-02-01;498.0
1996-02-01;501.0
1996-02-02;506.0
1996-02-02;506.0
1996-02-02;505.0
1996-02-02;506.0
1996-02-03;518.0
1996-02-03;518.0
1996-02-03;512.0
1996-02-03;523.0
1996-02-04;544.0
1996-02-04;538.0
1996-02-04;544.0
1996-02-04;550.0
1996-02-05;560.0
1996-02-05;565.0
1996-02-05;570.0
1996-02-05;565.0
1996-02-06;580.0
1996-02-06;582.0
1996-02-06;580.0
1996-02-06;578.0
1996-02-07;592.0
1996-02-07;592.0
1996-02-07;594.0
1996-02-07;589.0
1996-02-08;609.0
1996-02-08;602.0
1996-02-08;606.0
1996-02-08;606.0
1996-02-09;622.0
1996-02-09;626.0
1996-02-09;618.0
1996-02-09;622.0
1996-02-10;625.0
1996-02-10;627.0
1996-02-10;625.0
1996-02-10;622.0
1996-02-11;610.0
1996-02-11;606.0
1996-02-11;610.0
1996-02-11;614.0
1996-02-12;605.0
1996-02-12;612.0
1996-02-12;598.0
1996-02-12;605.0
1996-02-13;663.0
1996-02-13;674.0
1996-02-13;663.0
1996-02-13;652.0
1996-02-14;712.0
1996-02-14;720.0
1996-02-14;704.0
1996-02-14;712.0
1996-02-15;735.0
1996-02-15;734.0
1996-02-15;736.0
1996-02-15;735.0
1996-02-16;739.0
1996-02-16;738.0
1996-02-16;739.0
1996-02-16;739.0
1996-02-17;735.0
1996-02-17;736.0
1996-02-17;733.0
1996-02-17;735.0
1996-02-18;730.0
1996-02-18;730.0
1996-02-18;730.0
1996-02-18;730.0
1996-02-19;756.0
1996-02-19;756.0
1996-02-19;748.0
1996-02-19;763.0
1996-02-20;772.0
1996-02-20;772.0
1996-02-20;772.0
1996-02-20;772.0
1996-02-21;765.0
1996-02-21;768.0
1996-02-21;761.0
1996-02-21;765.0
1996-02-22;751.0
1996-02-22;748.0
1996-02-22;748.0
1996-02-22;744.0
1996-02-23;732.0
1996-02-23;736.0
1996-02-23;728.0
1996-02-23;732.0
1996-02-24;711.0
1996-02-24;711.0
1996-02-24;704.0
1996-02-24;717.0
1996-02-25;697.0
1996-02-25;698.0
1996-02-25;697.0
1996-02-25;695.0
1996-02-26;694.0
1996-02-26;693.0
1996-02-26;694.0
1996-02-26;694.0
1996-02-27;693.0
1996-02-27;693.0
1996-02-27;693.0
1996-02-27;693.0
1996-02-28;699.0
1996-02-28;696.0
1996-02-28;701.0
1996-02-28;699.0
1996-02-29;705.0
1996-02-29;707.0
1996-02-29;709.0
1996-02-29;707.0
1996-03-01;712.0
1996-03-01;713.0
1996-03-01;713.0
1996-03-01;713.0
1996-03-02;708.0
1996-03-02;706.0
1996-03-02;706.0
1996-03-02;704.0
1996-03-03;706.0
1996-03-03;708.0
1996-03-03;706.0
1996-03-03;704.0
1996-03-04;713.0
1996-03-04;713.0
1996-03-04;712.0
1996-03-04;713.0
1996-03-05;707.0
1996-03-05;707.0
1996-03-05;709.0
1996-03-05;705.0
1996-03-06;697.0
1996-03-06;695.0
1996-03-06;698.0
1996-03-06;697.0
1996-03-07;694.0
1996-03-07;696.0
1996-03-07;695.0
1996-03-07;695.0
1996-03-08;701.0
1996-03-08;702.0
1996-03-08;702.0
1996-03-08;702.0
1996-03-09;699.0
1996-03-09;698.0
1996-03-09;699.0
1996-03-09;699.0
1996-03-10;704.0
1996-03-10;704.0
1996-03-10;704.0
1996-03-10;704.0
1996-03-11;696.0
1996-03-11;698.0
1996-03-11;693.0
1996-03-11;696.0
1996-03-12;684.0
1996-03-12;685.0
1996-03-12;685.0
1996-03-12;685.0
1996-03-13;672.0
1996-03-13;669.0
1996-03-13;666.0
1996-03-13;669.0
1996-03-14;668.0
1996-03-14;668.0
1996-03-14;667.0
1996-03-14;668.0
1996-03-15;666.0
1996-03-15;664.0
1996-03-15;667.0
1996-03-15;666.0
1996-03-16;656.0
1996-03-16;653.0
1996-03-16;655.0
1996-03-16;655.0
1996-03-17;634.0
1996-03-17;629.0
1996-03-17;629.0
1996-03-17;623.0
1996-03-18;598.0
1996-03-18;604.0
1996-03-18;604.0
1996-03-18;610.0
1996-03-19;580.0
1996-03-19;580.0
1996-03-19;574.0
1996-03-19;586.0
1996-03-20;560.0
1996-03-20;555.0
1996-03-20;564.0
1996-03-20;560.0
1996-03-21;540.0
1996-03-21;543.0
1996-03-21;545.0
1996-03-21;543.0
1996-03-22;530.0
1996-03-22;528.0
1996-03-22;532.0
1996-03-22;530.0
1996-03-23;550.0
1996-03-23;542.0
1996-03-23;534.0
1996-03-23;542.0
1996-03-24;584.0
1996-03-24;584.0
1996-03-24;570.0
1996-03-24;598.0
1996-03-25;615.0
1996-03-25;620.0
1996-03-25;615.0
1996-03-25;610.0
1996-03-26;623.0
1996-03-26;624.0
1996-03-26;621.0
1996-03-26;623.0
1996-03-27;613.0
1996-03-27;613.0
1996-03-27;610.0
1996-03-27;616.0
1996-03-28;604.0
1996-03-28;605.0
1996-03-28;602.0
1996-03-28;604.0
1996-03-29;610.0
1996-03-29;615.0
1996-03-29;610.0
1996-03-29;605.0
1996-03-30;628.0
1996-03-30;633.0
1996-03-30;633.0
1996-03-30;638.0
1996-03-31;650.0
1996-03-31;652.0
1996-03-31;653.0
1996-03-31;652.0
1996-04-01;643.0
1996-04-01;637.0
1996-04-01;637.0
1996-04-01;630.0
1996-04-02;629.0
1996-04-02;634.0
1996-04-02;624.0
1996-04-02;629.0
1996-04-03;618.0
1996-04-03;620.0
1996-04-03;616.0
1996-04-03;618.0
1996-04-04;616.0
1996-04-04;616.0
1996-04-04;614.0
1996-04-04;618.0
1996-04-05;622.0
1996-04-05;632.0
1996-04-05;612.0
1996-04-05;622.0
1996-04-06;602.0
1996-04-06;636.0
1996-04-06;602.0
1996-04-06;602.0
1996-04-07;654.0
1996-04-07;662.0
1996-04-07;658.0
1996-04-07;658.0
1996-04-08;694.0
1996-04-08;667.0
1996-04-08;640.0
1996-04-08;694.0
1996-04-09;732.0
1996-04-09;732.0
1996-04-09;740.0
1996-04-09;724.0
1996-04-10;765.0
1996-04-10;761.0
1996-04-10;756.0
1996-04-10;761.0
1996-04-11;770.0
1996-04-11;765.0
1996-04-11;768.0
1996-04-11;768.0
1996-04-12;755.0
1996-04-12;749.0
1996-04-12;760.0
1996-04-12;755.0
1996-04-13;732.0
1996-04-13;737.0
1996-04-13;726.0
1996-04-13;732.0
1996-04-14;710.0
1996-04-14;715.0
1996-04-14;705.0
1996-04-14;710.0
1996-04-15;695.0
1996-04-15;687.0
1996-04-15;691.0
1996-04-15;691.0
1996-04-16;675.0
1996-04-16;678.0
1996-04-16;672.0
1996-04-16;675.0
1996-04-17;661.0
1996-04-17;658.0
1996-04-17;661.0
1996-04-17;664.0
1996-04-18;647.0
1996-04-18;652.0
1996-04-18;650.0
1996-04-18;650.0
1996-04-19;699.0
1996-04-19;712.0
1996-04-19;685.0
1996-04-19;699.0
1996-04-20;733.0
1996-04-20;730.0
1996-04-20;735.0
1996-04-20;733.0
1996-04-21;737.0
1996-04-21;738.0
1996-04-21;737.0
1996-04-21;735.0
1996-04-22;725.0
1996-04-22;725.0
1996-04-22;729.0
1996-04-22;720.0
1996-04-23;709.0
1996-04-23;710.0
1996-04-23;710.0
1996-04-23;710.0
1996-04-24;709.0
1996-04-24;709.0
1996-04-24;709.0
1996-04-24;708.0
1996-04-25;722.0
1996-04-25;734.0
1996-04-25;710.0
1996-04-25;722.0
1996-04-26;777.0
1996-04-26;771.0
1996-04-26;771.0
1996-04-26;764.0
1996-04-27;770.0
1996-04-27;779.0
1996-04-27;775.0
1996-04-27;775.0
1996-04-28;760.0
1996-04-28;762.0
1996-04-28;762.0
1996-04-28;764.0
1996-04-29;765.0
1996-04-29;764.0
1996-04-29;765.0
1996-04-29;765.0
1996-04-30;759.0
1996-04-30;759.0
1996-04-30;755.0
1996-04-30;762.0
1996-05-01;736.0
1996-05-01;741.0
1996-05-01;730.0
1996-05-01;736.0
1996-05-02;723.0
1996-05-02;723.0
1996-05-02;723.0
1996-05-02;722.0
1996-05-03;718.0
1996-05-03;718.0
1996-05-03;721.0
1996-05-03;715.0
1996-05-04;712.0
1996-05-04;713.0
1996-05-04;713.0
1996-05-04;713.0
1996-05-05;719.0
1996-05-05;720.0
1996-05-05;717.0
1996-05-05;719.0
1996-05-06;719.0
1996-05-06;717.0
1996-05-06;720.0
1996-05-06;719.0
1996-05-07;714.0
1996-05-07;714.0
1996-05-07;714.0
1996-05-07;714.0
1996-05-08;714.0
1996-05-08;714.0
1996-05-08;714.0
1996-05-08;714.0
1996-05-09;739.0
1996-05-09;762.0
1996-05-09;739.0
1996-05-09;716.0
1996-05-10;815.0
1996-05-10;820.0
1996-05-10;810.0
1996-05-10;815.0
1996-05-11;820.0
1996-05-11;820.0
1996-05-11;820.0
1996-05-11;820.0
1996-05-12;822.0
1996-05-12;820.0
1996-05-12;824.0
1996-05-12;822.0
1996-05-13;830.0
1996-05-13;835.0
1996-05-13;839.0
1996-05-13;835.0
1996-05-14;849.0
1996-05-14;851.0
1996-05-14;847.0
1996-05-14;849.0
1996-05-15;857.0
1996-05-15;856.0
1996-05-15;857.0
1996-05-15;857.0
1996-05-16;850.0
1996-05-16;852.0
1996-05-16;852.0
1996-05-16;854.0
1996-05-17;842.0
1996-05-17;844.0
1996-05-17;844.0
1996-05-17;846.0
1996-05-18;837.0
1996-05-18;836.0
1996-05-18;837.0
1996-05-18;837.0
1996-05-19;842.0
1996-05-19;842.0
1996-05-19;844.0
1996-05-19;840.0
1996-05-20;860.0
1996-05-20;856.0
1996-05-20;864.0
1996-05-20;860.0
1996-05-21;880.0
1996-05-21;880.0
1996-05-21;884.0
1996-05-21;876.0
1996-05-22;890.0
1996-05-22;895.0
1996-05-22;884.0
1996-05-22;890.0
1996-05-23;900.0
1996-05-23;900.0
1996-05-23;898.0
1996-05-23;902.0
1996-05-24;907.0
1996-05-24;905.0
1996-05-24;907.0
1996-05-24;909.0
1996-05-25;920.0
1996-05-25;920.0
1996-05-25;919.0
1996-05-25;920.0
1996-05-26;922.0
1996-05-26;922.0
1996-05-26;921.0
1996-05-26;923.0
1996-05-27;908.0
1996-05-27;913.0
1996-05-27;913.0
1996-05-27;917.0
1996-05-28;886.0
1996-05-28;886.0
1996-05-28;891.0
1996-05-28;880.0
1996-05-29;871.0
1996-05-29;870.0
1996-05-29;871.0
1996-05-29;872.0
1996-05-30;866.0
1996-05-30;867.0
1996-05-30;868.0
1996-05-30;867.0
1996-05-31;862.0
1996-05-31;863.0
1996-05-31;863.0
1996-05-31;863.0
1996-06-01;863.0
1996-06-01;869.0
1996-06-01;869.0
1996-06-01;874.0
1996-06-02;873.0
1996-06-02;872.0
1996-06-02;874.0
1996-06-02;873.0
1996-06-03;861.0
1996-06-03;861.0
1996-06-03;858.0
1996-06-03;864.0
1996-06-04;853.0
1996-06-04;852.0
1996-06-04;853.0
1996-06-04;853.0
1996-06-05;853.0
1996-06-05;853.0
1996-06-05;853.0
1996-06-05;852.0
1996-06-06;857.0
1996-06-06;858.0
1996-06-06;857.0
1996-06-06;856.0
1996-06-07;866.0
1996-06-07;867.0
1996-06-07;864.0
1996-06-07;866.0
1996-06-08;872.0
1996-06-08;874.0
1996-06-08;874.0
1996-06-08;875.0
1996-06-09;885.0
1996-06-09;882.0
1996-06-09;885.0
1996-06-09;888.0
1996-06-10;905.0
1996-06-10;912.0
1996-06-10;912.0
1996-06-10;919.0
1996-06-11;934.0
1996-06-11;937.0
1996-06-11;937.0
1996-06-11;940.0
1996-06-12;944.0
1996-06-12;942.0
1996-06-12;943.0
1996-06-12;943.0
1996-06-13;942.0
1996-06-13;944.0
1996-06-13;945.0
1996-06-13;944.0
1996-06-14;940.0
1996-06-14;942.0
1996-06-14;938.0
1996-06-14;940.0
1996-06-15;944.0
1996-06-15;945.0
1996-06-15;945.0
1996-06-15;945.0
1996-06-16;945.0
1996-06-16;944.0
1996-06-16;945.0
1996-06-16;945.0
1996-06-17;945.0
1996-06-17;945.0
1996-06-17;945.0
1996-06-17;945.0
1996-06-18;941.0
1996-06-18;939.0
1996-06-18;941.0
1996-06-18;942.0
1996-06-19;934.0
1996-06-19;934.0
1996-06-19;932.0
1996-06-19;935.0
1996-06-20;934.0
1996-06-20;935.0
1996-06-20;932.0
1996-06-20;934.0
1996-06-21;940.0
1996-06-21;941.0
1996-06-21;941.0
1996-06-21;941.0
1996-06-22;961.0
1996-06-22;961.0
1996-06-22;968.0
1996-06-22;954.0
1996-06-23;996.0
1996-06-23;987.0
1996-06-23;1005.0
1996-06-23;996.0
1996-06-24;1031.0
1996-06-24;1037.0
1996-06-24;1025.0
1996-06-24;1031.0
1996-06-25;1046.0
1996-06-25;1054.0
1996-06-25;1046.0
1996-06-25;1038.0
1996-06-26;1056.0
1996-06-26;1056.0
1996-06-26;1056.0
1996-06-26;1056.0
1996-06-27;1057.0
1996-06-27;1057.0
1996-06-27;1057.0
1996-06-27;1056.0
1996-06-28;1041.0
1996-06-28;1038.0
1996-06-28;1041.0
1996-06-28;1044.0
1996-06-29;1050.0
1996-06-29;1046.0
1996-06-29;1053.0
1996-06-29;1050.0
1996-06-30;1072.0
1996-06-30;1064.0
1996-06-30;1080.0
1996-06-30;1072.0
1996-07-01;1103.0
1996-07-01;1094.0
1996-07-01;1086.0
1996-07-01;1094.0
1996-07-02;1102.0
1996-07-02;1099.0
1996-07-02;1102.0
1996-07-02;1105.0
1996-07-03;1066.0
1996-07-03;1088.0
1996-07-03;1077.0
1996-07-03;1077.0
1996-07-04;1049.0
1996-07-04;1049.0
1996-07-04;1057.0
1996-07-04;1042.0
1996-07-05;1020.0
1996-07-05;1020.0
1996-07-05;1026.0
1996-07-05;1014.0
1996-07-06;997.0
1996-07-06;1000.0
1996-07-06;997.0
1996-07-06;994.0
1996-07-07;979.0
1996-07-07;979.0
1996-07-07;984.0
1996-07-07;974.0
1996-07-08;953.0
1996-07-08;961.0
1996-07-08;953.0
1996-07-08;946.0
1996-07-09;934.0
1996-07-09;928.0
1996-07-09;928.0
1996-07-09;922.0
1996-07-10;907.0
1996-07-10;912.0
1996-07-10;907.0
1996-07-10;903.0
1996-07-11;891.0
1996-07-11;891.0
1996-07-11;889.0
1996-07-11;894.0
1996-07-12;881.0
1996-07-12;881.0
1996-07-12;882.0
1996-07-12;880.0
1996-07-13;880.0
1996-07-13;880.0
1996-07-13;880.0
1996-07-13;880.0
1996-07-14;887.0
1996-07-14;885.0
1996-07-14;885.0
1996-07-14;884.0
1996-07-15;885.0
1996-07-15;882.0
1996-07-15;883.0
1996-07-15;883.0
1996-07-16;871.0
1996-07-16;874.0
1996-07-16;872.0
1996-07-16;872.0
1996-07-17;861.0
1996-07-17;860.0
1996-07-17;862.0
1996-07-17;861.0
1996-07-18;873.0
1996-07-18;868.0
1996-07-18;879.0
1996-07-18;873.0
1996-07-19;894.0
1996-07-19;892.0
1996-07-19;897.0
1996-07-19;894.0
1996-07-20;902.0
1996-07-20;903.0
1996-07-20;903.0
1996-07-20;905.0
1996-07-21;914.0
1996-07-21;919.0
1996-07-21;910.0
1996-07-21;914.0
1996-07-22;937.0
1996-07-22;942.0
1996-07-22;932.0
1996-07-22;937.0
1996-07-23;957.0
1996-07-23;954.0
1996-07-23;960.0
1996-07-23;957.0
1996-07-24;968.0
1996-07-24;969.0
1996-07-24;967.0
1996-07-24;968.0
1996-07-25;967.0
1996-07-25;966.0
1996-07-25;965.0
1996-07-25;966.0
1996-07-26;957.0
1996-07-26;957.0
1996-07-26;960.0
1996-07-26;954.0
1996-07-27;939.0
1996-07-27;941.0
1996-07-27;941.0
1996-07-27;944.0
1996-07-28;927.0
1996-07-28;924.0
1996-07-28;924.0
1996-07-28;921.0
1996-07-29;921.0
1996-07-29;920.0
1996-07-29;921.0
1996-07-29;923.0
1996-07-30;937.0
1996-07-30;934.0
1996-07-30;940.0
1996-07-30;937.0
1996-07-31;946.0
1996-07-31;946.0
1996-07-31;946.0
1996-07-31;946.0
1996-08-01;952.0
1996-08-01;952.0
1996-08-01;954.0
1996-08-01;950.0
1996-08-02;964.0
1996-08-02;968.0
1996-08-02;964.0
1996-08-02;961.0
1996-08-03;967.0
1996-08-03;970.0
1996-08-03;968.0
1996-08-03;968.0
1996-08-04;956.0
1996-08-04;958.0
1996-08-04;960.0
1996-08-04;958.0
1996-08-05;952.0
1996-08-05;950.0
1996-08-05;951.0
1996-08-05;951.0
1996-08-06;944.0
1996-08-06;944.0
1996-08-06;945.0
1996-08-06;944.0
1996-08-07;944.0
1996-08-07;940.0
1996-08-07;942.0
1996-08-07;942.0
1996-08-08;934.0
1996-08-08;934.0
1996-08-08;934.0
1996-08-08;934.0
1996-08-09;934.0
1996-08-09;934.0
1996-08-09;934.0
1996-08-09;934.0
1996-08-10;945.0
1996-08-10;951.0
1996-08-10;945.0
1996-08-10;940.0
1996-08-11;955.0
1996-08-11;955.0
1996-08-11;956.0
1996-08-11;954.0
1996-08-12;962.0
1996-08-12;963.0
1996-08-12;962.0
1996-08-12;962.0
1996-08-13;965.0
1996-08-13;965.0
1996-08-13;966.0
1996-08-13;965.0
1996-08-14;963.0
1996-08-14;964.0
1996-08-14;963.0
1996-08-14;963.0
1996-08-15;958.0
1996-08-15;957.0
1996-08-15;960.0
1996-08-15;958.0
1996-08-16;954.0
1996-08-16;954.0
1996-08-16;954.0
1996-08-16;954.0
1996-08-17;951.0
1996-08-17;951.0
1996-08-17;952.0
1996-08-17;951.0
1996-08-18;943.0
1996-08-18;941.0
1996-08-18;946.0
1996-08-18;943.0
1996-08-19;938.0
1996-08-19;938.0
1996-08-19;938.0
1996-08-19;939.0
1996-08-20;937.0
1996-08-20;936.0
1996-08-20;938.0
1996-08-20;937.0
1996-08-21;930.0
1996-08-21;931.0
1996-08-21;932.0
1996-08-21;931.0
1996-08-22;924.0
1996-08-22;926.0
1996-08-22;923.0
1996-08-22;924.0
1996-08-23;920.0
1996-08-23;920.0
1996-08-23;922.0
1996-08-23;919.0
1996-08-24;910.0
1996-08-24;910.0
1996-08-24;913.0
1996-08-24;907.0
1996-08-25;889.0
1996-08-25;898.0
1996-08-25;889.0
1996-08-25;880.0
1996-08-26;880.0
1996-08-26;875.0
1996-08-26;875.0
1996-08-26;870.0
1996-08-27;857.0
1996-08-27;857.0
1996-08-27;861.0
1996-08-27;854.0
1996-08-28;843.0
1996-08-28;842.0
1996-08-28;844.0
1996-08-28;843.0
1996-08-29;833.0
1996-08-29;837.0
1996-08-29;830.0
1996-08-29;833.0
1996-08-30;825.0
1996-08-30;818.0
1996-08-30;821.0
1996-08-30;821.0
1996-08-31;810.0
1996-08-31;812.0
1996-08-31;814.0
1996-08-31;812.0
1996-09-01;801.0
1996-09-01;799.0
1996-09-01;804.0
1996-09-01;801.0
1996-09-02;788.0
1996-09-02;796.0
1996-09-02;792.0
1996-09-02;792.0
1996-09-03;785.0
1996-09-03;783.0
1996-09-03;784.0
1996-09-03;784.0
1996-09-04;780.0
1996-09-04;778.0
1996-09-04;776.0
1996-09-04;778.0
1996-09-05;771.0
1996-09-05;768.0
1996-09-05;774.0
1996-09-05;771.0
1996-09-06;759.0
1996-09-06;762.0
1996-09-06;757.0
1996-09-06;759.0
1996-09-07;754.0
1996-09-07;756.0
1996-09-07;755.0
1996-09-07;755.0
1996-09-08;745.0
1996-09-08;747.0
1996-09-08;743.0
1996-09-08;745.0
1996-09-09;739.0
1996-09-09;737.0
1996-09-09;737.0
1996-09-09;736.0
1996-09-10;728.0
1996-09-10;727.0
1996-09-10;730.0
1996-09-10;728.0
1996-09-11;728.0
1996-09-11;734.0
1996-09-11;728.0
1996-09-11;722.0
1996-09-12;740.0
1996-09-12;742.0
1996-09-12;738.0
1996-09-12;740.0
1996-09-13;746.0
1996-09-13;743.0
1996-09-13;744.0
1996-09-13;744.0
1996-09-14;748.0
1996-09-14;749.0
1996-09-14;748.0
1996-09-14;748.0
1996-09-15;752.0
1996-09-15;752.0
1996-09-15;752.0
1996-09-15;752.0
1996-09-16;753.0
1996-09-16;753.0
1996-09-16;753.0
1996-09-16;753.0
1996-09-17;753.0
1996-09-17;756.0
1996-09-17;754.0
1996-09-17;754.0
1996-09-18;763.0
1996-09-18;767.0
1996-09-18;772.0
1996-09-18;767.0
1996-09-19;794.0
1996-09-19;790.0
1996-09-19;786.0
1996-09-19;790.0
1996-09-20;801.0
1996-09-20;802.0
1996-09-20;802.0
1996-09-20;804.0
1996-09-21;806.0
1996-09-21;806.0
1996-09-21;807.0
1996-09-21;806.0
1996-09-22;805.0
1996-09-22;807.0
1996-09-22;803.0
1996-09-22;805.0
1996-09-23;788.0
1996-09-23;791.0
1996-09-23;791.0
1996-09-23;795.0
1996-09-24;773.0
1996-09-24;778.0
1996-09-24;773.0
1996-09-24;769.0
1996-09-25;753.0
1996-09-25;749.0
1996-09-25;758.0
1996-09-25;753.0
1996-09-26;735.0
1996-09-26;738.0
1996-09-26;741.0
1996-09-26;738.0
1996-09-27;735.0
1996-09-27;735.0
1996-09-27;736.0
1996-09-27;734.0
1996-09-28;749.0
1996-09-28;744.0
1996-09-28;749.0
1996-09-28;754.0
1996-09-29;762.0
1996-09-29;763.0
1996-09-29;761.0
1996-09-29;762.0
1996-09-30;764.0
1996-09-30;764.0
1996-09-30;764.0
1996-09-30;764.0
1996-10-01;766.0
1996-10-01;765.0
1996-10-01;765.0
1996-10-01;765.0
1996-10-02;767.0
1996-10-02;767.0
1996-10-02;767.0
1996-10-02;767.0
1996-10-03;768.0
1996-10-03;768.0
1996-10-03;768.0
1996-10-03;769.0
1996-10-04;780.0
1996-10-04;777.0
1996-10-04;777.0
1996-10-04;775.0
1996-10-05;788.0
1996-10-05;786.0
1996-10-05;788.0
1996-10-05;790.0
1996-10-06;809.0
1996-10-06;814.0
1996-10-06;804.0
1996-10-06;809.0
1996-10-07;825.0
1996-10-07;828.0
1996-10-07;826.0
1996-10-07;826.0
1996-10-08;836.0
1996-10-08;835.0
1996-10-08;835.0
1996-10-08;835.0
1996-10-09;825.0
1996-10-09;825.0
1996-10-09;821.0
1996-10-09;830.0
1996-10-10;801.0
1996-10-10;808.0
1996-10-10;795.0
1996-10-10;801.0
1996-10-11;780.0
1996-10-11;774.0
1996-10-11;777.0
1996-10-11;777.0
1996-10-12;756.0
1996-10-12;757.0
1996-10-12;757.0
1996-10-12;758.0
1996-10-13;744.0
1996-10-13;740.0
1996-10-13;742.0
1996-10-13;742.0
1996-10-14;733.0
1996-10-14;727.0
1996-10-14;730.0
1996-10-14;730.0
1996-10-15;727.0
1996-10-15;728.0
1996-10-15;727.0
1996-10-15;726.0
1996-10-16;729.0
1996-10-16;729.0
1996-10-16;730.0
1996-10-16;729.0
1996-10-17;729.0
1996-10-17;729.0
1996-10-17;729.0
1996-10-17;729.0
1996-10-18;727.0
1996-10-18;727.0
1996-10-18;727.0
1996-10-18;728.0
1996-10-19;725.0
1996-10-19;726.0
1996-10-19;725.0
1996-10-19;725.0
1996-10-20;723.0
1996-10-20;723.0
1996-10-20;723.0
1996-10-20;724.0
1996-10-21;723.0
1996-10-21;723.0
1996-10-21;724.0
1996-10-21;722.0
1996-10-22;737.0
1996-10-22;732.0
1996-10-22;743.0
1996-10-22;737.0
1996-10-23;756.0
1996-10-23;754.0
1996-10-23;753.0
1996-10-23;754.0
1996-10-24;752.0
1996-10-24;753.0
1996-10-24;751.0
1996-10-24;752.0
1996-10-25;745.0
1996-10-25;744.0
1996-10-25;747.0
1996-10-25;745.0
1996-10-26;743.0
1996-10-26;742.0
1996-10-26;745.0
1996-10-26;743.0
1996-10-27;740.0
1996-10-27;740.0
1996-10-27;740.0
1996-10-27;740.0
1996-10-28;740.0
1996-10-28;740.0
1996-10-28;740.0
1996-10-28;740.0
1996-10-29;746.0
1996-10-29;744.0
1996-10-29;748.0
1996-10-29;746.0
1996-10-30;750.0
1996-10-30;750.0
1996-10-30;750.0
1996-10-30;750.0
1996-10-31;751.0
1996-10-31;751.0
1996-10-31;751.0
1996-10-31;752.0
1996-11-01;748.0
1996-11-01;748.0
1996-11-01;749.0
1996-11-01;747.0
1996-11-02;744.0
1996-11-02;743.0
1996-11-02;744.0
1996-11-02;745.0
1996-11-03;757.0
1996-11-03;754.0
1996-11-03;752.0
1996-11-03;754.0
1996-11-04;762.0
1996-11-04;762.0
1996-11-04;762.0
1996-11-04;762.0
1996-11-05;762.0
1996-11-05;761.0
1996-11-05;761.0
1996-11-05;761.0
1996-11-06;772.0
1996-11-06;770.0
1996-11-06;772.0
1996-11-06;774.0
1996-11-07;773.0
1996-11-07;777.0
1996-11-07;775.0
1996-11-07;775.0
1996-11-08;766.0
1996-11-08;764.0
1996-11-08;768.0
1996-11-08;766.0
1996-11-09;744.0
1996-11-09;750.0
1996-11-09;747.0
1996-11-09;747.0
1996-11-10;737.0
1996-11-10;734.0
1996-11-10;741.0
1996-11-10;737.0
1996-11-11;758.0
1996-11-11;766.0
1996-11-11;758.0
1996-11-11;750.0
1996-11-12;769.0
1996-11-12;775.0
1996-11-12;764.0
1996-11-12;769.0
1996-11-13;786.0
1996-11-13;789.0
1996-11-13;784.0
1996-11-13;786.0
1996-11-14;801.0
1996-11-14;809.0
1996-11-14;818.0
1996-11-14;809.0
1996-11-15;829.0
1996-11-15;830.0
1996-11-15;829.0
1996-11-15;829.0
1996-11-16;828.0
1996-11-16;831.0
1996-11-16;826.0
1996-11-16;828.0
1996-11-17;817.0
1996-11-17;811.0
1996-11-17;811.0
1996-11-17;806.0
1996-11-18;781.0
1996-11-18;786.0
1996-11-18;777.0
1996-11-18;781.0
1996-11-19;748.0
1996-11-19;754.0
1996-11-19;754.0
1996-11-19;761.0
1996-11-20;726.0
1996-11-20;726.0
1996-11-20;730.0
1996-11-20;723.0
1996-11-21;714.0
1996-11-21;711.0
1996-11-21;717.0
1996-11-21;714.0
1996-11-22;700.0
1996-11-22;704.0
1996-11-22;697.0
1996-11-22;700.0
1996-11-23;687.0
1996-11-23;690.0
1996-11-23;685.0
1996-11-23;687.0
1996-11-24;674.0
1996-11-24;679.0
1996-11-24;676.0
1996-11-24;676.0
1996-11-25;666.0
1996-11-25;668.0
1996-11-25;666.0
1996-11-25;664.0
1996-11-26;659.0
1996-11-26;655.0
1996-11-26;657.0
1996-11-26;657.0
1996-11-27;653.0
1996-11-27;652.0
1996-11-27;654.0
1996-11-27;653.0
1996-11-28;659.0
1996-11-28;660.0
1996-11-28;659.0
1996-11-28;659.0
1996-11-29;670.0
1996-11-29;673.0
1996-11-29;676.0
1996-11-29;673.0
1996-11-30;686.0
1996-11-30;683.0
1996-11-30;681.0
1996-11-30;683.0
1996-12-01;699.0
1996-12-01;698.0
1996-12-01;701.0
1996-12-01;699.0
1996-12-02;709.0
1996-12-02;709.0
1996-12-02;711.0
1996-12-02;708.0
1996-12-03;706.0
1996-12-03;706.0
1996-12-03;708.0
1996-12-03;704.0
1996-12-04;695.0
1996-12-04;698.0
1996-12-04;693.0
1996-12-04;695.0
1996-12-05;692.0
1996-12-05;693.0
1996-12-05;693.0
1996-12-05;695.0
1996-12-06;702.0
1996-12-06;699.0
1996-12-06;702.0
1996-12-06;706.0
1996-12-07;707.0
1996-12-07;707.0
1996-12-07;708.0
1996-12-07;707.0
1996-12-08;705.0
1996-12-08;704.0
1996-12-08;706.0
1996-12-08;705.0
1996-12-09;704.0
1996-12-09;703.0
1996-12-09;705.0
1996-12-09;704.0
1996-12-10;716.0
1996-12-10;717.0
1996-12-10;715.0
1996-12-10;716.0
1996-12-11;714.0
1996-12-11;713.0
1996-12-11;713.0
1996-12-11;713.0
1996-12-12;709.0
1996-12-12;706.0
1996-12-12;712.0
1996-12-12;709.0
1996-12-13;698.0
1996-12-13;692.0
1996-12-13;695.0
1996-12-13;695.0
1996-12-14;692.0
1996-12-14;694.0
1996-12-14;690.0
1996-12-14;692.0
1996-12-15;702.0
1996-12-15;704.0
1996-12-15;703.0
1996-12-15;703.0
1996-12-16;714.0
1996-12-16;714.0
1996-12-16;714.0
1996-12-16;715.0
1996-12-17;716.0
1996-12-17;716.0
1996-12-17;717.0
1996-12-17;716.0
1996-12-18;709.0
1996-12-18;711.0
1996-12-18;714.0
1996-12-18;711.0
1996-12-19;700.0
1996-12-19;702.0
1996-12-19;704.0
1996-12-19;702.0
1996-12-20;694.0
1996-12-20;694.0
1996-12-20;694.0
1996-12-20;695.0
1996-12-21;692.0
1996-12-21;692.0
1996-12-21;693.0
1996-12-21;692.0
1996-12-22;692.0
1996-12-22;691.0
1996-12-22;693.0
1996-12-22;692.0
1996-12-23;706.0
1996-12-23;710.0
1996-12-23;702.0
1996-12-23;706.0
1996-12-24;727.0
1996-12-24;730.0
1996-12-24;727.0
1996-12-24;725.0
1996-12-25;731.0
1996-12-25;731.0
1996-12-25;731.0
1996-12-25;732.0
1996-12-26;731.0
1996-12-26;732.0
1996-12-26;731.0
1996-12-26;731.0
1996-12-27;725.0
1996-12-27;726.0
1996-12-27;725.0
1996-12-27;724.0
1996-12-28;720.0
1996-12-28;720.0
1996-12-28;722.0
1996-12-28;718.0
1996-12-29;712.0
1996-12-29;708.0
1996-12-29;705.0
1996-12-29;708.0
1996-12-30;740.0
1996-12-30;690.0
1996-12-30;785.0
1996-12-30;695.0
1996-12-31;670.0
1996-12-31;676.0
1996-12-31;673.0
1996-12-31;673.0
1997-01-01;654.0
1997-01-01;654.0
1997-01-01;650.0
1997-01-01;659.0
1997-01-02;643.0
1997-01-02;641.0
1997-01-02;646.0
1997-01-02;643.0
1997-01-03;632.0
1997-01-03;635.0
1997-01-03;629.0
1997-01-03;632.0
1997-01-04;620.0
1997-01-04;618.0
1997-01-04;622.0
1997-01-04;620.0
1997-01-05;615.0
1997-01-05;612.0
1997-01-05;613.0
1997-01-05;613.0
1997-01-06;609.0
1997-01-06;608.0
1997-01-06;608.0
1997-01-06;608.0
1997-01-07;608.0
1997-01-07;610.0
1997-01-07;608.0
1997-01-07;607.0
1997-01-08;600.0
1997-01-08;599.0
1997-01-08;602.0
1997-01-08;600.0
1997-01-09;583.0
1997-01-09;575.0
1997-01-09;583.0
1997-01-09;591.0
1997-01-10;572.0
1997-01-10;576.0
1997-01-10;574.0
1997-01-10;574.0
1997-01-11;566.0
1997-01-11;564.0
1997-01-11;569.0
1997-01-11;566.0
1997-01-12;555.0
1997-01-12;555.0
1997-01-12;557.0
1997-01-12;554.0
1997-01-13;545.0
1997-01-13;545.0
1997-01-13;546.0
1997-01-13;545.0
1997-01-14;544.0
1997-01-14;544.0
1997-01-14;545.0
1997-01-14;544.0
1997-01-15;538.0
1997-01-15;538.0
1997-01-15;540.0
1997-01-15;536.0
1997-01-16;528.0
1997-01-16;526.0
1997-01-16;530.0
1997-01-16;528.0
1997-01-17;524.0
1997-01-17;522.0
1997-01-17;520.0
1997-01-17;522.0
1997-01-18;520.0
1997-01-18;518.0
1997-01-18;519.0
1997-01-18;519.0
1997-01-19;521.0
1997-01-19;521.0
1997-01-19;522.0
1997-01-19;521.0
1997-01-20;518.0
1997-01-20;520.0
1997-01-20;519.0
1997-01-20;519.0
1997-01-21;505.0
1997-01-21;508.0
1997-01-21;512.0
1997-01-21;508.0
1997-01-22;495.0
1997-01-22;495.0
1997-01-22;498.0
1997-01-22;492.0
1997-01-23;481.0
1997-01-23;482.0
1997-01-23;482.0
1997-01-23;484.0
1997-01-24;474.0
1997-01-24;474.0
1997-01-24;475.0
1997-01-24;474.0
1997-01-25;486.0
1997-01-25;480.0
1997-01-25;483.0
1997-01-25;483.0
1997-01-26;492.0
1997-01-26;492.0
1997-01-26;493.0
1997-01-26;492.0
1997-01-27;491.0
1997-01-27;493.0
1997-01-27;490.0
1997-01-27;491.0
1997-01-28;482.0
1997-01-28;476.0
1997-01-28;479.0
1997-01-28;479.0
1997-01-29;471.0
1997-01-29;472.0
1997-01-29;470.0
1997-01-29;471.0
1997-01-30;466.0
1997-01-30;468.0
1997-01-30;464.0
1997-01-30;466.0
1997-01-31;454.0
1997-01-31;457.0
1997-01-31;451.0
1997-01-31;454.0
1997-02-01;446.0
1997-02-01;440.0
1997-02-01;443.0
1997-02-01;443.0
1997-02-02;436.0
1997-02-02;432.0
1997-02-02;434.0
1997-02-02;434.0
1997-02-03;427.0
1997-02-03;428.0
1997-02-03;426.0
1997-02-03;427.0
1997-02-04;422.0
1997-02-04;421.0
1997-02-04;424.0
1997-02-04;422.0
1997-02-05;433.0
1997-02-05;441.0
1997-02-05;426.0
1997-02-05;433.0
1997-02-06;480.0
1997-02-06;480.0
1997-02-06;484.0
1997-02-06;476.0
1997-02-07;498.0
1997-02-07;507.0
1997-02-07;489.0
1997-02-07;498.0
1997-02-08;521.0
1997-02-08;526.0
1997-02-08;517.0
1997-02-08;521.0
1997-02-09;546.0
1997-02-09;553.0
1997-02-09;561.0
1997-02-09;553.0
1997-02-10;603.0
1997-02-10;608.0
1997-02-10;603.0
1997-02-10;598.0
1997-02-11;621.0
1997-02-11;615.0
1997-02-11;618.0
1997-02-11;618.0
1997-02-12;624.0
1997-02-12;624.0
1997-02-12;624.0
1997-02-12;624.0
1997-02-13;620.0
1997-02-13;619.0
1997-02-13;621.0
1997-02-13;620.0
1997-02-14;612.0
1997-02-14;612.0
1997-02-14;615.0
1997-02-14;610.0
1997-02-15;606.0
1997-02-15;608.0
1997-02-15;606.0
1997-02-15;604.0
1997-02-16;608.0
1997-02-16;608.0
1997-02-16;613.0
1997-02-16;604.0
1997-02-17;639.0
1997-02-17;639.0
1997-02-17;652.0
1997-02-17;626.0
1997-02-18;660.0
1997-02-18;695.0
1997-02-18;677.0
1997-02-18;677.0
1997-02-19;702.0
1997-02-19;702.0
1997-02-19;702.0
1997-02-19;702.0
1997-02-20;698.0
1997-02-20;699.0
1997-02-20;698.0
1997-02-20;698.0
1997-02-21;709.0
1997-02-21;709.0
1997-02-21;704.0
1997-02-21;714.0
1997-02-22;737.0
1997-02-22;730.0
1997-02-22;724.0
1997-02-22;730.0
1997-02-23;750.0
1997-02-23;750.0
1997-02-23;748.0
1997-02-23;752.0
1997-02-24;771.0
1997-02-24;796.0
1997-02-24;783.0
1997-02-24;783.0
1997-02-25;812.0
1997-02-25;805.0
1997-02-25;808.0
1997-02-25;808.0
1997-02-26;836.0
1997-02-26;844.0
1997-02-26;836.0
1997-02-26;828.0
1997-02-27;858.0
1997-02-27;854.0
1997-02-27;856.0
1997-02-27;856.0
1997-02-28;862.0
1997-02-28;861.0
1997-02-28;861.0
1997-02-28;861.0
1997-03-01;870.0
1997-03-01;870.0
1997-03-01;870.0
1997-03-01;870.0
1997-03-02;856.0
1997-03-02;851.0
1997-03-02;856.0
1997-03-02;861.0
1997-03-03;823.0
1997-03-03;832.0
1997-03-03;823.0
1997-03-03;814.0
1997-03-04;778.0
1997-03-04;765.0
1997-03-04;792.0
1997-03-04;778.0
1997-03-05;718.0
1997-03-05;736.0
1997-03-05;727.0
1997-03-05;727.0
1997-03-06;684.0
1997-03-06;678.0
1997-03-06;690.0
1997-03-06;684.0
1997-03-07;655.0
1997-03-07;662.0
1997-03-07;649.0
1997-03-07;655.0
1997-03-08;637.0
1997-03-08;636.0
1997-03-08;639.0
1997-03-08;637.0
1997-03-09;663.0
1997-03-09;670.0
1997-03-09;663.0
1997-03-09;656.0
1997-03-10;687.0
1997-03-10;684.0
1997-03-10;690.0
1997-03-10;687.0
1997-03-11;683.0
1997-03-11;685.0
1997-03-11;688.0
1997-03-11;685.0
1997-03-12;677.0
1997-03-12;682.0
1997-03-12;673.0
1997-03-12;677.0
1997-03-13;675.0
1997-03-13;675.0
1997-03-13;676.0
1997-03-13;675.0
1997-03-14;672.0
1997-03-14;672.0
1997-03-14;672.0
1997-03-14;672.0
1997-03-15;686.0
1997-03-15;690.0
1997-03-15;686.0
1997-03-15;682.0
1997-03-16;697.0
1997-03-16;696.0
1997-03-16;697.0
1997-03-16;699.0
1997-03-17;708.0
1997-03-17;715.0
1997-03-17;702.0
1997-03-17;708.0
1997-03-18;740.0
1997-03-18;743.0
1997-03-18;747.0
1997-03-18;743.0
1997-03-19;752.0
1997-03-19;753.0
1997-03-19;751.0
1997-03-19;752.0
1997-03-20;752.0
1997-03-20;753.0
1997-03-20;754.0
1997-03-20;753.0
1997-03-21;748.0
1997-03-21;745.0
1997-03-21;745.0
1997-03-21;743.0
1997-03-22;726.0
1997-03-22;720.0
1997-03-22;732.0
1997-03-22;726.0
1997-03-23;704.0
1997-03-23;686.0
1997-03-23;695.0
1997-03-23;695.0
1997-03-24;650.0
1997-03-24;660.0
1997-03-24;640.0
1997-03-24;650.0
1997-03-25;619.0
1997-03-25;611.0
1997-03-25;611.0
1997-03-25;604.0
1997-03-26;580.0
1997-03-26;585.0
1997-03-26;590.0
1997-03-26;585.0
1997-03-27;573.0
1997-03-27;569.0
1997-03-27;565.0
1997-03-27;569.0
1997-03-28;552.0
1997-03-28;549.0
1997-03-28;552.0
1997-03-28;556.0
1997-03-29;535.0
1997-03-29;540.0
1997-03-29;531.0
1997-03-29;535.0
1997-03-30;519.0
1997-03-30;525.0
1997-03-30;522.0
1997-03-30;522.0
1997-03-31;507.0
1997-03-31;519.0
1997-03-31;513.0
1997-03-31;513.0
1997-04-01;494.0
1997-04-01;499.0
1997-04-01;496.0
1997-04-01;496.0
1997-04-02;490.0
1997-04-02;492.0
1997-04-02;490.0
1997-04-02;488.0
1997-04-03;485.0
1997-04-03;484.0
1997-04-03;484.0
1997-04-03;484.0
1997-04-04;477.0
1997-04-04;479.0
1997-04-04;482.0
1997-04-04;479.0
1997-04-05;478.0
1997-04-05;479.0
1997-04-05;478.0
1997-04-05;478.0
1997-04-06;480.0
1997-04-06;480.0
1997-04-06;480.0
1997-04-06;480.0
1997-04-07;484.0
1997-04-07;486.0
1997-04-07;484.0
1997-04-07;482.0
1997-04-08;489.0
1997-04-08;497.0
1997-04-08;493.0
1997-04-08;493.0
1997-04-09;506.0
1997-04-09;506.0
1997-04-09;508.0
1997-04-09;504.0
1997-04-10;523.0
1997-04-10;515.0
1997-04-10;519.0
1997-04-10;519.0
1997-04-11;535.0
1997-04-11;533.0
1997-04-11;537.0
1997-04-11;535.0
1997-04-12;557.0
1997-04-12;550.0
1997-04-12;543.0
1997-04-12;550.0
1997-04-13;579.0
1997-04-13;579.0
1997-04-13;575.0
1997-04-13;584.0
1997-04-14;595.0
1997-04-14;600.0
1997-04-14;597.0
1997-04-14;597.0
1997-04-15;607.0
1997-04-15;606.0
1997-04-15;606.0
1997-04-15;605.0
1997-04-16;610.0
1997-04-16;610.0
1997-04-16;610.0
1997-04-16;610.0
1997-04-17;612.0
1997-04-17;611.0
1997-04-17;614.0
1997-04-17;612.0
1997-04-18;642.0
1997-04-18;638.0
1997-04-18;634.0
1997-04-18;638.0
1997-04-19;672.0
1997-04-19;660.0
1997-04-19;649.0
1997-04-19;660.0
1997-04-20;698.0
1997-04-20;715.0
1997-04-20;733.0
1997-04-20;715.0
1997-04-21;761.0
1997-04-21;752.0
1997-04-21;771.0
1997-04-21;761.0
1997-04-22;797.0
1997-04-22;792.0
1997-04-22;797.0
1997-04-22;803.0
1997-04-23;814.0
1997-04-23;814.0
1997-04-23;814.0
1997-04-23;815.0
1997-04-24;806.0
1997-04-24;803.0
1997-04-24;810.0
1997-04-24;806.0
1997-04-25;787.0
1997-04-25;792.0
1997-04-25;783.0
1997-04-25;787.0
1997-04-26;773.0
1997-04-26;775.0
1997-04-26;772.0
1997-04-26;773.0
1997-04-27;775.0
1997-04-27;776.0
1997-04-27;775.0
1997-04-27;774.0
1997-04-28;780.0
1997-04-28;780.0
1997-04-28;781.0
1997-04-28;780.0
1997-04-29;785.0
1997-04-29;788.0
1997-04-29;782.0
1997-04-29;785.0
1997-04-30;815.0
1997-04-30;808.0
1997-04-30;811.0
1997-04-30;811.0
1997-05-01;852.0
1997-05-01;857.0
1997-05-01;852.0
1997-05-01;848.0
1997-05-02;868.0
1997-05-02;868.0
1997-05-02;868.0
1997-05-02;868.0
1997-05-03;862.0
1997-05-03;865.0
1997-05-03;860.0
1997-05-03;862.0
1997-05-04;854.0
1997-05-04;854.0
1997-05-04;854.0
1997-05-04;854.0
1997-05-05;881.0
1997-05-05;869.0
1997-05-05;875.0
1997-05-05;875.0
1997-05-06;903.0
1997-05-06;903.0
1997-05-06;910.0
1997-05-06;897.0
1997-05-07;919.0
1997-05-07;917.0
1997-05-07;921.0
1997-05-07;919.0
1997-05-08;917.0
1997-05-08;917.0
1997-05-08;918.0
1997-05-08;917.0
1997-05-09;922.0
1997-05-09;924.0
1997-05-09;924.0
1997-05-09;927.0
1997-05-10;937.0
1997-05-10;932.0
1997-05-10;942.0
1997-05-10;937.0
1997-05-11;953.0
1997-05-11;952.0
1997-05-11;951.0
1997-05-11;952.0
1997-05-12;957.0
1997-05-12;954.0
1997-05-12;960.0
1997-05-12;957.0
1997-05-13;960.0
1997-05-13;957.0
1997-05-13;958.0
1997-05-13;958.0
1997-05-14;954.0
1997-05-14;955.0
1997-05-14;955.0
1997-05-14;957.0
1997-05-15;953.0
1997-05-15;948.0
1997-05-15;950.0
1997-05-15;950.0
1997-05-16;970.0
1997-05-16;963.0
1997-05-16;956.0
1997-05-16;963.0
1997-05-17;984.0
1997-05-17;984.0
1997-05-17;990.0
1997-05-17;978.0
1997-05-18;1006.0
1997-05-18;1004.0
1997-05-18;1006.0
1997-05-18;1009.0
1997-05-19;1007.0
1997-05-19;1014.0
1997-05-19;1007.0
1997-05-19;1000.0
1997-05-20;1010.0
1997-05-20;1010.0
1997-05-20;1008.0
1997-05-20;1012.0
1997-05-21;1003.0
1997-05-21;1002.0
1997-05-21;1002.0
1997-05-21;1002.0
1997-05-22;1005.0
1997-05-22;1005.0
1997-05-22;1005.0
1997-05-22;1006.0
1997-05-23;1005.0
1997-05-23;1004.0
1997-05-23;1006.0
1997-05-23;1005.0
1997-05-24;1008.0
1997-05-24;1009.0
1997-05-24;1009.0
1997-05-24;1010.0
1997-05-25;999.0
1997-05-25;1000.0
1997-05-25;1000.0
1997-05-25;1002.0
1997-05-26;991.0
1997-05-26;988.0
1997-05-26;995.0
1997-05-26;991.0
1997-05-27;980.0
1997-05-27;974.0
1997-05-27;977.0
1997-05-27;977.0
1997-05-28;961.0
1997-05-28;966.0
1997-05-28;957.0
1997-05-28;961.0
1997-05-29;945.0
1997-05-29;942.0
1997-05-29;948.0
1997-05-29;945.0
1997-05-30;938.0
1997-05-30;937.0
1997-05-30;937.0
1997-05-30;937.0
1997-05-31;941.0
1997-05-31;943.0
1997-05-31;941.0
1997-05-31;940.0
1997-06-01;950.0
1997-06-01;949.0
1997-06-01;952.0
1997-06-01;950.0
1997-06-02;950.0
1997-06-02;951.0
1997-06-02;952.0
1997-06-02;951.0
1997-06-03;947.0
1997-06-03;949.0
1997-06-03;948.0
1997-06-03;948.0
1997-06-04;946.0
1997-06-04;946.0
1997-06-04;947.0
1997-06-04;946.0
1997-06-05;942.0
1997-06-05;943.0
1997-06-05;942.0
1997-06-05;942.0
1997-06-06;940.0
1997-06-06;939.0
1997-06-06;938.0
1997-06-06;939.0
1997-06-07;934.0
1997-06-07;936.0
1997-06-07;932.0
1997-06-07;934.0
1997-06-08;952.0
1997-06-08;934.0
1997-06-08;952.0
1997-06-08;970.0
1997-06-09;1008.0
1997-06-09;1008.0
1997-06-09;1017.0
1997-06-09;1000.0
1997-06-10;1035.0
1997-06-10;1033.0
1997-06-10;1037.0
1997-06-10;1035.0
1997-06-11;1032.0
1997-06-11;1029.0
1997-06-11;1036.0
1997-06-11;1032.0
1997-06-12;1012.0
1997-06-12;1006.0
1997-06-12;1018.0
1997-06-12;1012.0
1997-06-13;982.0
1997-06-13;990.0
1997-06-13;974.0
1997-06-13;982.0
1997-06-14;950.0
1997-06-14;945.0
1997-06-14;950.0
1997-06-14;956.0
1997-06-15;923.0
1997-06-15;919.0
1997-06-15;927.0
1997-06-15;923.0
1997-06-16;902.0
1997-06-16;898.0
1997-06-16;906.0
1997-06-16;902.0
1997-06-17;894.0
1997-06-17;894.0
1997-06-17;896.0
1997-06-17;893.0
1997-06-18;894.0
1997-06-18;895.0
1997-06-18;894.0
1997-06-18;894.0
1997-06-19;896.0
1997-06-19;896.0
1997-06-19;896.0
1997-06-19;896.0
1997-06-20;897.0
1997-06-20;897.0
1997-06-20;898.0
1997-06-20;897.0
1997-06-21;896.0
1997-06-21;895.0
1997-06-21;895.0
1997-06-21;895.0
1997-06-22;893.0
1997-06-22;890.0
1997-06-22;888.0
1997-06-22;890.0
1997-06-23;878.0
1997-06-23;880.0
1997-06-23;883.0
1997-06-23;880.0
1997-06-24;865.0
1997-06-24;869.0
1997-06-24;862.0
1997-06-24;865.0
1997-06-25;872.0
1997-06-25;875.0
1997-06-25;875.0
1997-06-25;879.0
1997-06-26;943.0
1997-06-26;943.0
1997-06-26;962.0
1997-06-26;925.0
1997-06-27;995.0
1997-06-27;1010.0
1997-06-27;1002.0
1997-06-27;1002.0
1997-06-28;1021.0
1997-06-28;1020.0
1997-06-28;1023.0
1997-06-28;1021.0
1997-06-29;1014.0
1997-06-29;1019.0
1997-06-29;1014.0
1997-06-29;1010.0
1997-06-30;1003.0
1997-06-30;999.0
1997-06-30;999.0
1997-06-30;996.0
1997-07-01;975.0
1997-07-01;970.0
1997-07-01;975.0
1997-07-01;980.0
1997-07-02;949.0
1997-07-02;944.0
1997-07-02;954.0
1997-07-02;949.0
1997-07-03;932.0
1997-07-03;927.0
1997-07-03;927.0
1997-07-03;922.0
1997-07-04;919.0
1997-07-04;919.0
1997-07-04;919.0
1997-07-04;919.0
1997-07-05;925.0
1997-07-05;927.0
1997-07-05;925.0
1997-07-05;924.0
1997-07-06;932.0
1997-07-06;931.0
1997-07-06;931.0
1997-07-06;930.0
1997-07-07;946.0
1997-07-07;946.0
1997-07-07;940.0
1997-07-07;953.0
1997-07-08;967.0
1997-07-08;965.0
1997-07-08;970.0
1997-07-08;967.0
1997-07-09;981.0
1997-07-09;979.0
1997-07-09;983.0
1997-07-09;981.0
1997-07-10;984.0
1997-07-10;983.0
1997-07-10;985.0
1997-07-10;984.0
1997-07-11;992.0
1997-07-11;994.0
1997-07-11;992.0
1997-07-11;990.0
1997-07-12;995.0
1997-07-12;995.0
1997-07-12;996.0
1997-07-12;995.0
1997-07-13;992.0
1997-07-13;993.0
1997-07-13;992.0
1997-07-13;992.0
1997-07-14;987.0
1997-07-14;988.0
1997-07-14;990.0
1997-07-14;988.0
1997-07-15;976.0
1997-07-15;979.0
1997-07-15;983.0
1997-07-15;979.0
1997-07-16;978.0
1997-07-16;977.0
1997-07-16;977.0
1997-07-16;977.0
1997-07-17;986.0
1997-07-17;996.0
1997-07-17;991.0
1997-07-17;991.0
1997-07-18;993.0
1997-07-18;993.0
1997-07-18;993.0
1997-07-18;993.0
1997-07-19;985.0
1997-07-19;989.0
1997-07-19;982.0
1997-07-19;985.0
1997-07-20;964.0
1997-07-20;967.0
1997-07-20;970.0
1997-07-20;967.0
1997-07-21;954.0
1997-07-21;949.0
1997-07-21;944.0
1997-07-21;949.0
1997-07-22;929.0
1997-07-22;925.0
1997-07-22;929.0
1997-07-22;934.0
1997-07-23;914.0
1997-07-23;916.0
1997-07-23;918.0
1997-07-23;916.0
1997-07-24;904.0
1997-07-24;906.0
1997-07-24;902.0
1997-07-24;904.0
1997-07-25;909.0
1997-07-25;907.0
1997-07-25;911.0
1997-07-25;909.0
1997-07-26;911.0
1997-07-26;912.0
1997-07-26;911.0
1997-07-26;911.0
1997-07-27;904.0
1997-07-27;907.0
1997-07-27;905.0
1997-07-27;905.0
1997-07-28;896.0
1997-07-28;899.0
1997-07-28;894.0
1997-07-28;896.0
1997-07-29;879.0
1997-07-29;879.0
1997-07-29;883.0
1997-07-29;876.0
1997-07-30;868.0
1997-07-30;866.0
1997-07-30;868.0
1997-07-30;870.0
1997-07-31;863.0
1997-07-31;864.0
1997-07-31;863.0
1997-07-31;863.0
1997-08-01;863.0
1997-08-01;864.0
1997-08-01;863.0
1997-08-01;863.0
1997-08-02;869.0
1997-08-02;875.0
1997-08-02;872.0
1997-08-02;872.0
1997-08-03;885.0
1997-08-03;885.0
1997-08-03;885.0
1997-08-03;886.0
1997-08-04;894.0
1997-08-04;890.0
1997-08-04;890.0
1997-08-04;886.0
1997-08-05;896.0
1997-08-05;894.0
1997-08-05;895.0
1997-08-05;895.0
1997-08-06;892.0
1997-08-06;894.0
1997-08-06;893.0
1997-08-06;893.0
1997-08-07;896.0
1997-08-07;894.0
1997-08-07;895.0
1997-08-07;895.0
1997-08-08;910.0
1997-08-08;908.0
1997-08-08;908.0
1997-08-08;906.0
1997-08-09;922.0
1997-08-09;922.0
1997-08-09;918.0
1997-08-09;926.0
1997-08-10;925.0
1997-08-10;925.0
1997-08-10;925.0
1997-08-10;926.0
1997-08-11;915.0
1997-08-11;915.0
1997-08-11;914.0
1997-08-11;916.0
1997-08-12;898.0
1997-08-12;906.0
1997-08-12;902.0
1997-08-12;902.0
1997-08-13;884.0
1997-08-13;881.0
1997-08-13;888.0
1997-08-13;884.0
1997-08-14;872.0
1997-08-14;868.0
1997-08-14;865.0
1997-08-14;868.0
1997-08-15;867.0
1997-08-15;866.0
1997-08-15;869.0
1997-08-15;867.0
1997-08-16;874.0
1997-08-16;874.0
1997-08-16;875.0
1997-08-16;874.0
1997-08-17;881.0
1997-08-17;879.0
1997-08-17;884.0
1997-08-17;881.0
1997-08-18;887.0
1997-08-18;890.0
1997-08-18;888.0
1997-08-18;888.0
1997-08-19;890.0
1997-08-19;890.0
1997-08-19;891.0
1997-08-19;890.0
1997-08-20;884.0
1997-08-20;884.0
1997-08-20;883.0
1997-08-20;885.0
1997-08-21;879.0
1997-08-21;878.0
1997-08-21;879.0
1997-08-21;881.0
1997-08-22;870.0
1997-08-22;873.0
1997-08-22;867.0
1997-08-22;870.0
1997-08-23;858.0
1997-08-23;855.0
1997-08-23;861.0
1997-08-23;858.0
1997-08-24;850.0
1997-08-24;849.0
1997-08-24;848.0
1997-08-24;849.0
1997-08-25;844.0
1997-08-25;846.0
1997-08-25;843.0
1997-08-25;844.0
1997-08-26;832.0
1997-08-26;838.0
1997-08-26;835.0
1997-08-26;835.0
1997-08-27;819.0
1997-08-27;824.0
1997-08-27;815.0
1997-08-27;819.0
1997-08-28;801.0
1997-08-28;798.0
1997-08-28;801.0
1997-08-28;805.0
1997-08-29;790.0
1997-08-29;787.0
1997-08-29;784.0
1997-08-29;787.0
1997-08-30;790.0
1997-08-30;786.0
1997-08-30;795.0
1997-08-30;790.0
1997-08-31;801.0
1997-08-31;801.0
1997-08-31;801.0
1997-08-31;802.0
1997-09-01;800.0
1997-09-01;797.0
1997-09-01;798.0
1997-09-01;798.0
1997-09-02;805.0
1997-09-02;800.0
1997-09-02;795.0
1997-09-02;800.0
1997-09-03;825.0
1997-09-03;820.0
1997-09-03;825.0
1997-09-03;830.0
1997-09-04;839.0
1997-09-04;838.0
1997-09-04;838.0
1997-09-04;838.0
1997-09-05;831.0
1997-09-05;828.0
1997-09-05;831.0
1997-09-05;834.0
1997-09-06;812.0
1997-09-06;812.0
1997-09-06;817.0
1997-09-06;807.0
1997-09-07;785.0
1997-09-07;789.0
1997-09-07;789.0
1997-09-07;794.0
1997-09-08;778.0
1997-09-08;780.0
1997-09-08;777.0
1997-09-08;778.0
1997-09-09;775.0
1997-09-09;775.0
1997-09-09;776.0
1997-09-09;775.0
1997-09-10;767.0
1997-09-10;771.0
1997-09-10;769.0
1997-09-10;769.0
1997-09-11;762.0
1997-09-11;759.0
1997-09-11;759.0
1997-09-11;756.0
1997-09-12;755.0
1997-09-12;753.0
1997-09-12;754.0
1997-09-12;754.0
1997-09-13;760.0
1997-09-13;760.0
1997-09-13;760.0
1997-09-13;761.0
1997-09-14;761.0
1997-09-14;762.0
1997-09-14;760.0
1997-09-14;761.0
1997-09-15;753.0
1997-09-15;756.0
1997-09-15;750.0
1997-09-15;753.0
1997-09-16;737.0
1997-09-16;740.0
1997-09-16;737.0
1997-09-16;735.0
1997-09-17;727.0
1997-09-17;722.0
1997-09-17;717.0
1997-09-17;722.0
1997-09-18;714.0
1997-09-18;713.0
1997-09-18;713.0
1997-09-18;713.0
1997-09-19;715.0
1997-09-19;714.0
1997-09-19;714.0
1997-09-19;714.0
1997-09-20;717.0
1997-09-20;716.0
1997-09-20;716.0
1997-09-20;716.0
1997-09-21;715.0
1997-09-21;716.0
1997-09-21;715.0
1997-09-21;715.0
1997-09-22;712.0
1997-09-22;712.0
1997-09-22;712.0
1997-09-22;712.0
1997-09-23;707.0
1997-09-23;707.0
1997-09-23;706.0
1997-09-23;708.0
1997-09-24;707.0
1997-09-24;706.0
1997-09-24;707.0
1997-09-24;708.0
1997-09-25;714.0
1997-09-25;712.0
1997-09-25;716.0
1997-09-25;714.0
1997-09-26;717.0
1997-09-26;717.0
1997-09-26;717.0
1997-09-26;718.0
1997-09-27;718.0
1997-09-27;718.0
1997-09-27;718.0
1997-09-27;719.0
1997-09-28;723.0
1997-09-28;723.0
1997-09-28;722.0
1997-09-28;725.0
1997-09-29;728.0
1997-09-29;726.0
1997-09-29;728.0
1997-09-29;731.0
1997-09-30;735.0
1997-09-30;734.0
1997-09-30;735.0
1997-09-30;736.0
1997-10-01;735.0
1997-10-01;735.0
1997-10-01;735.0
1997-10-01;736.0
1997-10-02;734.0
1997-10-02;733.0
1997-10-02;733.0
1997-10-02;733.0
1997-10-03;732.0
1997-10-03;732.0
1997-10-03;732.0
1997-10-03;732.0
1997-10-04;718.0
1997-10-04;715.0
1997-10-04;721.0
1997-10-04;718.0
1997-10-05;710.0
1997-10-05;708.0
1997-10-05;710.0
1997-10-05;712.0
1997-10-06;695.0
1997-10-06;699.0
1997-10-06;699.0
1997-10-06;704.0
1997-10-07;687.0
1997-10-07;693.0
1997-10-07;690.0
1997-10-07;690.0
1997-10-08;678.0
1997-10-08;675.0
1997-10-08;678.0
1997-10-08;681.0
1997-10-09;663.0
1997-10-09;663.0
1997-10-09;666.0
1997-10-09;661.0
1997-10-10;647.0
1997-10-10;647.0
1997-10-10;651.0
1997-10-10;644.0
1997-10-11;632.0
1997-10-11;638.0
1997-10-11;635.0
1997-10-11;635.0
1997-10-12;625.0
1997-10-12;622.0
1997-10-12;628.0
1997-10-12;625.0
1997-10-13;614.0
1997-10-13;616.0
1997-10-13;616.0
1997-10-13;619.0
1997-10-14;609.0
1997-10-14;607.0
1997-10-14;611.0
1997-10-14;609.0
1997-10-15;601.0
1997-10-15;603.0
1997-10-15;605.0
1997-10-15;603.0
1997-10-16;601.0
1997-10-16;602.0
1997-10-16;600.0
1997-10-16;601.0
1997-10-17;616.0
1997-10-17;623.0
1997-10-17;610.0
1997-10-17;616.0
1997-10-18;647.0
1997-10-18;653.0
1997-10-18;641.0
1997-10-18;647.0
1997-10-19;667.0
1997-10-19;671.0
1997-10-19;671.0
1997-10-19;675.0
1997-10-20;683.0
1997-10-20;685.0
1997-10-20;684.0
1997-10-20;684.0
1997-10-21;692.0
1997-10-21;691.0
1997-10-21;691.0
1997-10-21;691.0
1997-10-22;705.0
1997-10-22;696.0
1997-10-22;700.0
1997-10-22;700.0
1997-10-23;713.0
1997-10-23;709.0
1997-10-23;717.0
1997-10-23;713.0
1997-10-24;718.0
1997-10-24;719.0
1997-10-24;717.0
1997-10-24;718.0
1997-10-25;712.0
1997-10-25;710.0
1997-10-25;714.0
1997-10-25;712.0
1997-10-26;706.0
1997-10-26;707.0
1997-10-26;708.0
1997-10-26;707.0
1997-10-27;702.0
1997-10-27;704.0
1997-10-27;700.0
1997-10-27;702.0
1997-10-28;688.0
1997-10-28;684.0
1997-10-28;692.0
1997-10-28;688.0
1997-10-29;669.0
1997-10-29;674.0
1997-10-29;665.0
1997-10-29;669.0
1997-10-30;654.0
1997-10-30;658.0
1997-10-30;650.0
1997-10-30;654.0
1997-10-31;640.0
1997-10-31;641.0
1997-10-31;641.0
1997-10-31;642.0
1997-11-01;640.0
1997-11-01;641.0
1997-11-01;642.0
1997-11-01;641.0
1997-11-02;634.0
1997-11-02;635.0
1997-11-02;633.0
1997-11-02;634.0
1997-11-03;643.0
1997-11-03;642.0
1997-11-03;642.0
1997-11-03;642.0
1997-11-04;619.0
1997-11-04;628.0
1997-11-04;623.0
1997-11-04;623.0
1997-11-05;604.0
1997-11-05;608.0
1997-11-05;600.0
1997-11-05;604.0
1997-11-06;593.0
1997-11-06;593.0
1997-11-06;594.0
1997-11-06;593.0
1997-11-07;594.0
1997-11-07;594.0
1997-11-07;594.0
1997-11-07;595.0
1997-11-08;612.0
1997-11-08;604.0
1997-11-08;608.0
1997-11-08;608.0
1997-11-09;638.0
1997-11-09;648.0
1997-11-09;628.0
1997-11-09;638.0
1997-11-10;649.0
1997-11-10;649.0
1997-11-10;648.0
1997-11-10;650.0
1997-11-11;651.0
1997-11-11;651.0
1997-11-11;652.0
1997-11-11;651.0
1997-11-12;645.0
1997-11-12;645.0
1997-11-12;643.0
1997-11-12;647.0
1997-11-13;638.0
1997-11-13;638.0
1997-11-13;637.0
1997-11-13;640.0
1997-11-14;632.0
1997-11-14;632.0
1997-11-14;632.0
1997-11-14;632.0
1997-11-15;655.0
1997-11-15;662.0
1997-11-15;655.0
1997-11-15;649.0
1997-11-16;706.0
1997-11-16;700.0
1997-11-16;712.0
1997-11-16;706.0
1997-11-17;717.0
1997-11-17;718.0
1997-11-17;717.0
1997-11-17;717.0
1997-11-18;710.0
1997-11-18;709.0
1997-11-18;712.0
1997-11-18;710.0
1997-11-19;705.0
1997-11-19;706.0
1997-11-19;705.0
1997-11-19;705.0
1997-11-20;706.0
1997-11-20;706.0
1997-11-20;706.0
1997-11-20;706.0
1997-11-21;706.0
1997-11-21;707.0
1997-11-21;705.0
1997-11-21;706.0
1997-11-22;697.0
1997-11-22;697.0
1997-11-22;700.0
1997-11-22;694.0
1997-11-23;684.0
1997-11-23;684.0
1997-11-23;685.0
1997-11-23;684.0
1997-11-24;686.0
1997-11-24;693.0
1997-11-24;700.0
1997-11-24;693.0
1997-11-25;703.0
1997-11-25;706.0
1997-11-25;709.0
1997-11-25;706.0
1997-11-26;715.0
1997-11-26;715.0
1997-11-26;715.0
1997-11-26;716.0
1997-11-27;714.0
1997-11-27;715.0
1997-11-27;714.0
1997-11-27;714.0
1997-11-28;706.0
1997-11-28;705.0
1997-11-28;706.0
1997-11-28;708.0
1997-11-29;697.0
1997-11-29;696.0
1997-11-29;699.0
1997-11-29;697.0
1997-11-30;689.0
1997-11-30;691.0
1997-11-30;687.0
1997-11-30;689.0
1997-12-01;676.0
1997-12-01;676.0
1997-12-01;673.0
1997-12-01;680.0
1997-12-02;670.0
1997-12-02;670.0
1997-12-02;670.0
1997-12-02;670.0
1997-12-03;668.0
1997-12-03;667.0
1997-12-03;666.0
1997-12-03;667.0
1997-12-04;659.0
1997-12-04;662.0
1997-12-04;657.0
1997-12-04;659.0
1997-12-05;649.0
1997-12-05;648.0
1997-12-05;650.0
1997-12-05;649.0
1997-12-06;643.0
1997-12-06;644.0
1997-12-06;643.0
1997-12-06;643.0
1997-12-07;650.0
1997-12-07;645.0
1997-12-07;656.0
1997-12-07;650.0
1997-12-08;654.0
1997-12-08;656.0
1997-12-08;652.0
1997-12-08;654.0
1997-12-09;651.0
1997-12-09;651.0
1997-12-09;652.0
1997-12-09;651.0
1997-12-10;650.0
1997-12-10;650.0
1997-12-10;650.0
1997-12-10;650.0
1997-12-11;654.0
1997-12-11;650.0
1997-12-11;652.0
1997-12-11;652.0
1997-12-12;665.0
1997-12-12;660.0
1997-12-12;662.0
1997-12-12;662.0
1997-12-13;670.0
1997-12-13;670.0
1997-12-13;670.0
1997-12-13;671.0
1997-12-14;680.0
1997-12-14;680.0
1997-12-14;679.0
1997-12-14;682.0
1997-12-15;682.0
1997-12-15;682.0
1997-12-15;682.0
1997-12-15;682.0
1997-12-16;672.0
1997-12-16;669.0
1997-12-16;667.0
1997-12-16;669.0
1997-12-17;652.0
1997-12-17;648.0
1997-12-17;652.0
1997-12-17;657.0
1997-12-18;633.0
1997-12-18;633.0
1997-12-18;636.0
1997-12-18;630.0
1997-12-19;619.0
1997-12-19;614.0
1997-12-19;616.0
1997-12-19;616.0
1997-12-20;609.0
1997-12-20;608.0
1997-12-20;608.0
1997-12-20;607.0
1997-12-21;604.0
1997-12-21;605.0
1997-12-21;606.0
1997-12-21;605.0
1997-12-22;600.0
1997-12-22;601.0
1997-12-22;602.0
1997-12-22;601.0
1997-12-23;594.0
1997-12-23;596.0
1997-12-23;592.0
1997-12-23;594.0
1997-12-24;601.0
1997-12-24;592.0
1997-12-24;596.0
1997-12-24;596.0
1997-12-25;601.0
1997-12-25;599.0
1997-12-25;603.0
1997-12-25;601.0
1997-12-26;604.0
1997-12-26;599.0
1997-12-26;601.0
1997-12-26;601.0
1997-12-27;612.0
1997-12-27;610.0
1997-12-27;609.0
1997-12-27;610.0
1997-12-28;619.0
1997-12-28;618.0
1997-12-28;621.0
1997-12-28;619.0
1997-12-29;626.0
1997-12-29;627.0
1997-12-29;626.0
1997-12-29;626.0
1997-12-30;639.0
1997-12-30;642.0
1997-12-30;636.0
1997-12-30;639.0
1997-12-31;651.0
1997-12-31;653.0
1997-12-31;655.0
1997-12-31;653.0
1998-01-01;679.0
1998-01-01;691.0
1998-01-01;667.0
1998-01-01;679.0
1998-01-02;722.0
1998-01-02;727.0
1998-01-02;718.0
1998-01-02;722.0
1998-01-03;733.0
1998-01-03;732.0
1998-01-03;732.0
1998-01-03;732.0
1998-01-04;732.0
1998-01-04;731.0
1998-01-04;731.0
1998-01-04;731.0
1998-01-05;730.0
1998-01-05;730.0
1998-01-05;730.0
1998-01-05;730.0
1998-01-06;730.0
1998-01-06;727.0
1998-01-06;728.0
1998-01-06;728.0
1998-01-07;724.0
1998-01-07;721.0
1998-01-07;722.0
1998-01-07;722.0
1998-01-08;715.0
1998-01-08;713.0
1998-01-08;718.0
1998-01-08;715.0
1998-01-09;695.0
1998-01-09;699.0
1998-01-09;703.0
1998-01-09;699.0
1998-01-10;681.0
1998-01-10;676.0
1998-01-10;681.0
1998-01-10;686.0
1998-01-11;658.0
1998-01-11;646.0
1998-01-11;652.0
1998-01-11;652.0
1998-01-12;623.0
1998-01-12;616.0
1998-01-12;623.0
1998-01-12;630.0
1998-01-13;585.0
1998-01-13;599.0
1998-01-13;592.0
1998-01-13;592.0
1998-01-14;565.0
1998-01-14;567.0
1998-01-14;567.0
1998-01-14;570.0
1998-01-15;554.0
1998-01-15;549.0
1998-01-15;551.0
1998-01-15;551.0
1998-01-16;538.0
1998-01-16;542.0
1998-01-16;534.0
1998-01-16;538.0
1998-01-17;528.0
1998-01-17;526.0
1998-01-17;526.0
1998-01-17;525.0
1998-01-18;520.0
1998-01-18;522.0
1998-01-18;518.0
1998-01-18;520.0
1998-01-19;516.0
1998-01-19;517.0
1998-01-19;516.0
1998-01-19;516.0
1998-01-20;513.0
1998-01-20;511.0
1998-01-20;510.0
1998-01-20;511.0
1998-01-21;503.0
1998-01-21;504.0
1998-01-21;503.0
1998-01-21;502.0
1998-01-22;493.0
1998-01-22;494.0
1998-01-22;492.0
1998-01-22;493.0
1998-01-23;490.0
1998-01-23;488.0
1998-01-23;489.0
1998-01-23;489.0
1998-01-24;484.0
1998-01-24;486.0
1998-01-24;485.0
1998-01-24;485.0
1998-01-25;486.0
1998-01-25;486.0
1998-01-25;484.0
1998-01-25;489.0
1998-01-26;493.0
1998-01-26;495.0
1998-01-26;494.0
1998-01-26;494.0
1998-01-27;495.0
1998-01-27;495.0
1998-01-27;495.0
1998-01-27;495.0
1998-01-28;494.0
1998-01-28;493.0
1998-01-28;495.0
1998-01-28;494.0
1998-01-29;489.0
1998-01-29;490.0
1998-01-29;489.0
1998-01-29;489.0
1998-01-30;482.0
1998-01-30;480.0
1998-01-30;485.0
1998-01-30;482.0
1998-01-31;476.0
1998-01-31;475.0
1998-01-31;474.0
1998-01-31;475.0
1998-02-01;471.0
1998-02-01;470.0
1998-02-01;472.0
1998-02-01;471.0
1998-02-02;462.0
1998-02-02;464.0
1998-02-02;464.0
1998-02-02;466.0
1998-02-03;455.0
1998-02-03;455.0
1998-02-03;457.0
1998-02-03;454.0
1998-02-04;450.0
1998-02-04;450.0
1998-02-04;450.0
1998-02-04;450.0
1998-02-05;445.0
1998-02-05;444.0
1998-02-05;447.0
1998-02-05;445.0
1998-02-06;452.0
1998-02-06;458.0
1998-02-06;452.0
1998-02-06;446.0
1998-02-07;474.0
1998-02-07;474.0
1998-02-07;478.0
1998-02-07;471.0
1998-02-08;483.0
1998-02-08;483.0
1998-02-08;483.0
1998-02-08;483.0
1998-02-09;484.0
1998-02-09;483.0
1998-02-09;483.0
1998-02-09;483.0
1998-02-10;480.0
1998-02-10;480.0
1998-02-10;480.0
1998-02-10;480.0
1998-02-11;476.0
1998-02-11;476.0
1998-02-11;478.0
1998-02-11;475.0
1998-02-12;471.0
1998-02-12;471.0
1998-02-12;472.0
1998-02-12;471.0
1998-02-13;507.0
1998-02-13;491.0
1998-02-13;491.0
1998-02-13;475.0
1998-02-14;541.0
1998-02-14;547.0
1998-02-14;541.0
1998-02-14;535.0
1998-02-15;602.0
1998-02-15;602.0
1998-02-15;587.0
1998-02-15;617.0
1998-02-16;682.0
1998-02-16;701.0
1998-02-16;691.0
1998-02-16;691.0
1998-02-17;735.0
1998-02-17;725.0
1998-02-17;745.0
1998-02-17;735.0
1998-02-18;771.0
1998-02-18;777.0
1998-02-18;771.0
1998-02-18;765.0
1998-02-19;783.0
1998-02-19;784.0
1998-02-19;783.0
1998-02-19;783.0
1998-02-20;778.0
1998-02-20;762.0
1998-02-20;770.0
1998-02-20;770.0
1998-02-21;747.0
1998-02-21;740.0
1998-02-21;754.0
1998-02-21;747.0
1998-02-22;718.0
1998-02-22;724.0
1998-02-22;718.0
1998-02-22;712.0
1998-02-23;700.0
1998-02-23;700.0
1998-02-23;698.0
1998-02-23;703.0
1998-02-24;687.0
1998-02-24;687.0
1998-02-24;684.0
1998-02-24;690.0
1998-02-25;671.0
1998-02-25;671.0
1998-02-25;676.0
1998-02-25;667.0
1998-02-26;651.0
1998-02-26;651.0
1998-02-26;656.0
1998-02-26;647.0
1998-02-27;635.0
1998-02-27;630.0
1998-02-27;630.0
1998-02-27;625.0
1998-02-28;618.0
1998-02-28;614.0
1998-02-28;616.0
1998-02-28;616.0
1998-03-01;602.0
1998-03-01;601.0
1998-03-01;604.0
1998-03-01;602.0
1998-03-02;598.0
1998-03-02;598.0
1998-03-02;598.0
1998-03-02;598.0
1998-03-03;599.0
1998-03-03;600.0
1998-03-03;599.0
1998-03-03;599.0
1998-03-04;598.0
1998-03-04;598.0
1998-03-04;599.0
1998-03-04;598.0
1998-03-05;608.0
1998-03-05;608.0
1998-03-05;606.0
1998-03-05;611.0
1998-03-06;621.0
1998-03-06;624.0
1998-03-06;618.0
1998-03-06;621.0
1998-03-07;627.0
1998-03-07;629.0
1998-03-07;626.0
1998-03-07;627.0
1998-03-08;640.0
1998-03-08;637.0
1998-03-08;643.0
1998-03-08;640.0
1998-03-09;644.0
1998-03-09;644.0
1998-03-09;644.0
1998-03-09;644.0
1998-03-10;644.0
1998-03-10;644.0
1998-03-10;644.0
1998-03-10;644.0
1998-03-11;646.0
1998-03-11;646.0
1998-03-11;646.0
1998-03-11;646.0
1998-03-12;647.0
1998-03-12;647.0
1998-03-12;647.0
1998-03-12;647.0
1998-03-13;645.0
1998-03-13;646.0
1998-03-13;644.0
1998-03-13;645.0
1998-03-14;647.0
1998-03-14;645.0
1998-03-14;646.0
1998-03-14;646.0
1998-03-15;646.0
1998-03-15;646.0
1998-03-15;647.0
1998-03-15;646.0
1998-03-16;645.0
1998-03-16;639.0
1998-03-16;639.0
1998-03-16;633.0
1998-03-17;620.0
1998-03-17;620.0
1998-03-17;616.0
1998-03-17;624.0
1998-03-18;603.0
1998-03-18;600.0
1998-03-18;606.0
1998-03-18;603.0
1998-03-19;591.0
1998-03-19;590.0
1998-03-19;593.0
1998-03-19;591.0
1998-03-20;594.0
1998-03-20;591.0
1998-03-20;598.0
1998-03-20;594.0
1998-03-21;600.0
1998-03-21;602.0
1998-03-21;602.0
1998-03-21;604.0
1998-03-22;606.0
1998-03-22;606.0
1998-03-22;606.0
1998-03-22;606.0
1998-03-23;603.0
1998-03-23;604.0
1998-03-23;602.0
1998-03-23;603.0
1998-03-24;594.0
1998-03-24;596.0
1998-03-24;596.0
1998-03-24;598.0
1998-03-25;594.0
1998-03-25;596.0
1998-03-25;593.0
1998-03-25;594.0
1998-03-26;601.0
1998-03-26;600.0
1998-03-26;600.0
1998-03-26;599.0
1998-03-27;602.0
1998-03-27;603.0
1998-03-27;601.0
1998-03-27;602.0
1998-03-28;598.0
1998-03-28;599.0
1998-03-28;598.0
1998-03-28;598.0
1998-03-29;600.0
1998-03-29;600.0
1998-03-29;601.0
1998-03-29;599.0
1998-03-30;606.0
1998-03-30;605.0
1998-03-30;605.0
1998-03-30;604.0
1998-03-31;631.0
1998-03-31;622.0
1998-03-31;640.0
1998-03-31;631.0
1998-04-01;656.0
1998-04-01;662.0
1998-04-01;650.0
1998-04-01;656.0
1998-04-02;657.0
1998-04-02;657.0
1998-04-02;654.0
1998-04-02;661.0
1998-04-03;648.0
1998-04-03;647.0
1998-04-03;648.0
1998-04-03;650.0
1998-04-04;654.0
1998-04-04;672.0
1998-04-04;663.0
1998-04-04;663.0
1998-04-05;696.0
1998-04-05;701.0
1998-04-05;692.0
1998-04-05;696.0
1998-04-06;701.0
1998-04-06;701.0
1998-04-06;701.0
1998-04-06;701.0
1998-04-07;692.0
1998-04-07;689.0
1998-04-07;692.0
1998-04-07;695.0
1998-04-08;672.0
1998-04-08;682.0
1998-04-08;677.0
1998-04-08;677.0
1998-04-09;668.0
1998-04-09;668.0
1998-04-09;668.0
1998-04-09;668.0
1998-04-10;675.0
1998-04-10;674.0
1998-04-10;677.0
1998-04-10;675.0
1998-04-11;679.0
1998-04-11;679.0
1998-04-11;679.0
1998-04-11;679.0
1998-04-12;679.0
1998-04-12;680.0
1998-04-12;678.0
1998-04-12;679.0
1998-04-13;676.0
1998-04-13;676.0
1998-04-13;677.0
1998-04-13;676.0
1998-04-14;692.0
1998-04-14;684.0
1998-04-14;692.0
1998-04-14;700.0
1998-04-15;742.0
1998-04-15;751.0
1998-04-15;734.0
1998-04-15;742.0
1998-04-16;769.0
1998-04-16;772.0
1998-04-16;767.0
1998-04-16;769.0
1998-04-17;782.0
1998-04-17;782.0
1998-04-17;782.0
1998-04-17;782.0
1998-04-18;779.0
1998-04-18;779.0
1998-04-18;779.0
1998-04-18;779.0
1998-04-19;782.0
1998-04-19;781.0
1998-04-19;780.0
1998-04-19;781.0
1998-04-20;791.0
1998-04-20;796.0
1998-04-20;786.0
1998-04-20;791.0
1998-04-21;829.0
1998-04-21;845.0
1998-04-21;845.0
1998-04-21;862.0
1998-04-22;896.0
1998-04-22;892.0
1998-04-22;892.0
1998-04-22;888.0
1998-04-23;898.0
1998-04-23;898.0
1998-04-23;898.0
1998-04-23;898.0
1998-04-24;905.0
1998-04-24;905.0
1998-04-24;912.0
1998-04-24;899.0
1998-04-25;933.0
1998-04-25;941.0
1998-04-25;949.0
1998-04-25;941.0
1998-04-26;981.0
1998-04-26;988.0
1998-04-26;974.0
1998-04-26;981.0
1998-04-27;1012.0
1998-04-27;1026.0
1998-04-27;1019.0
1998-04-27;1019.0
1998-04-28;1042.0
1998-04-28;1037.0
1998-04-28;1039.0
1998-04-28;1039.0
1998-04-29;1046.0
1998-04-29;1046.0
1998-04-29;1046.0
1998-04-29;1047.0
1998-04-30;1038.0
1998-04-30;1042.0
1998-04-30;1035.0
1998-04-30;1038.0
1998-05-01;1039.0
1998-05-01;1037.0
1998-05-01;1039.0
1998-05-01;1042.0
1998-05-02;1029.0
1998-05-02;1029.0
1998-05-02;1031.0
1998-05-02;1028.0
1998-05-03;1008.0
1998-05-03;1004.0
1998-05-03;1012.0
1998-05-03;1008.0
1998-05-04;989.0
1998-05-04;986.0
1998-05-04;993.0
1998-05-04;989.0
1998-05-05;977.0
1998-05-05;971.0
1998-05-05;974.0
1998-05-05;974.0
1998-05-06;1028.0
1998-05-06;998.0
1998-05-06;1013.0
1998-05-06;1013.0
1998-05-07;1060.0
1998-05-07;1052.0
1998-05-07;1068.0
1998-05-07;1060.0
1998-05-08;1081.0
1998-05-08;1079.0
1998-05-08;1080.0
1998-05-08;1080.0
1998-05-09;1075.0
1998-05-09;1079.0
1998-05-09;1071.0
1998-05-09;1075.0
1998-05-10;1056.0
1998-05-10;1044.0
1998-05-10;1050.0
1998-05-10;1050.0
1998-05-11;1034.0
1998-05-11;1037.0
1998-05-11;1040.0
1998-05-11;1037.0
1998-05-12;1031.0
1998-05-12;1032.0
1998-05-12;1031.0
1998-05-12;1031.0
1998-05-13;1048.0
1998-05-13;1040.0
1998-05-13;1044.0
1998-05-13;1044.0
1998-05-14;1067.0
1998-05-14;1062.0
1998-05-14;1072.0
1998-05-14;1067.0
1998-05-15;1081.0
1998-05-15;1083.0
1998-05-15;1080.0
1998-05-15;1081.0
1998-05-16;1087.0
1998-05-16;1086.0
1998-05-16;1086.0
1998-05-16;1086.0
1998-05-17;1080.0
1998-05-17;1082.0
1998-05-17;1082.0
1998-05-17;1084.0
1998-05-18;1073.0
1998-05-18;1073.0
1998-05-18;1075.0
1998-05-18;1072.0
1998-05-19;1064.0
1998-05-19;1062.0
1998-05-19;1064.0
1998-05-19;1067.0
1998-05-20;1052.0
1998-05-20;1055.0
1998-05-20;1050.0
1998-05-20;1052.0
1998-05-21;1031.0
1998-05-21;1035.0
1998-05-21;1040.0
1998-05-21;1035.0
1998-05-22;1012.0
1998-05-22;1006.0
1998-05-22;1012.0
1998-05-22;1018.0
1998-05-23;994.0
1998-05-23;982.0
1998-05-23;988.0
1998-05-23;988.0
1998-05-24;973.0
1998-05-24;975.0
1998-05-24;972.0
1998-05-24;973.0
1998-05-25;967.0
1998-05-25;965.0
1998-05-25;970.0
1998-05-25;967.0
1998-05-26;960.0
1998-05-26;953.0
1998-05-26;956.0
1998-05-26;956.0
1998-05-27;940.0
1998-05-27;937.0
1998-05-27;944.0
1998-05-27;940.0
1998-05-28;924.0
1998-05-28;921.0
1998-05-28;924.0
1998-05-28;927.0
1998-05-29;915.0
1998-05-29;916.0
1998-05-29;915.0
1998-05-29;914.0
1998-05-30;911.0
1998-05-30;910.0
1998-05-30;911.0
1998-05-30;912.0
1998-05-31;907.0
1998-05-31;908.0
1998-05-31;907.0
1998-05-31;907.0
1998-06-01;903.0
1998-06-01;906.0
1998-06-01;903.0
1998-06-01;901.0
1998-06-02;902.0
1998-06-02;903.0
1998-06-02;902.0
1998-06-02;902.0
1998-06-03;922.0
1998-06-03;918.0
1998-06-03;914.0
1998-06-03;918.0
1998-06-04;941.0
1998-06-04;945.0
1998-06-04;937.0
1998-06-04;941.0
1998-06-05;963.0
1998-06-05;959.0
1998-06-05;963.0
1998-06-05;967.0
1998-06-06;976.0
1998-06-06;976.0
1998-06-06;977.0
1998-06-06;975.0
1998-06-07;979.0
1998-06-07;979.0
1998-06-07;979.0
1998-06-07;979.0
1998-06-08;979.0
1998-06-08;979.0
1998-06-08;979.0
1998-06-08;980.0
1998-06-09;995.0
1998-06-09;990.0
1998-06-09;986.0
1998-06-09;990.0
1998-06-10;1038.0
1998-06-10;1041.0
1998-06-10;1041.0
1998-06-10;1045.0
1998-06-11;1048.0
1998-06-11;1048.0
1998-06-11;1048.0
1998-06-11;1048.0
1998-06-12;1049.0
1998-06-12;1049.0
1998-06-12;1049.0
1998-06-12;1049.0
1998-06-13;1049.0
1998-06-13;1055.0
1998-06-13;1052.0
1998-06-13;1052.0
1998-06-14;1064.0
1998-06-14;1064.0
1998-06-14;1063.0
1998-06-14;1066.0
1998-06-15;1067.0
1998-06-15;1065.0
1998-06-15;1064.0
1998-06-15;1065.0
1998-06-16;1054.0
1998-06-16;1057.0
1998-06-16;1054.0
1998-06-16;1052.0
1998-06-17;1054.0
1998-06-17;1052.0
1998-06-17;1052.0
1998-06-17;1050.0
1998-06-18;1056.0
1998-06-18;1052.0
1998-06-18;1061.0
1998-06-18;1056.0
1998-06-19;1065.0
1998-06-19;1065.0
1998-06-19;1071.0
1998-06-19;1060.0
1998-06-20;1080.0
1998-06-20;1080.0
1998-06-20;1080.0
1998-06-20;1080.0
1998-06-21;1071.0
1998-06-21;1076.0
1998-06-21;1073.0
1998-06-21;1073.0
1998-06-22;1063.0
1998-06-22;1061.0
1998-06-22;1066.0
1998-06-22;1063.0
1998-06-23;1053.0
1998-06-23;1053.0
1998-06-23;1055.0
1998-06-23;1051.0
1998-06-24;1052.0
1998-06-24;1053.0
1998-06-24;1052.0
1998-06-24;1052.0
1998-06-25;1056.0
1998-06-25;1056.0
1998-06-25;1057.0
1998-06-25;1056.0
1998-06-26;1054.0
1998-06-26;1056.0
1998-06-26;1055.0
1998-06-26;1055.0
1998-06-27;1057.0
1998-06-27;1056.0
1998-06-27;1056.0
1998-06-27;1056.0
1998-06-28;1064.0
1998-06-28;1064.0
1998-06-28;1066.0
1998-06-28;1062.0
1998-06-29;1070.0
1998-06-29;1070.0
1998-06-29;1071.0
1998-06-29;1070.0
1998-06-30;1070.0
1998-06-30;1070.0
1998-06-30;1070.0
1998-06-30;1071.0
1998-07-01;1062.0
1998-07-01;1060.0
1998-07-01;1065.0
1998-07-01;1062.0
1998-07-02;1050.0
1998-07-02;1050.0
1998-07-02;1046.0
1998-07-02;1054.0
1998-07-03;1034.0
1998-07-03;1035.0
1998-07-03;1036.0
1998-07-03;1035.0
1998-07-04;1024.0
1998-07-04;1026.0
1998-07-04;1022.0
1998-07-04;1024.0
1998-07-05;1015.0
1998-07-05;1016.0
1998-07-05;1015.0
1998-07-05;1014.0
1998-07-06;1009.0
1998-07-06;1008.0
1998-07-06;1010.0
1998-07-06;1009.0
1998-07-07;1005.0
1998-07-07;1005.0
1998-07-07;1004.0
1998-07-07;1007.0
1998-07-08;998.0
1998-07-08;1000.0
1998-07-08;996.0
1998-07-08;998.0
1998-07-09;996.0
1998-07-09;995.0
1998-07-09;996.0
1998-07-09;998.0
1998-07-10;997.0
1998-07-10;997.0
1998-07-10;998.0
1998-07-10;997.0
1998-07-11;997.0
1998-07-11;997.0
1998-07-11;998.0
1998-07-11;996.0
1998-07-12;1018.0
1998-07-12;1024.0
1998-07-12;1018.0
1998-07-12;1012.0
1998-07-13;1039.0
1998-07-13;1042.0
1998-07-13;1036.0
1998-07-13;1039.0
1998-07-14;1050.0
1998-07-14;1050.0
1998-07-14;1050.0
1998-07-14;1050.0
1998-07-15;1050.0
1998-07-15;1050.0
1998-07-15;1050.0
1998-07-15;1050.0
1998-07-16;1050.0
1998-07-16;1056.0
1998-07-16;1053.0
1998-07-16;1053.0
1998-07-17;1056.0
1998-07-17;1059.0
1998-07-17;1056.0
1998-07-17;1054.0
1998-07-18;1062.0
1998-07-18;1059.0
1998-07-18;1059.0
1998-07-18;1056.0
1998-07-19;1060.0
1998-07-19;1061.0
1998-07-19;1060.0
1998-07-19;1060.0
1998-07-20;1057.0
1998-07-20;1050.0
1998-07-20;1057.0
1998-07-20;1064.0
1998-07-21;1056.0
1998-07-21;1051.0
1998-07-21;1046.0
1998-07-21;1051.0
1998-07-22;1038.0
1998-07-22;1038.0
1998-07-22;1040.0
1998-07-22;1036.0
1998-07-23;1022.0
1998-07-23;1020.0
1998-07-23;1024.0
1998-07-23;1022.0
1998-07-24;1012.0
1998-07-24;1014.0
1998-07-24;1010.0
1998-07-24;1012.0
1998-07-25;1005.0
1998-07-25;1003.0
1998-07-25;1003.0
1998-07-25;1002.0
1998-07-26;999.0
1998-07-26;999.0
1998-07-26;1000.0
1998-07-26;999.0
1998-07-27;997.0
1998-07-27;997.0
1998-07-27;998.0
1998-07-27;997.0
1998-07-28;988.0
1998-07-28;992.0
1998-07-28;988.0
1998-07-28;984.0
1998-07-29;974.0
1998-07-29;970.0
1998-07-29;972.0
1998-07-29;972.0
1998-07-30;975.0
1998-07-30;973.0
1998-07-30;978.0
1998-07-30;975.0
1998-07-31;978.0
1998-07-31;980.0
1998-07-31;978.0
1998-07-31;977.0
1998-08-01;971.0
1998-08-01;970.0
1998-08-01;973.0
1998-08-01;971.0
1998-08-02;965.0
1998-08-02;967.0
1998-08-02;964.0
1998-08-02;965.0
1998-08-03;959.0
1998-08-03;958.0
1998-08-03;960.0
1998-08-03;959.0
1998-08-04;957.0
1998-08-04;957.0
1998-08-04;957.0
1998-08-04;957.0
1998-08-05;956.0
1998-08-05;957.0
1998-08-05;956.0
1998-08-05;956.0
1998-08-06;959.0
1998-08-06;962.0
1998-08-06;956.0
1998-08-06;959.0
1998-08-07;981.0
1998-08-07;977.0
1998-08-07;977.0
1998-08-07;974.0
1998-08-08;984.0
1998-08-08;983.0
1998-08-08;986.0
1998-08-08;984.0
1998-08-09;980.0
1998-08-09;973.0
1998-08-09;976.0
1998-08-09;976.0
1998-08-10;955.0
1998-08-10;950.0
1998-08-10;961.0
1998-08-10;955.0
1998-08-11;935.0
1998-08-11;930.0
1998-08-11;940.0
1998-08-11;935.0
1998-08-12;920.0
1998-08-12;918.0
1998-08-12;919.0
1998-08-12;919.0
1998-08-13;920.0
1998-08-13;921.0
1998-08-13;923.0
1998-08-13;921.0
1998-08-14;926.0
1998-08-14;926.0
1998-08-14;926.0
1998-08-14;926.0
1998-08-15;920.0
1998-08-15;920.0
1998-08-15;922.0
1998-08-15;918.0
1998-08-16;918.0
1998-08-16;912.0
1998-08-16;915.0
1998-08-16;915.0
1998-08-17;923.0
1998-08-17;930.0
1998-08-17;926.0
1998-08-17;926.0
1998-08-18;920.0
1998-08-18;917.0
1998-08-18;923.0
1998-08-18;920.0
1998-08-19;895.0
1998-08-19;900.0
1998-08-19;900.0
1998-08-19;906.0
1998-08-20;875.0
1998-08-20;871.0
1998-08-20;880.0
1998-08-20;875.0
1998-08-21;855.0
1998-08-21;852.0
1998-08-21;858.0
1998-08-21;855.0
1998-08-22;838.0
1998-08-22;843.0
1998-08-22;840.0
1998-08-22;840.0
1998-08-23;832.0
1998-08-23;832.0
1998-08-23;832.0
1998-08-23;832.0
1998-08-24;833.0
1998-08-24;833.0
1998-08-24;832.0
1998-08-24;834.0
1998-08-25;824.0
1998-08-25;822.0
1998-08-25;824.0
1998-08-25;826.0
1998-08-26;812.0
1998-08-26;815.0
1998-08-26;812.0
1998-08-26;809.0
1998-08-27;798.0
1998-08-27;795.0
1998-08-27;801.0
1998-08-27;798.0
1998-08-28;797.0
1998-08-28;798.0
1998-08-28;797.0
1998-08-28;796.0
1998-08-29;816.0
1998-08-29;806.0
1998-08-29;811.0
1998-08-29;811.0
1998-08-30;829.0
1998-08-30;832.0
1998-08-30;826.0
1998-08-30;829.0
1998-08-31;840.0
1998-08-31;846.0
1998-08-31;843.0
1998-08-31;843.0
1998-09-01;849.0
1998-09-01;849.0
1998-09-01;850.0
1998-09-01;849.0
1998-09-02;838.0
1998-09-02;848.0
1998-09-02;828.0
1998-09-02;838.0
1998-09-03;810.0
1998-09-03;805.0
1998-09-03;815.0
1998-09-03;810.0
1998-09-04;792.0
1998-09-04;794.0
1998-09-04;791.0
1998-09-04;792.0
1998-09-05;815.0
1998-09-05;815.0
1998-09-05;826.0
1998-09-05;804.0
1998-09-06;853.0
1998-09-06;859.0
1998-09-06;866.0
1998-09-06;859.0
1998-09-07;881.0
1998-09-07;878.0
1998-09-07;876.0
1998-09-07;878.0
1998-09-08;902.0
1998-09-08;908.0
1998-09-08;896.0
1998-09-08;902.0
1998-09-09;930.0
1998-09-09;926.0
1998-09-09;930.0
1998-09-09;934.0
1998-09-10;938.0
1998-09-10;938.0
1998-09-10;938.0
1998-09-10;938.0
1998-09-11;933.0
1998-09-11;933.0
1998-09-11;936.0
1998-09-11;930.0
1998-09-12;924.0
1998-09-12;919.0
1998-09-12;921.0
1998-09-12;921.0
1998-09-13;906.0
1998-09-13;910.0
1998-09-13;903.0
1998-09-13;906.0
1998-09-14;888.0
1998-09-14;884.0
1998-09-14;892.0
1998-09-14;888.0
1998-09-15;867.0
1998-09-15;871.0
1998-09-15;871.0
1998-09-15;876.0
1998-09-16;857.0
1998-09-16;855.0
1998-09-16;860.0
1998-09-16;857.0
1998-09-17;851.0
1998-09-17;851.0
1998-09-17;850.0
1998-09-17;852.0
1998-09-18;848.0
1998-09-18;846.0
1998-09-18;847.0
1998-09-18;847.0
1998-09-19;838.0
1998-09-19;840.0
1998-09-19;836.0
1998-09-19;838.0
1998-09-20;830.0
1998-09-20;832.0
1998-09-20;831.0
1998-09-20;831.0
1998-09-21;829.0
1998-09-21;829.0
1998-09-21;828.0
1998-09-21;830.0
1998-09-22;824.0
1998-09-22;818.0
1998-09-22;821.0
1998-09-22;821.0
1998-09-23;806.0
1998-09-23;808.0
1998-09-23;808.0
1998-09-23;810.0
1998-09-24;793.0
1998-09-24;797.0
1998-09-24;789.0
1998-09-24;793.0
1998-09-25;778.0
1998-09-25;784.0
1998-09-25;781.0
1998-09-25;781.0
1998-09-26;792.0
1998-09-26;791.0
1998-09-26;794.0
1998-09-26;792.0
1998-09-27;796.0
1998-09-27;796.0
1998-09-27;797.0
1998-09-27;796.0
1998-09-28;798.0
1998-09-28;796.0
1998-09-28;794.0
1998-09-28;796.0
1998-09-29;787.0
1998-09-29;782.0
1998-09-29;782.0
1998-09-29;778.0
1998-09-30;768.0
1998-09-30;754.0
1998-09-30;761.0
1998-09-30;761.0
1998-10-01;752.0
1998-10-01;756.0
1998-10-01;752.0
1998-10-01;748.0
1998-10-02;768.0
1998-10-02;768.0
1998-10-02;768.0
1998-10-02;769.0
1998-10-03;780.0
1998-10-03;789.0
1998-10-03;771.0
1998-10-03;780.0
1998-10-04;801.0
1998-10-04;801.0
1998-10-04;801.0
1998-10-04;801.0
1998-10-05;803.0
1998-10-05;804.0
1998-10-05;803.0
1998-10-05;803.0
1998-10-06;803.0
1998-10-06;802.0
1998-10-06;805.0
1998-10-06;803.0
1998-10-07;802.0
1998-10-07;806.0
1998-10-07;804.0
1998-10-07;804.0
1998-10-08;800.0
1998-10-08;804.0
1998-10-08;796.0
1998-10-08;800.0
1998-10-09;778.0
1998-10-09;782.0
1998-10-09;786.0
1998-10-09;782.0
1998-10-10;774.0
1998-10-10;774.0
1998-10-10;776.0
1998-10-10;772.0
1998-10-11;769.0
1998-10-11;772.0
1998-10-11;769.0
1998-10-11;766.0
1998-10-12;762.0
1998-10-12;756.0
1998-10-12;759.0
1998-10-12;759.0
1998-10-13;745.0
1998-10-13;747.0
1998-10-13;743.0
1998-10-13;745.0
1998-10-14;726.0
1998-10-14;732.0
1998-10-14;726.0
1998-10-14;721.0
1998-10-15;708.0
1998-10-15;708.0
1998-10-15;714.0
1998-10-15;702.0
1998-10-16;686.0
1998-10-16;690.0
1998-10-16;690.0
1998-10-16;694.0
1998-10-17;670.0
1998-10-17;673.0
1998-10-17;668.0
1998-10-17;670.0
1998-10-18;659.0
1998-10-18;657.0
1998-10-18;662.0
1998-10-18;659.0
1998-10-19;652.0
1998-10-19;650.0
1998-10-19;652.0
1998-10-19;654.0
1998-10-20;643.0
1998-10-20;644.0
1998-10-20;645.0
1998-10-20;644.0
1998-10-21;640.0
1998-10-21;640.0
1998-10-21;640.0
1998-10-21;640.0
1998-10-22;641.0
1998-10-22;641.0
1998-10-22;641.0
1998-10-22;641.0
1998-10-23;641.0
1998-10-23;641.0
1998-10-23;642.0
1998-10-23;641.0
1998-10-24;639.0
1998-10-24;639.0
1998-10-24;639.0
1998-10-24;640.0
1998-10-25;641.0
1998-10-25;640.0
1998-10-25;643.0
1998-10-25;641.0
1998-10-26;660.0
1998-10-26;669.0
1998-10-26;678.0
1998-10-26;669.0
1998-10-27;716.0
1998-10-27;709.0
1998-10-27;709.0
1998-10-27;703.0
1998-10-28;732.0
1998-10-28;732.0
1998-10-28;729.0
1998-10-28;736.0
1998-10-29;746.0
1998-10-29;750.0
1998-10-29;750.0
1998-10-29;754.0
1998-10-30;767.0
1998-10-30;770.0
1998-10-30;764.0
1998-10-30;767.0
1998-10-31;788.0
1998-10-31;784.0
1998-10-31;784.0
1998-10-31;780.0
1998-11-01;804.0
1998-11-01;804.0
1998-11-01;801.0
1998-11-01;807.0
1998-11-02;812.0
1998-11-02;812.0
1998-11-02;812.0
1998-11-02;812.0
1998-11-03;810.0
1998-11-03;808.0
1998-11-03;807.0
1998-11-03;808.0
1998-11-04;802.0
1998-11-04;802.0
1998-11-04;802.0
1998-11-04;803.0
1998-11-05;802.0
1998-11-05;800.0
1998-11-05;799.0
1998-11-05;800.0
1998-11-06;793.0
1998-11-06;791.0
1998-11-06;796.0
1998-11-06;793.0
1998-11-07;792.0
1998-11-07;792.0
1998-11-07;792.0
1998-11-07;792.0
1998-11-08;783.0
1998-11-08;779.0
1998-11-08;787.0
1998-11-08;783.0
1998-11-09;764.0
1998-11-09;767.0
1998-11-09;761.0
1998-11-09;764.0
1998-11-10;751.0
1998-11-10;747.0
1998-11-10;747.0
1998-11-10;744.0
1998-11-11;737.0
1998-11-11;730.0
1998-11-11;733.0
1998-11-11;733.0
1998-11-12;720.0
1998-11-12;724.0
1998-11-12;722.0
1998-11-12;722.0
1998-11-13;716.0
1998-11-13;716.0
1998-11-13;716.0
1998-11-13;717.0
1998-11-14;720.0
1998-11-14;724.0
1998-11-14;722.0
1998-11-14;722.0
1998-11-15;723.0
1998-11-15;724.0
1998-11-15;725.0
1998-11-15;724.0
1998-11-16;717.0
1998-11-16;717.0
1998-11-16;716.0
1998-11-16;719.0
1998-11-17;709.0
1998-11-17;710.0
1998-11-17;708.0
1998-11-17;709.0
1998-11-18;706.0
1998-11-18;706.0
1998-11-18;706.0
1998-11-18;706.0
1998-11-19;708.0
1998-11-19;707.0
1998-11-19;707.0
1998-11-19;706.0
1998-11-20;709.0
1998-11-20;708.0
1998-11-20;710.0
1998-11-20;709.0
1998-11-21;714.0
1998-11-21;716.0
1998-11-21;716.0
1998-11-21;718.0
1998-11-22;734.0
1998-11-22;729.0
1998-11-22;734.0
1998-11-22;739.0
1998-11-23;751.0
1998-11-23;749.0
1998-11-23;751.0
1998-11-23;754.0
1998-11-24;756.0
1998-11-24;755.0
1998-11-24;754.0
1998-11-24;755.0
1998-11-25;746.0
1998-11-25;749.0
1998-11-25;744.0
1998-11-25;746.0
1998-11-26;733.0
1998-11-26;736.0
1998-11-26;736.0
1998-11-26;739.0
1998-11-27;726.0
1998-11-27;726.0
1998-11-27;728.0
1998-11-27;724.0
1998-11-28;714.0
1998-11-28;716.0
1998-11-28;716.0
1998-11-28;718.0
1998-11-29;707.0
1998-11-29;705.0
1998-11-29;707.0
1998-11-29;710.0
1998-11-30;696.0
1998-11-30;696.0
1998-11-30;695.0
1998-11-30;698.0
1998-12-01;684.0
1998-12-01;688.0
1998-12-01;681.0
1998-12-01;684.0
1998-12-02;670.0
1998-12-02;675.0
1998-12-02;665.0
1998-12-02;670.0
1998-12-03;656.0
1998-12-03;650.0
1998-12-03;653.0
1998-12-03;653.0
1998-12-04;642.0
1998-12-04;643.0
1998-12-04;643.0
1998-12-04;644.0
1998-12-05;649.0
1998-12-05;649.0
1998-12-05;653.0
1998-12-05;645.0
1998-12-06;672.0
1998-12-06;665.0
1998-12-06;668.0
1998-12-06;668.0
1998-12-07;675.0
1998-12-07;675.0
1998-12-07;675.0
1998-12-07;676.0
1998-12-08;667.0
1998-12-08;671.0
1998-12-08;664.0
1998-12-08;667.0
1998-12-09;654.0
1998-12-09;647.0
1998-12-09;650.0
1998-12-09;650.0
1998-12-10;633.0
1998-12-10;638.0
1998-12-10;635.0
1998-12-10;635.0
1998-12-11;621.0
1998-12-11;623.0
1998-12-11;623.0
1998-12-11;626.0
1998-12-12;616.0
1998-12-12;613.0
1998-12-12;610.0
1998-12-12;613.0
1998-12-13;607.0
1998-12-13;605.0
1998-12-13;605.0
1998-12-13;604.0
1998-12-14;606.0
1998-12-14;606.0
1998-12-14;606.0
1998-12-14;607.0
1998-12-15;615.0
1998-12-15;620.0
1998-12-15;610.0
1998-12-15;615.0
1998-12-16;630.0
1998-12-16;637.0
1998-12-16;633.0
1998-12-16;633.0
1998-12-17;639.0
1998-12-17;640.0
1998-12-17;639.0
1998-12-17;639.0
1998-12-18;640.0
1998-12-18;639.0
1998-12-18;639.0
1998-12-18;638.0
1998-12-19;635.0
1998-12-19;634.0
1998-12-19;637.0
1998-12-19;635.0
1998-12-20;627.0
1998-12-20;630.0
1998-12-20;625.0
1998-12-20;627.0
1998-12-21;619.0
1998-12-21;620.0
1998-12-21;619.0
1998-12-21;619.0
1998-12-22;621.0
1998-12-22;622.0
1998-12-22;620.0
1998-12-22;621.0
1998-12-23;623.0
1998-12-23;622.0
1998-12-23;625.0
1998-12-23;623.0
1998-12-24;608.0
1998-12-24;612.0
1998-12-24;608.0
1998-12-24;604.0
1998-12-25;608.0
1998-12-25;610.0
1998-12-25;607.0
1998-12-25;608.0
1998-12-26;633.0
1998-12-26;628.0
1998-12-26;624.0
1998-12-26;628.0
1998-12-27;644.0
1998-12-27;643.0
1998-12-27;642.0
1998-12-27;643.0
1998-12-28;666.0
1998-12-28;662.0
1998-12-28;662.0
1998-12-28;658.0
1998-12-29;660.0
1998-12-29;664.0
1998-12-29;662.0
1998-12-29;662.0
1998-12-30;655.0
1998-12-30;655.0
1998-12-30;655.0
1998-12-30;656.0
1998-12-31;646.0
1998-12-31;643.0
1998-12-31;650.0
1998-12-31;646.0
1999-01-01;630.0
1999-01-01;635.0
1999-01-01;632.0
1999-01-01;632.0
1999-01-02;624.0
1999-01-02;624.0
1999-01-02;624.0
1999-01-02;624.0
1999-01-03;623.0
1999-01-03;623.0
1999-01-03;623.0
1999-01-03;623.0
1999-01-04;621.0
1999-01-04;623.0
1999-01-04;620.0
1999-01-04;621.0
1999-01-05;624.0
1999-01-05;624.0
1999-01-05;624.0
1999-01-05;624.0
1999-01-06;627.0
1999-01-06;626.0
1999-01-06;626.0
1999-01-06;626.0
1999-01-07;630.0
1999-01-07;630.0
1999-01-07;630.0
1999-01-07;630.0
1999-01-08;623.0
1999-01-08;623.0
1999-01-08;622.0
1999-01-08;625.0
1999-01-09;615.0
1999-01-09;615.0
1999-01-09;613.0
1999-01-09;618.0
1999-01-10;604.0
1999-01-10;601.0
1999-01-10;601.0
1999-01-10;598.0
1999-01-11;590.0
1999-01-11;587.0
1999-01-11;587.0
1999-01-11;584.0
1999-01-12;601.0
1999-01-12;587.0
1999-01-12;594.0
1999-01-12;594.0
1999-01-13;605.0
1999-01-13;601.0
1999-01-13;603.0
1999-01-13;603.0
1999-01-14;588.0
1999-01-14;594.0
1999-01-14;591.0
1999-01-14;591.0
1999-01-15;573.0
1999-01-15;577.0
1999-01-15;570.0
1999-01-15;573.0
1999-01-16;558.0
1999-01-16;554.0
1999-01-16;550.0
1999-01-16;554.0
1999-01-17;542.0
1999-01-17;539.0
1999-01-17;536.0
1999-01-17;539.0
1999-01-18;530.0
1999-01-18;530.0
1999-01-18;532.0
1999-01-18;529.0
1999-01-19;527.0
1999-01-19;526.0
1999-01-19;528.0
1999-01-19;527.0
1999-01-20;526.0
1999-01-20;528.0
1999-01-20;524.0
1999-01-20;526.0
1999-01-21;539.0
1999-01-21;546.0
1999-01-21;539.0
1999-01-21;533.0
1999-01-22;560.0
1999-01-22;560.0
1999-01-22;560.0
1999-01-22;560.0
1999-01-23;599.0
1999-01-23;610.0
1999-01-23;604.0
1999-01-23;604.0
1999-01-24;632.0
1999-01-24;632.0
1999-01-24;636.0
1999-01-24;629.0
1999-01-25;676.0
1999-01-25;686.0
1999-01-25;676.0
1999-01-25;666.0
1999-01-26;703.0
1999-01-26;706.0
1999-01-26;710.0
1999-01-26;706.0
1999-01-27;722.0
1999-01-27;720.0
1999-01-27;724.0
1999-01-27;722.0
1999-01-28;728.0
1999-01-28;730.0
1999-01-28;729.0
1999-01-28;729.0
1999-01-29;728.0
1999-01-29;728.0
1999-01-29;728.0
1999-01-29;728.0
1999-01-30;726.0
1999-01-30;725.0
1999-01-30;724.0
1999-01-30;725.0
1999-01-31;718.0
1999-01-31;720.0
1999-01-31;716.0
1999-01-31;718.0
1999-02-01;700.0
1999-02-01;698.0
1999-02-01;700.0
1999-02-01;703.0
1999-02-02;684.0
1999-02-02;688.0
1999-02-02;680.0
1999-02-02;684.0
1999-02-03;668.0
1999-02-03;668.0
1999-02-03;665.0
1999-02-03;671.0
1999-02-04;650.0
1999-02-04;653.0
1999-02-04;653.0
1999-02-04;656.0
1999-02-05;646.0
1999-02-05;646.0
1999-02-05;646.0
1999-02-05;647.0
1999-02-06;649.0
1999-02-06;649.0
1999-02-06;649.0
1999-02-06;650.0
1999-02-07;646.0
1999-02-07;645.0
1999-02-07;644.0
1999-02-07;645.0
1999-02-08;641.0
1999-02-08;639.0
1999-02-08;639.0
1999-02-08;638.0
1999-02-09;638.0
1999-02-09;640.0
1999-02-09;642.0
1999-02-09;640.0
1999-02-10;701.0
1999-02-10;706.0
1999-02-10;696.0
1999-02-10;701.0
1999-02-11;711.0
1999-02-11;714.0
1999-02-11;717.0
1999-02-11;714.0
1999-02-12;730.0
1999-02-12;736.0
1999-02-12;733.0
1999-02-12;733.0
1999-02-13;752.0
1999-02-13;749.0
1999-02-13;746.0
1999-02-13;749.0
1999-02-14;761.0
1999-02-14;767.0
1999-02-14;756.0
1999-02-14;761.0
1999-02-15;776.0
1999-02-15;778.0
1999-02-15;774.0
1999-02-15;776.0
1999-02-16;798.0
1999-02-16;793.0
1999-02-16;798.0
1999-02-16;804.0
1999-02-17;822.0
1999-02-17;820.0
1999-02-17;822.0
1999-02-17;824.0
1999-02-18;834.0
1999-02-18;834.0
1999-02-18;838.0
1999-02-18;831.0
1999-02-19;837.0
1999-02-19;838.0
1999-02-19;836.0
1999-02-19;837.0
1999-02-20;838.0
1999-02-20;838.0
1999-02-20;838.0
1999-02-20;839.0
1999-02-21;830.0
1999-02-21;833.0
1999-02-21;828.0
1999-02-21;830.0
1999-02-22;823.0
1999-02-22;822.0
1999-02-22;823.0
1999-02-22;824.0
1999-02-23;818.0
1999-02-23;818.0
1999-02-23;819.0
1999-02-23;818.0
1999-02-24;815.0
1999-02-24;814.0
1999-02-24;816.0
1999-02-24;815.0
1999-02-25;807.0
1999-02-25;804.0
1999-02-25;810.0
1999-02-25;807.0
1999-02-26;787.0
1999-02-26;783.0
1999-02-26;792.0
1999-02-26;787.0
1999-02-27;756.0
1999-02-27;766.0
1999-02-27;761.0
1999-02-27;761.0
1999-02-28;736.0
1999-02-28;733.0
1999-02-28;736.0
1999-02-28;740.0
1999-03-01;723.0
1999-03-01;718.0
1999-03-01;720.0
1999-03-01;720.0
1999-03-02;710.0
1999-03-02;704.0
1999-03-02;707.0
1999-03-02;707.0
1999-03-03;693.0
1999-03-03;689.0
1999-03-03;689.0
1999-03-03;686.0
1999-03-04;699.0
1999-03-04;720.0
1999-03-04;709.0
1999-03-04;709.0
1999-03-05;740.0
1999-03-05;740.0
1999-03-05;742.0
1999-03-05;738.0
1999-03-06;731.0
1999-03-06;737.0
1999-03-06;726.0
1999-03-06;731.0
1999-03-07;690.0
1999-03-07;712.0
1999-03-07;701.0
1999-03-07;701.0
1999-03-08;664.0
1999-03-08;662.0
1999-03-08;664.0
1999-03-08;666.0
1999-03-09;634.0
1999-03-09;634.0
1999-03-09;628.0
1999-03-09;641.0
1999-03-10;613.0
1999-03-10;613.0
1999-03-10;609.0
1999-03-10;618.0
1999-03-11;593.0
1999-03-11;597.0
1999-03-11;601.0
1999-03-11;597.0
1999-03-12;574.0
1999-03-12;578.0
1999-03-12;582.0
1999-03-12;578.0
1999-03-13;558.0
1999-03-13;562.0
1999-03-13;560.0
1999-03-13;560.0
1999-03-14;564.0
1999-03-14;569.0
1999-03-14;566.0
1999-03-14;566.0
1999-03-15;577.0
1999-03-15;577.0
1999-03-15;570.0
1999-03-15;584.0
1999-03-16;587.0
1999-03-16;585.0
1999-03-16;584.0
1999-03-16;585.0
1999-03-17;576.0
1999-03-17;574.0
1999-03-17;576.0
1999-03-17;579.0
1999-03-18;560.0
1999-03-18;556.0
1999-03-18;560.0
1999-03-18;564.0
1999-03-19;545.0
1999-03-19;548.0
1999-03-19;545.0
1999-03-19;542.0
1999-03-20;536.0
1999-03-20;535.0
1999-03-20;535.0
1999-03-20;534.0
1999-03-21;534.0
1999-03-21;534.0
1999-03-21;534.0
1999-03-21;534.0
1999-03-22;546.0
1999-03-22;544.0
1999-03-22;542.0
1999-03-22;544.0
1999-03-23;553.0
1999-03-23;551.0
1999-03-23;553.0
1999-03-23;556.0
1999-03-24;563.0
1999-03-24;561.0
1999-03-24;563.0
1999-03-24;565.0
1999-03-25;563.0
1999-03-25;560.0
1999-03-25;561.0
1999-03-25;561.0
1999-03-26;560.0
1999-03-26;561.0
1999-03-26;560.0
1999-03-26;560.0
1999-03-27;584.0
1999-03-27;596.0
1999-03-27;608.0
1999-03-27;596.0
1999-03-28;621.0
1999-03-28;630.0
1999-03-28;621.0
1999-03-28;613.0
1999-03-29;662.0
1999-03-29;659.0
1999-03-29;656.0
1999-03-29;659.0
1999-03-30;665.0
1999-03-30;666.0
1999-03-30;666.0
1999-03-30;668.0
1999-03-31;660.0
1999-03-31;660.0
1999-03-31;664.0
1999-03-31;656.0
1999-04-01;674.0
1999-04-01;683.0
1999-04-01;666.0
1999-04-01;674.0
1999-04-02;704.0
1999-04-02;701.0
1999-04-02;708.0
1999-04-02;704.0
1999-04-03;713.0
1999-04-03;714.0
1999-04-03;713.0
1999-04-03;713.0
1999-04-04;707.0
1999-04-04;708.0
1999-04-04;709.0
1999-04-04;708.0
1999-04-05;712.0
1999-04-05;712.0
1999-04-05;714.0
1999-04-05;710.0
1999-04-06;734.0
1999-04-06;731.0
1999-04-06;738.0
1999-04-06;734.0
1999-04-07;736.0
1999-04-07;737.0
1999-04-07;737.0
1999-04-07;738.0
1999-04-08;756.0
1999-04-08;750.0
1999-04-08;762.0
1999-04-08;756.0
1999-04-09;775.0
1999-04-09;775.0
1999-04-09;778.0
1999-04-09;772.0
1999-04-10;808.0
1999-04-10;808.0
1999-04-10;798.0
1999-04-10;818.0
1999-04-11;839.0
1999-04-11;836.0
1999-04-11;839.0
1999-04-11;842.0
1999-04-12;848.0
1999-04-12;847.0
1999-04-12;846.0
1999-04-12;847.0
1999-04-13;839.0
1999-04-13;839.0
1999-04-13;838.0
1999-04-13;840.0
1999-04-14;842.0
1999-04-14;842.0
1999-04-14;842.0
1999-04-14;842.0
1999-04-15;843.0
1999-04-15;844.0
1999-04-15;843.0
1999-04-15;843.0
1999-04-16;847.0
1999-04-16;846.0
1999-04-16;847.0
1999-04-16;848.0
1999-04-17;850.0
1999-04-17;852.0
1999-04-17;852.0
1999-04-17;855.0
1999-04-18;859.0
1999-04-18;857.0
1999-04-18;858.0
1999-04-18;858.0
1999-04-19;871.0
1999-04-19;868.0
1999-04-19;868.0
1999-04-19;865.0
1999-04-20;880.0
1999-04-20;882.0
1999-04-20;882.0
1999-04-20;885.0
1999-04-21;888.0
1999-04-21;888.0
1999-04-21;888.0
1999-04-21;888.0
1999-04-22;888.0
1999-04-22;888.0
1999-04-22;888.0
1999-04-22;888.0
1999-04-23;891.0
1999-04-23;892.0
1999-04-23;890.0
1999-04-23;891.0
1999-04-24;908.0
1999-04-24;902.0
1999-04-24;905.0
1999-04-24;905.0
1999-04-25;920.0
1999-04-25;916.0
1999-04-25;912.0
1999-04-25;916.0
1999-04-26;937.0
1999-04-26;933.0
1999-04-26;942.0
1999-04-26;937.0
1999-04-27;955.0
1999-04-27;960.0
1999-04-27;951.0
1999-04-27;955.0
1999-04-28;978.0
1999-04-28;973.0
1999-04-28;968.0
1999-04-28;973.0
1999-04-29;1002.0
1999-04-29;995.0
1999-04-29;995.0
1999-04-29;988.0
1999-04-30;1022.0
1999-04-30;1020.0
1999-04-30;1024.0
1999-04-30;1022.0
1999-05-01;1029.0
1999-05-01;1028.0
1999-05-01;1030.0
1999-05-01;1029.0
1999-05-02;1045.0
1999-05-02;1038.0
1999-05-02;1041.0
1999-05-02;1041.0
1999-05-03;1045.0
1999-05-03;1046.0
1999-05-03;1045.0
1999-05-03;1045.0
1999-05-04;1047.0
1999-05-04;1048.0
1999-05-04;1047.0
1999-05-04;1047.0
1999-05-05;1045.0
1999-05-05;1036.0
1999-05-05;1040.0
1999-05-05;1040.0
1999-05-06;1024.0
1999-05-06;1019.0
1999-05-06;1014.0
1999-05-06;1019.0
1999-05-07;1002.0
1999-05-07;998.0
1999-05-07;1006.0
1999-05-07;1002.0
1999-05-08;988.0
1999-05-08;986.0
1999-05-08;990.0
1999-05-08;988.0
1999-05-09;983.0
1999-05-09;984.0
1999-05-09;983.0
1999-05-09;983.0
1999-05-10;978.0
1999-05-10;972.0
1999-05-10;975.0
1999-05-10;975.0
1999-05-11;962.0
1999-05-11;960.0
1999-05-11;965.0
1999-05-11;962.0
1999-05-12;954.0
1999-05-12;956.0
1999-05-12;954.0
1999-05-12;952.0
1999-05-13;953.0
1999-05-13;952.0
1999-05-13;953.0
1999-05-13;954.0
1999-05-14;957.0
1999-05-14;956.0
1999-05-14;956.0
1999-05-14;956.0
1999-05-15;954.0
1999-05-15;954.0
1999-05-15;952.0
1999-05-15;956.0
1999-05-16;941.0
1999-05-16;944.0
1999-05-16;938.0
1999-05-16;941.0
1999-05-17;928.0
1999-05-17;923.0
1999-05-17;918.0
1999-05-17;923.0
1999-05-18;905.0
1999-05-18;902.0
1999-05-18;908.0
1999-05-18;905.0
1999-05-19;896.0
1999-05-19;896.0
1999-05-19;894.0
1999-05-19;898.0
1999-05-20;889.0
1999-05-20;890.0
1999-05-20;889.0
1999-05-20;889.0
1999-05-21;894.0
1999-05-21;886.0
1999-05-21;890.0
1999-05-21;890.0
1999-05-22;912.0
1999-05-22;906.0
1999-05-22;918.0
1999-05-22;912.0
1999-05-23;924.0
1999-05-23;928.0
1999-05-23;926.0
1999-05-23;926.0
1999-05-24;933.0
1999-05-24;934.0
1999-05-24;934.0
1999-05-24;936.0
1999-05-25;938.0
1999-05-25;938.0
1999-05-25;939.0
1999-05-25;938.0
1999-05-26;935.0
1999-05-26;934.0
1999-05-26;936.0
1999-05-26;935.0
1999-05-27;937.0
1999-05-27;938.0
1999-05-27;937.0
1999-05-27;937.0
1999-05-28;938.0
1999-05-28;938.0
1999-05-28;938.0
1999-05-28;938.0
1999-05-29;934.0
1999-05-29;934.0
1999-05-29;936.0
1999-05-29;932.0
1999-05-30;926.0
1999-05-30;920.0
1999-05-30;923.0
1999-05-30;923.0
1999-05-31;913.0
1999-05-31;913.0
1999-05-31;914.0
1999-05-31;913.0
1999-06-01;912.0
1999-06-01;912.0
1999-06-01;912.0
1999-06-01;912.0
1999-06-02;910.0
1999-06-02;912.0
1999-06-02;910.0
1999-06-02;908.0
1999-06-03;927.0
1999-06-03;932.0
1999-06-03;922.0
1999-06-03;927.0
1999-06-04;950.0
1999-06-04;952.0
1999-06-04;948.0
1999-06-04;950.0
1999-06-05;948.0
1999-06-05;948.0
1999-06-05;948.0
1999-06-05;948.0
1999-06-06;942.0
1999-06-06;946.0
1999-06-06;944.0
1999-06-06;944.0
1999-06-07;934.0
1999-06-07;930.0
1999-06-07;939.0
1999-06-07;934.0
1999-06-08;937.0
1999-06-08;936.0
1999-06-08;937.0
1999-06-08;938.0
1999-06-09;942.0
1999-06-09;940.0
1999-06-09;944.0
1999-06-09;942.0
1999-06-10;971.0
1999-06-10;960.0
1999-06-10;983.0
1999-06-10;971.0
1999-06-11;1003.0
1999-06-11;1003.0
1999-06-11;1002.0
1999-06-11;1004.0
1999-06-12;997.0
1999-06-12;997.0
1999-06-12;994.0
1999-06-12;1000.0
1999-06-13;984.0
1999-06-13;984.0
1999-06-13;984.0
1999-06-13;984.0
1999-06-14;989.0
1999-06-14;989.0
1999-06-14;986.0
1999-06-14;993.0
1999-06-15;991.0
1999-06-15;991.0
1999-06-15;989.0
1999-06-15;994.0
1999-06-16;975.0
1999-06-16;975.0
1999-06-16;970.0
1999-06-16;980.0
1999-06-17;957.0
1999-06-17;953.0
1999-06-17;950.0
1999-06-17;953.0
1999-06-18;949.0
1999-06-18;948.0
1999-06-18;950.0
1999-06-18;949.0
1999-06-19;946.0
1999-06-19;944.0
1999-06-19;945.0
1999-06-19;945.0
1999-06-20;935.0
1999-06-20;932.0
1999-06-20;930.0
1999-06-20;932.0
1999-06-21;922.0
1999-06-21;924.0
1999-06-21;920.0
1999-06-21;922.0
1999-06-22;921.0
1999-06-22;921.0
1999-06-22;922.0
1999-06-22;921.0
1999-06-23;920.0
1999-06-23;922.0
1999-06-23;921.0
1999-06-23;921.0
1999-06-24;918.0
1999-06-24;920.0
1999-06-24;916.0
1999-06-24;918.0
1999-06-25;920.0
1999-06-25;920.0
1999-06-25;920.0
1999-06-25;920.0
1999-06-26;916.0
1999-06-26;913.0
1999-06-26;911.0
1999-06-26;913.0
1999-06-27;904.0
1999-06-27;902.0
1999-06-27;902.0
1999-06-27;900.0
1999-06-28;896.0
1999-06-28;897.0
1999-06-28;895.0
1999-06-28;896.0
1999-06-29;893.0
1999-06-29;889.0
1999-06-29;891.0
1999-06-29;891.0
1999-06-30;884.0
1999-06-30;881.0
1999-06-30;882.0
1999-06-30;882.0
1999-07-01;880.0
1999-07-01;880.0
1999-07-01;880.0
1999-07-01;880.0
1999-07-02;886.0
1999-07-02;889.0
1999-07-02;886.0
1999-07-02;884.0
1999-07-03;891.0
1999-07-03;890.0
1999-07-03;890.0
1999-07-03;890.0
1999-07-04;890.0
1999-07-04;891.0
1999-07-04;892.0
1999-07-04;891.0
1999-07-05;901.0
1999-07-05;906.0
1999-07-05;901.0
1999-07-05;896.0
1999-07-06;923.0
1999-07-06;923.0
1999-07-06;927.0
1999-07-06;920.0
1999-07-07;932.0
1999-07-07;932.0
1999-07-07;932.0
1999-07-07;932.0
1999-07-08;922.0
1999-07-08;926.0
1999-07-08;918.0
1999-07-08;922.0
1999-07-09;900.0
1999-07-09;894.0
1999-07-09;900.0
1999-07-09;906.0
1999-07-10;874.0
1999-07-10;868.0
1999-07-10;880.0
1999-07-10;874.0
1999-07-11;858.0
1999-07-11;852.0
1999-07-11;852.0
1999-07-11;846.0
1999-07-12;830.0
1999-07-12;834.0
1999-07-12;826.0
1999-07-12;830.0
1999-07-13;816.0
1999-07-13;814.0
1999-07-13;813.0
1999-07-13;814.0
1999-07-14;812.0
1999-07-14;811.0
1999-07-14;810.0
1999-07-14;811.0
1999-07-15;814.0
1999-07-15;816.0
1999-07-15;815.0
1999-07-15;815.0
1999-07-16;824.0
1999-07-16;822.0
1999-07-16;822.0
1999-07-16;820.0
1999-07-17;834.0
1999-07-17;832.0
1999-07-17;830.0
1999-07-17;832.0
1999-07-18;842.0
1999-07-18;850.0
1999-07-18;846.0
1999-07-18;846.0
1999-07-19;859.0
1999-07-19;863.0
1999-07-19;861.0
1999-07-19;861.0
1999-07-20;856.0
1999-07-20;854.0
1999-07-20;856.0
1999-07-20;858.0
1999-07-21;856.0
1999-07-21;860.0
1999-07-21;856.0
1999-07-21;852.0
1999-07-22;852.0
1999-07-22;850.0
1999-07-22;854.0
1999-07-22;852.0
1999-07-23;861.0
1999-07-23;863.0
1999-07-23;860.0
1999-07-23;861.0
1999-07-24;880.0
1999-07-24;877.0
1999-07-24;877.0
1999-07-24;874.0
1999-07-25;904.0
1999-07-25;898.0
1999-07-25;904.0
1999-07-25;911.0
1999-07-26;920.0
1999-07-26;918.0
1999-07-26;922.0
1999-07-26;920.0
1999-07-27;926.0
1999-07-27;927.0
1999-07-27;927.0
1999-07-27;928.0
1999-07-28;931.0
1999-07-28;930.0
1999-07-28;932.0
1999-07-28;931.0
1999-07-29;940.0
1999-07-29;938.0
1999-07-29;938.0
1999-07-29;937.0
1999-07-30;947.0
1999-07-30;950.0
1999-07-30;948.0
1999-07-30;948.0
1999-07-31;958.0
1999-07-31;955.0
1999-07-31;952.0
1999-07-31;955.0
1999-08-01;963.0
1999-08-01;962.0
1999-08-01;963.0
1999-08-01;964.0
1999-08-02;966.0
1999-08-02;967.0
1999-08-02;966.0
1999-08-02;966.0
1999-08-03;971.0
1999-08-03;971.0
1999-08-03;972.0
1999-08-03;970.0
1999-08-04;972.0
1999-08-04;974.0
1999-08-04;973.0
1999-08-04;973.0
1999-08-05;964.0
1999-08-05;964.0
1999-08-05;966.0
1999-08-05;962.0
1999-08-06;950.0
1999-08-06;949.0
1999-08-06;949.0
1999-08-06;949.0
1999-08-07;948.0
1999-08-07;950.0
1999-08-07;949.0
1999-08-07;949.0
1999-08-08;946.0
1999-08-08;948.0
1999-08-08;947.0
1999-08-08;947.0
1999-08-09;938.0
1999-08-09;932.0
1999-08-09;935.0
1999-08-09;935.0
1999-08-10;918.0
1999-08-10;918.0
1999-08-10;912.0
1999-08-10;924.0
1999-08-11;904.0
1999-08-11;903.0
1999-08-11;904.0
1999-08-11;906.0
1999-08-12;913.0
1999-08-12;910.0
1999-08-12;913.0
1999-08-12;916.0
1999-08-13;920.0
1999-08-13;920.0
1999-08-13;920.0
1999-08-13;920.0
1999-08-14;921.0
1999-08-14;921.0
1999-08-14;921.0
1999-08-14;921.0
1999-08-15;928.0
1999-08-15;928.0
1999-08-15;930.0
1999-08-15;926.0
1999-08-16;947.0
1999-08-16;938.0
1999-08-16;942.0
1999-08-16;942.0
1999-08-17;945.0
1999-08-17;945.0
1999-08-17;944.0
1999-08-17;946.0
1999-08-18;938.0
1999-08-18;941.0
1999-08-18;938.0
1999-08-18;936.0
1999-08-19;922.0
1999-08-19;918.0
1999-08-19;927.0
1999-08-19;922.0
1999-08-20;894.0
1999-08-20;899.0
1999-08-20;905.0
1999-08-20;899.0
1999-08-21;879.0
1999-08-21;877.0
1999-08-21;877.0
1999-08-21;876.0
1999-08-22;844.0
1999-08-22;838.0
1999-08-22;851.0
1999-08-22;844.0
1999-08-23;820.0
1999-08-23;815.0
1999-08-23;825.0
1999-08-23;820.0
1999-08-24;798.0
1999-08-24;798.0
1999-08-24;794.0
1999-08-24;802.0
1999-08-25;776.0
1999-08-25;779.0
1999-08-25;783.0
1999-08-25;779.0
1999-08-26;779.0
1999-08-26;776.0
1999-08-26;779.0
1999-08-26;783.0
1999-08-27;797.0
1999-08-27;792.0
1999-08-27;794.0
1999-08-27;794.0
1999-08-28;796.0
1999-08-28;794.0
1999-08-28;796.0
1999-08-28;799.0
1999-08-29;787.0
1999-08-29;787.0
1999-08-29;787.0
1999-08-29;787.0
1999-08-30;786.0
1999-08-30;784.0
1999-08-30;785.0
1999-08-30;785.0
1999-08-31;780.0
1999-08-31;781.0
1999-08-31;782.0
1999-08-31;781.0
1999-09-01;777.0
1999-09-01;778.0
1999-09-01;776.0
1999-09-01;777.0
1999-09-02;775.0
1999-09-02;775.0
1999-09-02;775.0
1999-09-02;775.0
1999-09-03;777.0
1999-09-03;777.0
1999-09-03;778.0
1999-09-03;776.0
1999-09-04;777.0
1999-09-04;779.0
1999-09-04;776.0
1999-09-04;777.0
1999-09-05;764.0
1999-09-05;768.0
1999-09-05;761.0
1999-09-05;764.0
1999-09-06;750.0
1999-09-06;750.0
1999-09-06;747.0
1999-09-06;753.0
1999-09-07;730.0
1999-09-07;732.0
1999-09-07;735.0
1999-09-07;732.0
1999-09-08;729.0
1999-09-08;727.0
1999-09-08;728.0
1999-09-08;728.0
1999-09-09;714.0
1999-09-09;710.0
1999-09-09;714.0
1999-09-09;718.0
1999-09-10;697.0
1999-09-10;694.0
1999-09-10;700.0
1999-09-10;697.0
1999-09-11;684.0
1999-09-11;684.0
1999-09-11;685.0
1999-09-11;684.0
1999-09-12;676.0
1999-09-12;679.0
1999-09-12;677.0
1999-09-12;677.0
1999-09-13;672.0
1999-09-13;674.0
1999-09-13;673.0
1999-09-13;673.0
1999-09-14;662.0
1999-09-14;664.0
1999-09-14;666.0
1999-09-14;664.0
1999-09-15;656.0
1999-09-15;655.0
1999-09-15;654.0
1999-09-15;655.0
1999-09-16;643.0
1999-09-16;642.0
1999-09-16;653.0
1999-09-16;644.0
1999-09-17;647.0
1999-09-17;644.0
1999-09-17;650.0
1999-09-17;647.0
1999-09-18;653.0
1999-09-18;654.0
1999-09-18;653.0
1999-09-18;643.0
1999-09-19;654.0
1999-09-19;655.0
1999-09-19;645.0
1999-09-19;656.0
1999-09-20;648.0
1999-09-20;646.0
1999-09-20;646.0
1999-09-20;646.0
1999-09-21;651.0
1999-09-21;642.0
1999-09-21;640.0
1999-09-21;641.0
1999-09-22;634.0
1999-09-22;631.0
1999-09-22;648.0
1999-09-22;628.0
1999-09-23;616.0
1999-09-23;614.0
1999-09-23;618.0
1999-09-23;642.0
1999-09-24;632.0
1999-09-24;611.0
1999-09-24;610.0
1999-09-24;613.0
1999-09-25;668.0
1999-09-25;647.0
1999-09-25;626.0
1999-09-25;619.0
1999-09-26;613.0
1999-09-26;684.0
1999-09-26;687.0
1999-09-26;685.0
1999-09-27;686.0
1999-09-27;684.0
1999-09-27;685.0
1999-09-27;630.0
1999-09-28;682.0
1999-09-28;696.0
1999-09-28;652.0
1999-09-28;689.0
1999-09-29;689.0
1999-09-29;696.0
1999-09-29;666.0
1999-09-29;692.0
1999-09-30;710.0
1999-09-30;672.0
1999-09-30;724.0
1999-09-30;717.0
1999-10-01;750.0
1999-10-01;740.0
1999-10-01;679.0
1999-10-01;745.0
1999-10-02;759.0
1999-10-02;760.0
1999-10-02;758.0
1999-10-02;691.0
1999-10-03;771.0
1999-10-03;774.0
1999-10-03;768.0
1999-10-03;704.0
1999-10-04;778.0
1999-10-04;776.0
1999-10-04;716.0
1999-10-04;777.0
1999-10-05;765.0
1999-10-05;764.0
1999-10-05;766.0
1999-10-05;727.0
1999-10-06;740.0
1999-10-06;752.0
1999-10-06;732.0
1999-10-06;746.0
1999-10-07;724.0
1999-10-07;714.0
1999-10-07;719.0
1999-10-07;721.0
1999-10-08;697.0
1999-10-08;699.0
1999-10-08;701.0
1999-10-08;688.0
1999-10-09;669.0
1999-10-09;691.0
1999-10-09;693.0
1999-10-09;690.0
1999-10-10;663.0
1999-10-10;680.0
1999-10-10;678.0
1999-10-10;683.0
1999-10-11;672.0
1999-10-11;668.0
1999-10-11;670.0
1999-10-11;655.0
1999-10-12;651.0
1999-10-12;664.0
1999-10-12;661.0
1999-10-12;658.0
1999-10-13;652.0
1999-10-13;653.0
1999-10-13;654.0
1999-10-13;638.0
1999-10-14;630.0
1999-10-14;656.0
1999-10-14;664.0
1999-10-14;660.0
1999-10-15;684.0
1999-10-15;678.0
1999-10-15;627.0
1999-10-15;690.0
1999-10-16;646.0
1999-10-16;704.0
1999-10-16;714.0
1999-10-16;709.0
1999-10-17;660.0
1999-10-17;722.0
1999-10-17;727.0
1999-10-17;724.0
1999-10-18;739.0
1999-10-18;734.0
1999-10-18;673.0
1999-10-18;729.0
1999-10-19;728.0
1999-10-19;685.0
1999-10-19;728.0
1999-10-19;729.0
1999-10-20;692.0
1999-10-20;740.0
1999-10-20;748.0
1999-10-20;744.0
1999-10-21;760.0
1999-10-21;698.0
1999-10-21;755.0
1999-10-21;757.0
1999-10-22;760.0
1999-10-22;762.0
1999-10-22;701.0
1999-10-22;761.0
1999-10-23;759.0
1999-10-23;697.0
1999-10-23;753.0
1999-10-23;748.0
1999-10-24;722.0
1999-10-24;727.0
1999-10-24;733.0
1999-10-24;692.0
1999-10-25;706.0
1999-10-25;710.0
1999-10-25;687.0
1999-10-25;708.0
1999-10-26;681.0
1999-10-26;693.0
1999-10-26;684.0
1999-10-26;688.0
1999-10-27;670.0
1999-10-27;675.0
1999-10-27;673.0
1999-10-27;676.0
1999-10-28;670.0
1999-10-28;661.0
1999-10-28;653.0
1999-10-28;657.0
1999-10-29;642.0
1999-10-29;663.0
1999-10-29;638.0
1999-10-29;640.0
1999-10-30;635.0
1999-10-30;637.0
1999-10-30;648.0
1999-10-30;633.0
1999-10-31;640.0
1999-10-31;627.0
1999-10-31;627.0
1999-10-31;627.0
1999-11-01;639.0
1999-11-01;625.0
1999-11-01;635.0
1999-11-01;637.0
1999-11-02;640.0
1999-11-02;643.0
1999-11-02;641.0
1999-11-02;617.0
1999-11-03;610.0
1999-11-03;634.0
1999-11-03;639.0
1999-11-03;636.0
1999-11-04;622.0
1999-11-04;603.0
1999-11-04;624.0
1999-11-04;620.0
1999-11-05;611.0
1999-11-05;608.0
1999-11-05;614.0
1999-11-05;597.0
1999-11-06;600.0
1999-11-06;599.0
1999-11-06;591.0
1999-11-06;598.0
1999-11-07;594.0
1999-11-07;595.0
1999-11-07;579.0
1999-11-07;597.0
1999-11-08;567.0
1999-11-08;592.0
1999-11-08;590.0
1999-11-08;591.0
1999-11-09;588.0
1999-11-09;560.0
1999-11-09;587.0
1999-11-09;587.0
1999-11-10;596.0
1999-11-10;548.0
1999-11-10;596.0
1999-11-10;596.0
1999-11-11;550.0
1999-11-11;616.0
1999-11-11;619.0
1999-11-11;614.0
1999-11-12;615.0
1999-11-12;556.0
1999-11-12;616.0
1999-11-12;617.0
1999-11-13;575.0
1999-11-13;610.0
1999-11-13;604.0
1999-11-13;607.0
1999-11-14;584.0
1999-11-14;594.0
1999-11-14;581.0
1999-11-14;589.0
1999-11-15;569.0
1999-11-15;566.0
1999-11-15;573.0
1999-11-15;585.0
1999-11-16;587.0
1999-11-16;556.0
1999-11-16;550.0
1999-11-16;553.0
1999-11-17;543.0
1999-11-17;538.0
1999-11-17;540.0
1999-11-17;577.0
1999-11-18;532.0
1999-11-18;537.0
1999-11-18;527.0
1999-11-18;570.0
1999-11-19;528.0
1999-11-19;527.0
1999-11-19;546.0
1999-11-19;527.0
1999-11-20;530.0
1999-11-20;540.0
1999-11-20;554.0
1999-11-20;547.0
1999-11-21;566.0
1999-11-21;567.0
1999-11-21;521.0
1999-11-21;566.0
1999-11-22;576.0
1999-11-22;580.0
1999-11-22;578.0
1999-11-22;515.0
1999-11-23;526.0
1999-11-23;594.0
1999-11-23;599.0
1999-11-23;589.0
1999-11-24;618.0
1999-11-24;624.0
1999-11-24;540.0
1999-11-24;612.0
1999-11-25;639.0
1999-11-25;559.0
1999-11-25;632.0
1999-11-25;646.0
1999-11-26;637.0
1999-11-26;640.0
1999-11-26;644.0
1999-11-26;582.0
1999-11-27;628.0
1999-11-27;624.0
1999-11-27;620.0
1999-11-27;591.0
1999-11-28;594.0
1999-11-28;614.0
1999-11-28;611.0
1999-11-28;612.0
1999-11-29;607.0
1999-11-29;595.0
1999-11-29;584.0
1999-11-29;586.0
1999-11-30;579.0
1999-11-30;578.0
1999-11-30;579.0
1999-11-30;580.0
1999-12-01;574.0
1999-12-01;572.0
1999-12-01;570.0
1999-12-01;570.0
1999-12-02;567.0
1999-12-02;559.0
1999-12-02;564.0
1999-12-02;565.0
1999-12-03;561.0
1999-12-03;560.0
1999-12-03;550.0
1999-12-03;562.0
1999-12-04;542.0
1999-12-04;554.0
1999-12-04;552.0
1999-12-04;553.0
1999-12-05;545.0
1999-12-05;544.0
1999-12-05;546.0
1999-12-05;535.0
1999-12-06;544.0
1999-12-06;529.0
1999-12-06;544.0
1999-12-06;544.0
1999-12-07;536.0
1999-12-07;538.0
1999-12-07;534.0
1999-12-07;523.0
1999-12-08;517.0
1999-12-08;531.0
1999-12-08;531.0
1999-12-08;532.0
1999-12-09;518.0
1999-12-09;530.0
1999-12-09;526.0
1999-12-09;528.0
1999-12-10;520.0
1999-12-10;524.0
1999-12-10;524.0
1999-12-10;525.0
1999-12-11;544.0
1999-12-11;534.0
1999-12-11;539.0
1999-12-11;521.0
1999-12-12;550.0
1999-12-12;570.0
1999-12-12;518.0
1999-12-12;530.0
1999-12-13;573.0
1999-12-13;518.0
1999-12-13;570.0
1999-12-13;576.0
1999-12-14;527.0
1999-12-14;584.0
1999-12-14;586.0
1999-12-14;585.0
1999-12-15;599.0
1999-12-15;598.0
1999-12-15;540.0
1999-12-15;598.0
1999-12-16;600.0
1999-12-16;553.0
1999-12-16;599.0
1999-12-16;598.0
1999-12-17;596.0
1999-12-17;596.0
1999-12-17;596.0
1999-12-17;570.0
1999-12-18;596.0
1999-12-18;578.0
1999-12-18;596.0
1999-12-18;596.0
1999-12-19;595.0
1999-12-19;596.0
1999-12-19;584.0
1999-12-19;595.0
1999-12-20;594.0
1999-12-20;594.0
1999-12-20;588.0
1999-12-20;594.0
1999-12-21;584.0
1999-12-21;589.0
1999-12-21;584.0
1999-12-21;594.0
1999-12-22;576.0
1999-12-22;585.0
1999-12-22;598.0
1999-12-22;591.0
1999-12-23;595.0
1999-12-23;595.0
1999-12-23;596.0
1999-12-23;571.0
1999-12-24;592.0
1999-12-24;590.0
1999-12-24;566.0
1999-12-24;588.0
1999-12-25;577.0
1999-12-25;574.0
1999-12-25;580.0
1999-12-25;560.0
1999-12-26;557.0
1999-12-26;552.0
1999-12-26;563.0
1999-12-26;550.0
1999-12-27;542.0
1999-12-27;538.0
1999-12-27;546.0
1999-12-27;542.0
1999-12-28;525.0
1999-12-28;522.0
1999-12-28;528.0
1999-12-28;525.0
1999-12-29;507.0
1999-12-29;509.0
1999-12-29;512.0
1999-12-29;509.0
1999-12-30;548.0
1999-12-30;500.0
1999-12-30;596.0
1999-12-30;498.0
1999-12-31;489.0
1999-12-31;490.0
1999-12-31;488.0
1999-12-31;489.0
2000-01-01;480.0
2000-01-01;482.0
2000-01-01;478.0
2000-01-01;480.0
2000-01-02;472.0
2000-01-02;474.0
2000-01-02;473.0
2000-01-02;473.0
2000-01-03;463.0
2000-01-03;463.0
2000-01-03;465.0
2000-01-03;462.0
2000-01-04;455.0
2000-01-04;458.0
2000-01-04;455.0
2000-01-04;452.0
2000-01-05;448.0
2000-01-05;446.0
2000-01-05;446.0
2000-01-05;444.0
2000-01-06;436.0
2000-01-06;438.0
2000-01-06;440.0
2000-01-06;438.0
2000-01-07;430.0
2000-01-07;432.0
2000-01-07;429.0
2000-01-07;430.0
2000-01-08;427.0
2000-01-08;428.0
2000-01-08;427.0
2000-01-08;426.0
2000-01-09;423.0
2000-01-09;423.0
2000-01-09;422.0
2000-01-09;424.0
2000-01-10;420.0
2000-01-10;419.0
2000-01-10;419.0
2000-01-10;418.0
2000-01-11;414.0
2000-01-11;415.0
2000-01-11;416.0
2000-01-11;415.0
2000-01-12;411.0
2000-01-12;410.0
2000-01-12;412.0
2000-01-12;411.0
2000-01-13;406.0
2000-01-13;408.0
2000-01-13;407.0
2000-01-13;407.0
2000-01-14;403.0
2000-01-14;403.0
2000-01-14;402.0
2000-01-14;404.0
2000-01-15;402.0
2000-01-15;401.0
2000-01-15;401.0
2000-01-15;401.0
2000-01-16;400.0
2000-01-16;399.0
2000-01-16;399.0
2000-01-16;399.0
2000-01-17;397.0
2000-01-17;396.0
2000-01-17;396.0
2000-01-17;396.0
2000-01-18;397.0
2000-01-18;396.0
2000-01-18;396.0
2000-01-18;396.0
2000-01-19;402.0
2000-01-19;399.0
2000-01-19;400.0
2000-01-19;400.0
2000-01-20;407.0
2000-01-20;409.0
2000-01-20;406.0
2000-01-20;407.0
2000-01-21;414.0
2000-01-21;414.0
2000-01-21;412.0
2000-01-21;416.0
2000-01-22;420.0
2000-01-22;428.0
2000-01-22;412.0
2000-01-22;420.0
2000-01-23;438.0
2000-01-23;434.0
2000-01-23;442.0
2000-01-23;438.0
2000-01-24;452.0
2000-01-24;454.0
2000-01-24;454.0
2000-01-24;456.0
2000-01-25;455.0
2000-01-25;455.0
2000-01-25;456.0
2000-01-25;454.0
2000-01-26;449.0
2000-01-26;450.0
2000-01-26;448.0
2000-01-26;449.0
2000-01-27;444.0
2000-01-27;445.0
2000-01-27;444.0
2000-01-27;444.0
2000-01-28;447.0
2000-01-28;446.0
2000-01-28;446.0
2000-01-28;446.0
2000-01-29;455.0
2000-01-29;454.0
2000-01-29;456.0
2000-01-29;455.0
2000-01-30;460.0
2000-01-30;459.0
2000-01-30;459.0
2000-01-30;459.0
2000-01-31;458.0
2000-01-31;457.0
2000-01-31;458.0
2000-01-31;459.0
2000-02-01;454.0
2000-02-01;454.0
2000-02-01;454.0
2000-02-01;454.0
2000-02-02;482.0
2000-02-02;466.0
2000-02-02;498.0
2000-02-02;482.0
2000-02-03;548.0
2000-02-03;562.0
2000-02-03;534.0
2000-02-03;548.0
2000-02-04;601.0
2000-02-04;608.0
2000-02-04;595.0
2000-02-04;601.0
2000-02-05;623.0
2000-02-05;624.0
2000-02-05;622.0
2000-02-05;623.0
2000-02-06;620.0
2000-02-06;620.0
2000-02-06;618.0
2000-02-06;622.0
2000-02-07;610.0
2000-02-07;604.0
2000-02-07;604.0
2000-02-07;599.0
2000-02-08;570.0
2000-02-08;576.0
2000-02-08;576.0
2000-02-08;583.0
2000-02-09;553.0
2000-02-09;548.0
2000-02-09;553.0
2000-02-09;558.0
2000-02-10;541.0
2000-02-10;538.0
2000-02-10;544.0
2000-02-10;541.0
2000-02-11;514.0
2000-02-11;524.0
2000-02-11;519.0
2000-02-11;519.0
2000-02-12;491.0
2000-02-12;483.0
2000-02-12;491.0
2000-02-12;499.0
2000-02-13;469.0
2000-02-13;464.0
2000-02-13;469.0
2000-02-13;474.0
2000-02-14;445.0
2000-02-14;448.0
2000-02-14;452.0
2000-02-14;448.0
2000-02-15;435.0
2000-02-15;438.0
2000-02-15;435.0
2000-02-15;432.0
2000-02-16;424.0
2000-02-16;424.0
2000-02-16;422.0
2000-02-16;426.0
2000-02-17;415.0
2000-02-17;415.0
2000-02-17;412.0
2000-02-17;418.0
2000-02-18;411.0
2000-02-18;410.0
2000-02-18;410.0
2000-02-18;410.0
2000-02-19;406.0
2000-02-19;406.0
2000-02-19;408.0
2000-02-19;405.0
2000-02-20;407.0
2000-02-20;406.0
2000-02-20;409.0
2000-02-20;407.0
2000-02-21;416.0
2000-02-21;416.0
2000-02-21;418.0
2000-02-21;414.0
2000-02-22;422.0
2000-02-22;421.0
2000-02-22;420.0
2000-02-22;421.0
2000-02-23;426.0
2000-02-23;424.0
2000-02-23;428.0
2000-02-23;426.0
2000-02-24;436.0
2000-02-24;434.0
2000-02-24;438.0
2000-02-24;436.0
2000-02-25;445.0
2000-02-25;442.0
2000-02-25;445.0
2000-02-25;448.0
2000-02-26;463.0
2000-02-26;463.0
2000-02-26;460.0
2000-02-26;466.0
2000-02-27;504.0
2000-02-27;510.0
2000-02-27;504.0
2000-02-27;498.0
2000-02-28;516.0
2000-02-28;514.0
2000-02-28;518.0
2000-02-28;516.0
2000-02-29;517.0
2000-02-29;519.0
2000-02-29;516.0
2000-02-29;517.0
2000-03-01;509.0
2000-03-01;509.0
2000-03-01;509.0
2000-03-01;510.0
2000-03-02;518.0
2000-03-02;521.0
2000-03-02;521.0
2000-03-02;524.0
2000-03-03;531.0
2000-03-03;532.0
2000-03-03;530.0
2000-03-03;531.0
2000-03-04;533.0
2000-03-04;531.0
2000-03-04;530.0
2000-03-04;531.0
2000-03-05;528.0
2000-03-05;525.0
2000-03-05;525.0
2000-03-05;522.0
2000-03-06;514.0
2000-03-06;508.0
2000-03-06;511.0
2000-03-06;511.0
2000-03-07;527.0
2000-03-07;538.0
2000-03-07;516.0
2000-03-07;527.0
2000-03-08;555.0
2000-03-08;550.0
2000-03-08;560.0
2000-03-08;555.0
2000-03-09;569.0
2000-03-09;570.0
2000-03-09;568.0
2000-03-09;569.0
2000-03-10;569.0
2000-03-10;568.0
2000-03-10;570.0
2000-03-10;569.0
2000-03-11;561.0
2000-03-11;558.0
2000-03-11;564.0
2000-03-11;561.0
2000-03-12;548.0
2000-03-12;548.0
2000-03-12;551.0
2000-03-12;545.0
2000-03-13;528.0
2000-03-13;537.0
2000-03-13;532.0
2000-03-13;532.0
2000-03-14;518.0
2000-03-14;514.0
2000-03-14;514.0
2000-03-14;510.0
2000-03-15;495.0
2000-03-15;495.0
2000-03-15;492.0
2000-03-15;498.0
2000-03-16;475.0
2000-03-16;475.0
2000-03-16;478.0
2000-03-16;472.0
2000-03-17;464.0
2000-03-17;463.0
2000-03-17;463.0
2000-03-17;463.0
2000-03-18;463.0
2000-03-18;464.0
2000-03-18;463.0
2000-03-18;462.0
2000-03-19;464.0
2000-03-19;464.0
2000-03-19;464.0
2000-03-19;464.0
2000-03-20;467.0
2000-03-20;469.0
2000-03-20;466.0
2000-03-20;467.0
2000-03-21;470.0
2000-03-21;498.0
2000-03-21;484.0
2000-03-21;484.0
2000-03-22;506.0
2000-03-22;506.0
2000-03-22;506.0
2000-03-22;506.0
2000-03-23;507.0
2000-03-23;507.0
2000-03-23;507.0
2000-03-23;507.0
2000-03-24;508.0
2000-03-24;513.0
2000-03-24;510.0
2000-03-24;510.0
2000-03-25;518.0
2000-03-25;519.0
2000-03-25;518.0
2000-03-25;518.0
2000-03-26;524.0
2000-03-26;524.0
2000-03-26;526.0
2000-03-26;522.0
2000-03-27;537.0
2000-03-27;535.0
2000-03-27;540.0
2000-03-27;537.0
2000-03-28;544.0
2000-03-28;544.0
2000-03-28;544.0
2000-03-28;544.0
2000-03-29;542.0
2000-03-29;535.0
2000-03-29;538.0
2000-03-29;538.0
2000-03-30;532.0
2000-03-30;538.0
2000-03-30;544.0
2000-03-30;538.0
2000-03-31;569.0
2000-03-31;580.0
2000-03-31;574.0
2000-03-31;574.0
2000-04-01;608.0
2000-04-01;602.0
2000-04-01;602.0
2000-04-01;596.0
2000-04-02;638.0
2000-04-02;644.0
2000-04-02;632.0
2000-04-02;638.0
2000-04-03;676.0
2000-04-03;684.0
2000-04-03;676.0
2000-04-03;669.0
2000-04-04;692.0
2000-04-04;691.0
2000-04-04;691.0
2000-04-04;691.0
2000-04-05;686.0
2000-04-05;688.0
2000-04-05;684.0
2000-04-05;686.0
2000-04-06;680.0
2000-04-06;684.0
2000-04-06;682.0
2000-04-06;682.0
2000-04-07;708.0
2000-04-07;708.0
2000-04-07;702.0
2000-04-07;714.0
2000-04-08;736.0
2000-04-08;738.0
2000-04-08;734.0
2000-04-08;736.0
2000-04-09;746.0
2000-04-09;746.0
2000-04-09;746.0
2000-04-09;746.0
2000-04-10;760.0
2000-04-10;756.0
2000-04-10;764.0
2000-04-10;760.0
2000-04-11;763.0
2000-04-11;764.0
2000-04-11;762.0
2000-04-11;763.0
2000-04-12;764.0
2000-04-12;764.0
2000-04-12;760.0
2000-04-12;768.0
2000-04-13;776.0
2000-04-13;779.0
2000-04-13;777.0
2000-04-13;777.0
2000-04-14;788.0
2000-04-14;786.0
2000-04-14;790.0
2000-04-14;788.0
2000-04-15;794.0
2000-04-15;794.0
2000-04-15;795.0
2000-04-15;794.0
2000-04-16;803.0
2000-04-16;801.0
2000-04-16;806.0
2000-04-16;803.0
2000-04-17;827.0
2000-04-17;823.0
2000-04-17;832.0
2000-04-17;827.0
2000-04-18;848.0
2000-04-18;843.0
2000-04-18;845.0
2000-04-18;845.0
2000-04-19;865.0
2000-04-19;860.0
2000-04-19;870.0
2000-04-19;865.0
2000-04-20;892.0
2000-04-20;884.0
2000-04-20;888.0
2000-04-20;888.0
2000-04-21;897.0
2000-04-21;896.0
2000-04-21;898.0
2000-04-21;897.0
2000-04-22;892.0
2000-04-22;889.0
2000-04-22;887.0
2000-04-22;889.0
2000-04-23;875.0
2000-04-23;872.0
2000-04-23;875.0
2000-04-23;878.0
2000-04-24;870.0
2000-04-24;869.0
2000-04-24;870.0
2000-04-24;871.0
2000-04-25;887.0
2000-04-25;892.0
2000-04-25;887.0
2000-04-25;882.0
2000-04-26;901.0
2000-04-26;900.0
2000-04-26;903.0
2000-04-26;901.0
2000-04-27;911.0
2000-04-27;913.0
2000-04-27;909.0
2000-04-27;911.0
2000-04-28;934.0
2000-04-28;928.0
2000-04-28;940.0
2000-04-28;934.0
2000-04-29;988.0
2000-04-29;988.0
2000-04-29;980.0
2000-04-29;997.0
2000-04-30;1003.0
2000-04-30;1003.0
2000-04-30;1002.0
2000-04-30;1004.0
2000-05-01;1010.0
2000-05-01;1008.0
2000-05-01;1010.0
2000-05-01;1012.0
2000-05-02;1015.0
2000-05-02;1014.0
2000-05-02;1016.0
2000-05-02;1015.0
2000-05-03;1010.0
2000-05-03;1008.0
2000-05-03;1006.0
2000-05-03;1008.0
2000-05-04;998.0
2000-05-04;1002.0
2000-05-04;1000.0
2000-05-04;1000.0
2000-05-05;1044.0
2000-05-05;1026.0
2000-05-05;1008.0
2000-05-05;1026.0
2000-05-06;1077.0
2000-05-06;1074.0
2000-05-06;1077.0
2000-05-06;1080.0
2000-05-07;1080.0
2000-05-07;1082.0
2000-05-07;1079.0
2000-05-07;1080.0
2000-05-08;1073.0
2000-05-08;1078.0
2000-05-08;1075.0
2000-05-08;1075.0
2000-05-09;1069.0
2000-05-09;1068.0
2000-05-09;1068.0
2000-05-09;1068.0
2000-05-10;1075.0
2000-05-10;1076.0
2000-05-10;1075.0
2000-05-10;1075.0
2000-05-11;1094.0
2000-05-11;1080.0
2000-05-11;1087.0
2000-05-11;1087.0
2000-05-12;1114.0
2000-05-12;1121.0
2000-05-12;1128.0
2000-05-12;1121.0
2000-05-13;1145.0
2000-05-13;1140.0
2000-05-13;1142.0
2000-05-13;1142.0
2000-05-14;1142.0
2000-05-14;1144.0
2000-05-14;1140.0
2000-05-14;1142.0
2000-05-15;1114.0
2000-05-15;1128.0
2000-05-15;1121.0
2000-05-15;1121.0
2000-05-16;1102.0
2000-05-16;1106.0
2000-05-16;1098.0
2000-05-16;1102.0
2000-05-17;1070.0
2000-05-17;1066.0
2000-05-17;1070.0
2000-05-17;1074.0
2000-05-18;1054.0
2000-05-18;1049.0
2000-05-18;1049.0
2000-05-18;1044.0
2000-05-19;1022.0
2000-05-19;1027.0
2000-05-19;1027.0
2000-05-19;1033.0
2000-05-20;1002.0
2000-05-20;1006.0
2000-05-20;1011.0
2000-05-20;1006.0
2000-05-21;992.0
2000-05-21;998.0
2000-05-21;995.0
2000-05-21;995.0
2000-05-22;986.0
2000-05-22;986.0
2000-05-22;985.0
2000-05-22;988.0
2000-05-23;993.0
2000-05-23;993.0
2000-05-23;996.0
2000-05-23;990.0
2000-05-24;1000.0
2000-05-24;1002.0
2000-05-24;998.0
2000-05-24;1000.0
2000-05-25;1000.0
2000-05-25;1000.0
2000-05-25;1002.0
2000-05-25;999.0
2000-05-26;984.0
2000-05-26;989.0
2000-05-26;994.0
2000-05-26;989.0
2000-05-27;973.0
2000-05-27;973.0
2000-05-27;970.0
2000-05-27;977.0
2000-05-28;959.0
2000-05-28;956.0
2000-05-28;962.0
2000-05-28;959.0
2000-05-29;949.0
2000-05-29;947.0
2000-05-29;947.0
2000-05-29;945.0
2000-05-30;948.0
2000-05-30;946.0
2000-05-30;946.0
2000-05-30;944.0
2000-05-31;966.0
2000-05-31;960.0
2000-05-31;973.0
2000-05-31;966.0
2000-06-01;988.0
2000-06-01;990.0
2000-06-01;988.0
2000-06-01;987.0
2000-06-02;1001.0
2000-06-02;1000.0
2000-06-02;1000.0
2000-06-02;1000.0
2000-06-03;994.0
2000-06-03;994.0
2000-06-03;991.0
2000-06-03;997.0
2000-06-04;977.0
2000-06-04;982.0
2000-06-04;972.0
2000-06-04;977.0
2000-06-05;964.0
2000-06-05;966.0
2000-06-05;966.0
2000-06-05;968.0
2000-06-06;958.0
2000-06-06;960.0
2000-06-06;959.0
2000-06-06;959.0
2000-06-07;948.0
2000-06-07;952.0
2000-06-07;945.0
2000-06-07;948.0
2000-06-08;932.0
2000-06-08;928.0
2000-06-08;936.0
2000-06-08;932.0
2000-06-09;911.0
2000-06-09;911.0
2000-06-09;908.0
2000-06-09;914.0
2000-06-10;896.0
2000-06-10;897.0
2000-06-10;897.0
2000-06-10;899.0
2000-06-11;897.0
2000-06-11;898.0
2000-06-11;896.0
2000-06-11;897.0
2000-06-12;899.0
2000-06-12;899.0
2000-06-12;899.0
2000-06-12;899.0
2000-06-13;901.0
2000-06-13;904.0
2000-06-13;902.0
2000-06-13;902.0
2000-06-14;903.0
2000-06-14;903.0
2000-06-14;903.0
2000-06-14;903.0
2000-06-15;904.0
2000-06-15;904.0
2000-06-15;904.0
2000-06-15;904.0
2000-06-16;903.0
2000-06-16;903.0
2000-06-16;904.0
2000-06-16;903.0
2000-06-17;924.0
2000-06-17;916.0
2000-06-17;916.0
2000-06-17;908.0
2000-06-18;956.0
2000-06-18;948.0
2000-06-18;956.0
2000-06-18;964.0
2000-06-19;992.0
2000-06-19;999.0
2000-06-19;992.0
2000-06-19;986.0
2000-06-20;1014.0
2000-06-20;1028.0
2000-06-20;1014.0
2000-06-20;1001.0
2000-06-21;1035.0
2000-06-21;1036.0
2000-06-21;1035.0
2000-06-21;1035.0
2000-06-22;1036.0
2000-06-22;1044.0
2000-06-22;1040.0
2000-06-22;1040.0
2000-06-23;1047.0
2000-06-23;1050.0
2000-06-23;1045.0
2000-06-23;1047.0
2000-06-24;1045.0
2000-06-24;1045.0
2000-06-24;1047.0
2000-06-24;1044.0
2000-06-25;1035.0
2000-06-25;1038.0
2000-06-25;1032.0
2000-06-25;1035.0
2000-06-26;1017.0
2000-06-26;1014.0
2000-06-26;1017.0
2000-06-26;1021.0
2000-06-27;986.0
2000-06-27;987.0
2000-06-27;988.0
2000-06-27;987.0
2000-06-28;979.0
2000-06-28;982.0
2000-06-28;977.0
2000-06-28;979.0
2000-06-29;968.0
2000-06-29;963.0
2000-06-29;974.0
2000-06-29;968.0
2000-06-30;963.0
2000-06-30;962.0
2000-06-30;962.0
2000-06-30;962.0
2000-07-01;960.0
2000-07-01;960.0
2000-07-01;960.0
2000-07-01;960.0
2000-07-02;964.0
2000-07-02;964.0
2000-07-02;964.0
2000-07-02;965.0
2000-07-03;965.0
2000-07-03;965.0
2000-07-03;966.0
2000-07-03;965.0
2000-07-04;966.0
2000-07-04;967.0
2000-07-04;966.0
2000-07-04;965.0
2000-07-05;981.0
2000-07-05;984.0
2000-07-05;978.0
2000-07-05;981.0
2000-07-06;1002.0
2000-07-06;1002.0
2000-07-06;1010.0
2000-07-06;995.0
2000-07-07;1023.0
2000-07-07;1026.0
2000-07-07;1023.0
2000-07-07;1020.0
2000-07-08;1035.0
2000-07-08;1037.0
2000-07-08;1039.0
2000-07-08;1037.0
2000-07-09;1040.0
2000-07-09;1040.0
2000-07-09;1040.0
2000-07-09;1040.0
2000-07-10;1031.0
2000-07-10;1028.0
2000-07-10;1031.0
2000-07-10;1034.0
2000-07-11;1011.0
2000-07-11;1016.0
2000-07-11;1011.0
2000-07-11;1006.0
2000-07-12;1001.0
2000-07-12;999.0
2000-07-12;1003.0
2000-07-12;1001.0
2000-07-13;986.0
2000-07-13;990.0
2000-07-13;988.0
2000-07-13;988.0
2000-07-14;984.0
2000-07-14;984.0
2000-07-14;984.0
2000-07-14;984.0
2000-07-15;982.0
2000-07-15;983.0
2000-07-15;982.0
2000-07-15;982.0
2000-07-16;978.0
2000-07-16;979.0
2000-07-16;979.0
2000-07-16;980.0
2000-07-17;976.0
2000-07-17;977.0
2000-07-17;976.0
2000-07-17;975.0
2000-07-18;972.0
2000-07-18;971.0
2000-07-18;972.0
2000-07-18;973.0
2000-07-19;969.0
2000-07-19;970.0
2000-07-19;969.0
2000-07-19;969.0
2000-07-20;976.0
2000-07-20;974.0
2000-07-20;974.0
2000-07-20;972.0
2000-07-21;982.0
2000-07-21;998.0
2000-07-21;990.0
2000-07-21;990.0
2000-07-22;1002.0
2000-07-22;1002.0
2000-07-22;1002.0
2000-07-22;1002.0
2000-07-23;1004.0
2000-07-23;1005.0
2000-07-23;1004.0
2000-07-23;1004.0
2000-07-24;1007.0
2000-07-24;1007.0
2000-07-24;1007.0
2000-07-24;1008.0
2000-07-25;1003.0
2000-07-25;1005.0
2000-07-25;1002.0
2000-07-25;1003.0
2000-07-26;989.0
2000-07-26;998.0
2000-07-26;989.0
2000-07-26;980.0
2000-07-27;984.0
2000-07-27;984.0
2000-07-27;984.0
2000-07-27;984.0
2000-07-28;988.0
2000-07-28;987.0
2000-07-28;990.0
2000-07-28;988.0
2000-07-29;990.0
2000-07-29;991.0
2000-07-29;990.0
2000-07-29;990.0
2000-07-30;1007.0
2000-07-30;1007.0
2000-07-30;1001.0
2000-07-30;1014.0
2000-07-31;1027.0
2000-07-31;1032.0
2000-07-31;1029.0
2000-07-31;1029.0
2000-08-01;1032.0
2000-08-01;1032.0
2000-08-01;1031.0
2000-08-01;1032.0
2000-08-02;1021.0
2000-08-02;1021.0
2000-08-02;1025.0
2000-08-02;1017.0
2000-08-03;1011.0
2000-08-03;1012.0
2000-08-03;1010.0
2000-08-03;1011.0
2000-08-04;1011.0
2000-08-04;1011.0
2000-08-04;1011.0
2000-08-04;1011.0
2000-08-05;1009.0
2000-08-05;1008.0
2000-08-05;1009.0
2000-08-05;1009.0
2000-08-06;1004.0
2000-08-06;1008.0
2000-08-06;1006.0
2000-08-06;1006.0
2000-08-07;996.0
2000-08-07;996.0
2000-08-07;998.0
2000-08-07;993.0
2000-08-08;984.0
2000-08-08;982.0
2000-08-08;985.0
2000-08-08;984.0
2000-08-09;975.0
2000-08-09;972.0
2000-08-09;969.0
2000-08-09;972.0
2000-08-10;959.0
2000-08-10;962.0
2000-08-10;955.0
2000-08-10;959.0
2000-08-11;937.0
2000-08-11;941.0
2000-08-11;945.0
2000-08-11;941.0
2000-08-12;918.0
2000-08-12;923.0
2000-08-12;922.0
2000-08-12;927.0
2000-08-13;909.0
2000-08-13;910.0
2000-08-13;908.0
2000-08-13;909.0
2000-08-14;898.0
2000-08-14;899.0
2000-08-14;899.0
2000-08-14;900.0
2000-08-15;892.0
2000-08-15;892.0
2000-08-15;895.0
2000-08-15;889.0
2000-08-16;883.0
2000-08-16;882.0
2000-08-16;884.0
2000-08-16;883.0
2000-08-17;890.0
2000-08-17;888.0
2000-08-17;889.0
2000-08-17;887.0
2000-08-18;900.0
2000-08-18;901.0
2000-08-18;898.0
2000-08-18;899.0
2000-08-19;906.0
2000-08-19;905.0
2000-08-19;906.0
2000-08-19;906.0
2000-08-20;902.0
2000-08-20;899.0
2000-08-20;901.0
2000-08-20;901.0
2000-08-21;897.0
2000-08-21;896.0
2000-08-21;898.0
2000-08-21;897.0
2000-08-22;897.0
2000-08-22;896.0
2000-08-22;897.0
2000-08-22;896.0
2000-08-23;902.0
2000-08-23;900.0
2000-08-23;904.0
2000-08-23;902.0
2000-08-24;904.0
2000-08-24;906.0
2000-08-24;905.0
2000-08-24;905.0
2000-08-25;905.0
2000-08-25;904.0
2000-08-25;906.0
2000-08-25;905.0
2000-08-26;905.0
2000-08-26;904.0
2000-08-26;906.0
2000-08-26;905.0
2000-08-27;917.0
2000-08-27;914.0
2000-08-27;910.0
2000-08-27;914.0
2000-08-28;924.0
2000-08-28;928.0
2000-08-28;920.0
2000-08-28;924.0
2000-08-29;929.0
2000-08-29;928.0
2000-08-29;928.0
2000-08-29;929.0
2000-08-30;919.0
2000-08-30;916.0
2000-08-30;922.0
2000-08-30;919.0
2000-08-31;905.0
2000-08-31;905.0
2000-08-31;908.0
2000-08-31;902.0
2000-09-01;894.0
2000-09-01;897.0
2000-09-01;890.0
2000-09-01;894.0
2000-09-02;872.0
2000-09-02;886.0
2000-09-02;879.0
2000-09-02;879.0
2000-09-03;863.0
2000-09-03;865.0
2000-09-03;866.0
2000-09-03;865.0
2000-09-04;858.0
2000-09-04;858.0
2000-09-04;857.0
2000-09-04;858.0
2000-09-05;859.0
2000-09-05;860.0
2000-09-05;858.0
2000-09-05;859.0
2000-09-06;865.0
2000-09-06;865.0
2000-09-06;866.0
2000-09-06;864.0
2000-09-07;868.0
2000-09-07;867.0
2000-09-07;868.0
2000-09-07;868.0
2000-09-08;867.0
2000-09-08;866.0
2000-09-08;867.0
2000-09-08;867.0
2000-09-09;862.0
2000-09-09;860.0
2000-09-09;863.0
2000-09-09;862.0
2000-09-10;861.0
2000-09-10;861.0
2000-09-10;861.0
2000-09-10;861.0
2000-09-11;865.0
2000-09-11;865.0
2000-09-11;866.0
2000-09-11;864.0
2000-09-12;860.0
2000-09-12;864.0
2000-09-12;862.0
2000-09-12;862.0
2000-09-13;849.0
2000-09-13;846.0
2000-09-13;852.0
2000-09-13;849.0
2000-09-14;839.0
2000-09-14;836.0
2000-09-14;839.0
2000-09-14;841.0
2000-09-15;821.0
2000-09-15;817.0
2000-09-15;824.0
2000-09-15;821.0
2000-09-16;797.0
2000-09-16;805.0
2000-09-16;801.0
2000-09-16;801.0
2000-09-17;784.0
2000-09-17;780.0
2000-09-17;788.0
2000-09-17;784.0
2000-09-18;776.0
2000-09-18;775.0
2000-09-18;775.0
2000-09-18;774.0
2000-09-19;767.0
2000-09-19;767.0
2000-09-19;764.0
2000-09-19;770.0
2000-09-20;757.0
2000-09-20;758.0
2000-09-20;757.0
2000-09-20;755.0
2000-09-21;752.0
2000-09-21;751.0
2000-09-21;751.0
2000-09-21;750.0
2000-09-22;746.0
2000-09-22;744.0
2000-09-22;741.0
2000-09-22;744.0
2000-09-23;735.0
2000-09-23;736.0
2000-09-23;736.0
2000-09-23;736.0
2000-09-24;739.0
2000-09-24;738.0
2000-09-24;739.0
2000-09-24;739.0
2000-09-25;742.0
2000-09-25;740.0
2000-09-25;741.0
2000-09-25;741.0
2000-09-26;742.0
2000-09-26;742.0
2000-09-26;742.0
2000-09-26;742.0
2000-09-27;745.0
2000-09-27;744.0
2000-09-27;746.0
2000-09-27;745.0
2000-09-28;750.0
2000-09-28;749.0
2000-09-28;748.0
2000-09-28;749.0
2000-09-29;751.0
2000-09-29;752.0
2000-09-29;751.0
2000-09-29;750.0
2000-09-30;752.0
2000-09-30;752.0
2000-09-30;752.0
2000-09-30;752.0
2000-10-01;752.0
2000-10-01;752.0
2000-10-01;752.0
2000-10-01;752.0
2000-10-02;752.0
2000-10-02;751.0
2000-10-02;752.0
2000-10-02;752.0
2000-10-03;751.0
2000-10-03;748.0
2000-10-03;750.0
2000-10-03;750.0
2000-10-04;741.0
2000-10-04;743.0
2000-10-04;741.0
2000-10-04;738.0
2000-10-05;731.0
2000-10-05;732.0
2000-10-05;730.0
2000-10-05;731.0
2000-10-06;725.0
2000-10-06;727.0
2000-10-06;727.0
2000-10-06;728.0
2000-10-07;721.0
2000-10-07;721.0
2000-10-07;723.0
2000-10-07;718.0
2000-10-08;715.0
2000-10-08;716.0
2000-10-08;716.0
2000-10-08;716.0
2000-10-09;716.0
2000-10-09;718.0
2000-10-09;717.0
2000-10-09;717.0
2000-10-10;721.0
2000-10-10;721.0
2000-10-10;722.0
2000-10-10;720.0
2000-10-11;720.0
2000-10-11;722.0
2000-10-11;722.0
2000-10-11;724.0
2000-10-12;720.0
2000-10-12;720.0
2000-10-12;720.0
2000-10-12;720.0
2000-10-13;718.0
2000-10-13;718.0
2000-10-13;718.0
2000-10-13;718.0
2000-10-14;717.0
2000-10-14;718.0
2000-10-14;717.0
2000-10-14;716.0
2000-10-15;718.0
2000-10-15;718.0
2000-10-15;718.0
2000-10-15;718.0
2000-10-16;717.0
2000-10-16;718.0
2000-10-16;716.0
2000-10-16;717.0
2000-10-17;716.0
2000-10-17;716.0
2000-10-17;716.0
2000-10-17;716.0
2000-10-18;725.0
2000-10-18;727.0
2000-10-18;725.0
2000-10-18;722.0
2000-10-19;727.0
2000-10-19;727.0
2000-10-19;727.0
2000-10-19;726.0
2000-10-20;736.0
2000-10-20;732.0
2000-10-20;734.0
2000-10-20;734.0
2000-10-21;736.0
2000-10-21;737.0
2000-10-21;737.0
2000-10-21;737.0
2000-10-22;758.0
2000-10-22;767.0
2000-10-22;748.0
2000-10-22;758.0
2000-10-23;772.0
2000-10-23;773.0
2000-10-23;772.0
2000-10-23;770.0
2000-10-24;768.0
2000-10-24;768.0
2000-10-24;766.0
2000-10-24;770.0
2000-10-25;760.0
2000-10-25;758.0
2000-10-25;762.0
2000-10-25;760.0
2000-10-26;747.0
2000-10-26;749.0
2000-10-26;745.0
2000-10-26;747.0
2000-10-27;736.0
2000-10-27;732.0
2000-10-27;740.0
2000-10-27;736.0
2000-10-28;729.0
2000-10-28;728.0
2000-10-28;729.0
2000-10-28;730.0
2000-10-29;733.0
2000-10-29;729.0
2000-10-29;733.0
2000-10-29;736.0
2000-10-30;729.0
2000-10-30;729.0
2000-10-30;726.0
2000-10-30;732.0
2000-10-31;730.0
2000-10-31;726.0
2000-10-31;728.0
2000-10-31;728.0
2000-11-01;745.0
2000-11-01;744.0
2000-11-01;737.0
2000-11-01;752.0
2000-11-02;766.0
2000-11-02;769.0
2000-11-02;772.0
2000-11-02;769.0
2000-11-03;785.0
2000-11-03;784.0
2000-11-03;783.0
2000-11-03;786.0
2000-11-04;771.0
2000-11-04;770.0
2000-11-04;772.0
2000-11-04;771.0
2000-11-05;760.0
2000-11-05;757.0
2000-11-05;762.0
2000-11-05;760.0
2000-11-06;749.0
2000-11-06;749.0
2000-11-06;751.0
2000-11-06;747.0
2000-11-07;742.0
2000-11-07;732.0
2000-11-07;737.0
2000-11-07;737.0
2000-11-08;726.0
2000-11-08;727.0
2000-11-08;727.0
2000-11-08;728.0
2000-11-09;714.0
2000-11-09;718.0
2000-11-09;710.0
2000-11-09;714.0
2000-11-10;695.0
2000-11-10;702.0
2000-11-10;699.0
2000-11-10;698.0
2000-11-11;677.0
2000-11-11;669.0
2000-11-11;676.0
2000-11-11;684.0
2000-11-12;658.0
2000-11-12;666.0
2000-11-12;662.0
2000-11-12;662.0
2000-11-13;641.0
2000-11-13;647.0
2000-11-13;644.0
2000-11-13;644.0
2000-11-14;624.0
2000-11-14;629.0
2000-11-14;620.0
2000-11-14;625.0
2000-11-15;607.0
2000-11-15;604.0
2000-11-15;610.0
2000-11-15;607.0
2000-11-16;596.0
2000-11-16;588.0
2000-11-16;592.0
2000-11-16;592.0
2000-11-17;578.0
2000-11-17;580.0
2000-11-17;575.0
2000-11-17;578.0
2000-11-18;576.0
2000-11-18;576.0
2000-11-18;576.0
2000-11-18;576.0
2000-11-19;575.0
2000-11-19;578.0
2000-11-19;582.0
2000-11-19;579.0
2000-11-20;612.0
2000-11-20;624.0
2000-11-20;599.0
2000-11-20;612.0
2000-11-21;660.0
2000-11-21;671.0
2000-11-21;682.0
2000-11-21;671.0
2000-11-22;725.0
2000-11-22;740.0
2000-11-22;725.0
2000-11-22;710.0
2000-11-23;766.0
2000-11-23;763.0
2000-11-23;760.0
2000-11-23;763.0
2000-11-24;766.0
2000-11-24;767.0
2000-11-24;766.0
2000-11-24;767.0
2000-11-25;753.0
2000-11-25;744.0
2000-11-25;749.0
2000-11-25;748.0
2000-11-26;730.0
2000-11-26;725.0
2000-11-26;720.0
2000-11-26;725.0
2000-11-27;704.0
2000-11-27;698.0
2000-11-27;701.0
2000-11-27;701.0
2000-11-28;687.0
2000-11-28;684.0
2000-11-28;684.0
2000-11-28;680.0
2000-11-29;669.0
2000-11-29;666.0
2000-11-29;669.0
2000-11-29;672.0
2000-11-30;654.0
2000-11-30;659.0
2000-11-30;650.0
2000-11-30;655.0
2000-12-01;649.0
2000-12-01;646.0
2000-12-01;648.0
2000-12-01;648.0
2000-12-02;643.0
2000-12-02;644.0
2000-12-02;642.0
2000-12-02;643.0
2000-12-03;639.0
2000-12-03;639.0
2000-12-03;639.0
2000-12-03;639.0
2000-12-04;643.0
2000-12-04;644.0
2000-12-04;641.0
2000-12-04;642.0
2000-12-05;646.0
2000-12-05;646.0
2000-12-05;645.0
2000-12-05;646.0
2000-12-06;661.0
2000-12-06;666.0
2000-12-06;656.0
2000-12-06;661.0
2000-12-07;682.0
2000-12-07;682.0
2000-12-07;694.0
2000-12-07;670.0
2000-12-08;723.0
2000-12-08;723.0
2000-12-08;716.0
2000-12-08;730.0
2000-12-09;748.0
2000-12-09;741.0
2000-12-09;748.0
2000-12-09;755.0
2000-12-10;770.0
2000-12-10;768.0
2000-12-10;771.0
2000-12-10;770.0
2000-12-11;776.0
2000-12-11;775.0
2000-12-11;774.0
2000-12-11;775.0
2000-12-12;773.0
2000-12-12;772.0
2000-12-12;774.0
2000-12-12;773.0
2000-12-13;770.0
2000-12-13;768.0
2000-12-13;769.0
2000-12-13;769.0
2000-12-14;764.0
2000-12-14;766.0
2000-12-14;767.0
2000-12-14;766.0
2000-12-15;755.0
2000-12-15;758.0
2000-12-15;752.0
2000-12-15;755.0
2000-12-16;737.0
2000-12-16;732.0
2000-12-16;737.0
2000-12-16;742.0
2000-12-17;711.0
2000-12-17;718.0
2000-12-17;711.0
2000-12-17;704.0
2000-12-18;683.0
2000-12-18;690.0
2000-12-18;683.0
2000-12-18;676.0
2000-12-19;666.0
2000-12-19;655.0
2000-12-19;655.0
2000-12-19;644.0
2000-12-20;628.0
2000-12-20;622.0
2000-12-20;634.0
2000-12-20;628.0
2000-12-21;611.0
2000-12-21;607.0
2000-12-21;614.0
2000-12-21;610.0
2000-12-22;595.0
2000-12-22;594.0
2000-12-22;597.0
2000-12-22;592.0
2000-12-23;584.0
2000-12-23;586.0
2000-12-23;583.0
2000-12-23;585.0
2000-12-24;574.0
2000-12-24;572.0
2000-12-24;576.0
2000-12-24;574.0
2000-12-25;577.0
2000-12-25;577.0
2000-12-25;574.0
2000-12-25;580.0
2000-12-26;602.0
2000-12-26;594.0
2000-12-26;598.0
2000-12-26;598.0
2000-12-27;604.0
2000-12-27;605.0
2000-12-27;605.0
2000-12-27;606.0
2000-12-28;605.0
2000-12-28;606.0
2000-12-28;606.0
2000-12-28;606.0
2000-12-29;604.0
2000-12-29;604.0
2000-12-29;605.0
2000-12-29;605.0
2000-12-30;604.0
2000-12-30;604.0
2000-12-30;604.0
2000-12-30;604.0
2000-12-31;598.0
2000-12-31;595.0
2000-12-31;597.0
2000-12-31;596.0
2001-01-01;590.0
2001-01-01;591.0
2001-01-01;592.0
2001-01-01;591.0
2001-01-02;598.0
2001-01-02;598.0
2001-01-02;596.0
2001-01-02;600.0
2001-01-03;602.0
2001-01-03;602.0
2001-01-03;603.0
2001-01-03;603.0
2001-01-04;598.0
2001-01-04;600.0
2001-01-04;595.0
2001-01-04;598.0
2001-01-05;586.0
2001-01-05;588.0
2001-01-05;590.0
2001-01-05;588.0
2001-01-06;574.0
2001-01-06;572.0
2001-01-06;576.0
2001-01-06;574.0
2001-01-07;570.0
2001-01-07;563.0
2001-01-07;567.0
2001-01-07;566.0
2001-01-08;591.0
2001-01-08;586.0
2001-01-08;591.0
2001-01-08;596.0
2001-01-09;597.0
2001-01-09;598.0
2001-01-09;596.0
2001-01-09;597.0
2001-01-10;594.0
2001-01-10;594.0
2001-01-10;594.0
2001-01-10;594.0
2001-01-11;581.0
2001-01-11;574.0
2001-01-11;588.0
2001-01-11;581.0
2001-01-12;568.0
2001-01-12;570.0
2001-01-12;566.0
2001-01-12;568.0
2001-01-13;558.0
2001-01-13;552.0
2001-01-13;563.0
2001-01-13;558.0
2001-01-14;545.0
2001-01-14;548.0
2001-01-14;544.0
2001-01-14;541.0
2001-01-15;529.0
2001-01-15;530.0
2001-01-15;530.0
2001-01-15;531.0
2001-01-16;546.0
2001-01-16;540.0
2001-01-16;552.0
2001-01-16;546.0
2001-01-17;574.0
2001-01-17;579.0
2001-01-17;583.0
2001-01-17;578.0
2001-01-18;587.0
2001-01-18;587.0
2001-01-18;586.0
2001-01-18;586.0
2001-01-19;581.0
2001-01-19;583.0
2001-01-19;578.0
2001-01-19;580.0
2001-01-20;586.0
2001-01-20;586.0
2001-01-20;586.0
2001-01-20;586.0
2001-01-21;592.0
2001-01-21;596.0
2001-01-21;596.0
2001-01-21;600.0
2001-01-22;623.0
2001-01-22;619.0
2001-01-22;614.0
2001-01-22;618.0
2001-01-23;631.0
2001-01-23;634.0
2001-01-23;633.0
2001-01-23;632.0
2001-01-24;631.0
2001-01-24;632.0
2001-01-24;630.0
2001-01-24;631.0
2001-01-25;625.0
2001-01-25;625.0
2001-01-25;624.0
2001-01-25;624.0
2001-01-26;626.0
2001-01-26;625.0
2001-01-26;626.0
2001-01-26;626.0
2001-01-27;621.0
2001-01-27;620.0
2001-01-27;622.0
2001-01-27;621.0
2001-01-28;622.0
2001-01-28;622.0
2001-01-28;622.0
2001-01-28;621.0
2001-01-29;627.0
2001-01-29;628.0
2001-01-29;626.0
2001-01-29;627.0
2001-01-30;632.0
2001-01-30;632.0
2001-01-30;632.0
2001-01-30;632.0
2001-01-31;628.0
2001-01-31;624.0
2001-01-31;624.0
2001-01-31;620.0
2001-02-01;598.0
2001-02-01;603.0
2001-02-01;603.0
2001-02-01;608.0
2001-02-02;576.0
2001-02-02;570.0
2001-02-02;582.0
2001-02-02;576.0
2001-02-03;552.0
2001-02-03;556.0
2001-02-03;548.0
2001-02-03;552.0
2001-02-04;534.0
2001-02-04;537.0
2001-02-04;534.0
2001-02-04;530.0
2001-02-05;516.0
2001-02-05;522.0
2001-02-05;519.0
2001-02-05;519.0
2001-02-06;509.0
2001-02-06;510.0
2001-02-06;509.0
2001-02-06;508.0
2001-02-07;514.0
2001-02-07;514.0
2001-02-07;516.0
2001-02-07;512.0
2001-02-08;520.0
2001-02-08;521.0
2001-02-08;521.0
2001-02-08;522.0
2001-02-09;523.0
2001-02-09;522.0
2001-02-09;524.0
2001-02-09;523.0
2001-02-10;529.0
2001-02-10;530.0
2001-02-10;531.0
2001-02-10;532.0
2001-02-11;546.0
2001-02-11;542.0
2001-02-11;550.0
2001-02-11;546.0
2001-02-12;563.0
2001-02-12;563.0
2001-02-12;560.0
2001-02-12;566.0
2001-02-13;571.0
2001-02-13;572.0
2001-02-13;570.0
2001-02-13;571.0
2001-02-14;566.0
2001-02-14;572.0
2001-02-14;560.0
2001-02-14;566.0
2001-02-15;553.0
2001-02-15;556.0
2001-02-15;553.0
2001-02-15;550.0
2001-02-16;541.0
2001-02-16;540.0
2001-02-16;542.0
2001-02-16;541.0
2001-02-17;536.0
2001-02-17;536.0
2001-02-17;532.0
2001-02-17;540.0
2001-02-18;541.0
2001-02-18;542.0
2001-02-18;542.0
2001-02-18;542.0
2001-02-19;529.0
2001-02-19;525.0
2001-02-19;532.0
2001-02-19;528.0
2001-02-20;516.0
2001-02-20;515.0
2001-02-20;516.0
2001-02-20;516.0
2001-02-21;524.0
2001-02-21;530.0
2001-02-21;536.0
2001-02-21;530.0
2001-02-22;545.0
2001-02-22;543.0
2001-02-22;546.0
2001-02-22;544.0
2001-02-23;532.0
2001-02-23;536.0
2001-02-23;536.0
2001-02-23;539.0
2001-02-24;522.0
2001-02-24;522.0
2001-02-24;520.0
2001-02-24;524.0
2001-02-25;522.0
2001-02-25;524.0
2001-02-25;520.0
2001-02-25;522.0
2001-02-26;521.0
2001-02-26;524.0
2001-02-26;524.0
2001-02-26;526.0
2001-02-27;518.0
2001-02-27;516.0
2001-02-27;520.0
2001-02-27;518.0
2001-02-28;507.0
2001-02-28;503.0
2001-02-28;498.0
2001-02-28;503.0
2001-03-01;478.0
2001-03-01;488.0
2001-03-01;483.0
2001-03-01;483.0
2001-03-02;468.0
2001-03-02;468.0
2001-03-02;466.0
2001-03-02;470.0
2001-03-03;459.0
2001-03-03;460.0
2001-03-03;460.0
2001-03-03;460.0
2001-03-04;464.0
2001-03-04;468.0
2001-03-04;471.0
2001-03-04;468.0
2001-03-05;496.0
2001-03-05;504.0
2001-03-05;497.0
2001-03-05;489.0
2001-03-06;523.0
2001-03-06;520.0
2001-03-06;526.0
2001-03-06;523.0
2001-03-07;530.0
2001-03-07;531.0
2001-03-07;530.0
2001-03-07;531.0
2001-03-08;528.0
2001-03-08;528.0
2001-03-08;530.0
2001-03-08;525.0
2001-03-09;531.0
2001-03-09;526.0
2001-03-09;521.0
2001-03-09;526.0
2001-03-10;547.0
2001-03-10;545.0
2001-03-10;545.0
2001-03-10;543.0
2001-03-11;559.0
2001-03-11;556.0
2001-03-11;559.0
2001-03-11;562.0
2001-03-12;553.0
2001-03-12;552.0
2001-03-12;552.0
2001-03-12;553.0
2001-03-13;540.0
2001-03-13;544.0
2001-03-13;548.0
2001-03-13;544.0
2001-03-14;527.0
2001-03-14;531.0
2001-03-14;527.0
2001-03-14;523.0
2001-03-15;511.0
2001-03-15;514.0
2001-03-15;508.0
2001-03-15;511.0
2001-03-16;499.0
2001-03-16;499.0
2001-03-16;499.0
2001-03-16;498.0
2001-03-17;503.0
2001-03-17;502.0
2001-03-17;500.0
2001-03-17;501.0
2001-03-18;513.0
2001-03-18;511.0
2001-03-18;512.0
2001-03-18;512.0
2001-03-19;540.0
2001-03-19;545.0
2001-03-19;550.0
2001-03-19;545.0
2001-03-20;563.0
2001-03-20;560.0
2001-03-20;562.0
2001-03-20;562.0
2001-03-21;564.0
2001-03-21;564.0
2001-03-21;564.0
2001-03-21;564.0
2001-03-22;568.0
2001-03-22;572.0
2001-03-22;564.0
2001-03-22;568.0
2001-03-23;588.0
2001-03-23;587.0
2001-03-23;586.0
2001-03-23;587.0
2001-03-24;587.0
2001-03-24;586.0
2001-03-24;587.0
2001-03-24;588.0
2001-03-25;577.0
2001-03-25;582.0
2001-03-25;572.0
2001-03-25;577.0
2001-03-26;574.0
2001-03-26;574.0
2001-03-26;574.0
2001-03-26;574.0
2001-03-27;580.0
2001-03-27;580.0
2001-03-27;576.0
2001-03-27;583.0
2001-03-28;596.0
2001-03-28;597.0
2001-03-28;594.0
2001-03-28;596.0
2001-03-29;602.0
2001-03-29;602.0
2001-03-29;602.0
2001-03-29;602.0
2001-03-30;594.0
2001-03-30;596.0
2001-03-30;596.0
2001-03-30;598.0
2001-03-31;586.0
2001-03-31;588.0
2001-03-31;584.0
2001-03-31;586.0
2001-04-01;575.0
2001-04-01;575.0
2001-04-01;572.0
2001-04-01;578.0
2001-04-02;564.0
2001-04-02;566.0
2001-04-02;561.0
2001-04-02;564.0
2001-04-03;554.0
2001-04-03;549.0
2001-04-03;552.0
2001-04-03;552.0
2001-04-04;547.0
2001-04-04;546.0
2001-04-04;548.0
2001-04-04;547.0
2001-04-05;544.0
2001-04-05;542.0
2001-04-05;540.0
2001-04-05;542.0
2001-04-06;532.0
2001-04-06;528.0
2001-04-06;536.0
2001-04-06;532.0
2001-04-07;526.0
2001-04-07;524.0
2001-04-07;527.0
2001-04-07;526.0
2001-04-08;521.0
2001-04-08;521.0
2001-04-08;520.0
2001-04-08;522.0
2001-04-09;525.0
2001-04-09;532.0
2001-04-09;529.0
2001-04-09;528.0
2001-04-10;545.0
2001-04-10;544.0
2001-04-10;547.0
2001-04-10;542.0
2001-04-11;553.0
2001-04-11;553.0
2001-04-11;552.0
2001-04-11;552.0
2001-04-12;556.0
2001-04-12;557.0
2001-04-12;554.0
2001-04-12;556.0
2001-04-13;565.0
2001-04-13;561.0
2001-04-13;563.0
2001-04-13;563.0
2001-04-14;580.0
2001-04-14;580.0
2001-04-14;576.0
2001-04-14;584.0
2001-04-15;607.0
2001-04-15;616.0
2001-04-15;598.0
2001-04-15;607.0
2001-04-16;630.0
2001-04-16;626.0
2001-04-16;626.0
2001-04-16;622.0
2001-04-17;643.0
2001-04-17;642.0
2001-04-17;640.0
2001-04-17;642.0
2001-04-18;642.0
2001-04-18;640.0
2001-04-18;643.0
2001-04-18;642.0
2001-04-19;623.0
2001-04-19;635.0
2001-04-19;629.0
2001-04-19;629.0
2001-04-20;629.0
2001-04-20;629.0
2001-04-20;629.0
2001-04-20;629.0
2001-04-21;634.0
2001-04-21;633.0
2001-04-21;635.0
2001-04-21;636.0
2001-04-22;637.0
2001-04-22;636.0
2001-04-22;637.0
2001-04-22;636.0
2001-04-23;632.0
2001-04-23;630.0
2001-04-23;632.0
2001-04-23;633.0
2001-04-24;623.0
2001-04-24;623.0
2001-04-24;620.0
2001-04-24;626.0
2001-04-25;610.0
2001-04-25;614.0
2001-04-25;612.0
2001-04-25;612.0
2001-04-26;604.0
2001-04-26;602.0
2001-04-26;606.0
2001-04-26;604.0
2001-04-27;610.0
2001-04-27;604.0
2001-04-27;607.0
2001-04-27;607.0
2001-04-28;653.0
2001-04-28;645.0
2001-04-28;636.0
2001-04-28;644.0
2001-04-29;672.0
2001-04-29;677.0
2001-04-29;677.0
2001-04-29;682.0
2001-04-30;702.0
2001-04-30;702.0
2001-04-30;707.0
2001-04-30;696.0
2001-05-01;736.0
2001-05-01;750.0
2001-05-01;763.0
2001-05-01;750.0
2001-05-02;780.0
2001-05-02;787.0
2001-05-02;784.0
2001-05-02;784.0
2001-05-03;800.0
2001-05-03;803.0
2001-05-03;796.0
2001-05-03;800.0
2001-05-04;816.0
2001-05-04;817.0
2001-05-04;817.0
2001-05-04;816.0
2001-05-05;817.0
2001-05-05;818.0
2001-05-05;818.0
2001-05-05;818.0
2001-05-06;824.0
2001-05-06;825.0
2001-05-06;824.0
2001-05-06;822.0
2001-05-07;829.0
2001-05-07;829.0
2001-05-07;828.0
2001-05-07;830.0
2001-05-08;830.0
2001-05-08;830.0
2001-05-08;831.0
2001-05-08;828.0
2001-05-09;844.0
2001-05-09;837.0
2001-05-09;830.0
2001-05-09;837.0
2001-05-10;866.0
2001-05-10;864.0
2001-05-10;868.0
2001-05-10;866.0
2001-05-11;878.0
2001-05-11;875.0
2001-05-11;880.0
2001-05-11;878.0
2001-05-12;883.0
2001-05-12;882.0
2001-05-12;884.0
2001-05-12;883.0
2001-05-13;877.0
2001-05-13;879.0
2001-05-13;878.0
2001-05-13;880.0
2001-05-14;884.0
2001-05-14;888.0
2001-05-14;886.0
2001-05-14;886.0
2001-05-15;914.0
2001-05-15;925.0
2001-05-15;914.0
2001-05-15;903.0
2001-05-16;965.0
2001-05-16;964.0
2001-05-16;976.0
2001-05-16;953.0
2001-05-17;1011.0
2001-05-17;1015.0
2001-05-17;1006.0
2001-05-17;1010.0
2001-05-18;1017.0
2001-05-18;1016.0
2001-05-18;1019.0
2001-05-18;1014.0
2001-05-19;996.0
2001-05-19;1002.0
2001-05-19;991.0
2001-05-19;997.0
2001-05-20;969.0
2001-05-20;972.0
2001-05-20;974.0
2001-05-20;972.0
2001-05-21;962.0
2001-05-21;964.0
2001-05-21;961.0
2001-05-21;963.0
2001-05-22;948.0
2001-05-22;955.0
2001-05-22;941.0
2001-05-22;948.0
2001-05-23;928.0
2001-05-23;937.0
2001-05-23;918.0
2001-05-23;928.0
2001-05-24;908.0
2001-05-24;914.0
2001-05-24;907.0
2001-05-24;901.0
2001-05-25;890.0
2001-05-25;888.0
2001-05-25;892.0
2001-05-25;890.0
2001-05-26;886.0
2001-05-26;884.0
2001-05-26;888.0
2001-05-26;886.0
2001-05-27;876.0
2001-05-27;877.0
2001-05-27;876.0
2001-05-27;874.0
2001-05-28;875.0
2001-05-28;880.0
2001-05-28;875.0
2001-05-28;870.0
2001-05-29;890.0
2001-05-29;890.0
2001-05-29;890.0
2001-05-29;889.0
2001-05-30;891.0
2001-05-30;891.0
2001-05-30;891.0
2001-05-30;891.0
2001-05-31;888.0
2001-05-31;886.0
2001-05-31;888.0
2001-05-31;889.0
2001-06-01;876.0
2001-06-01;881.0
2001-06-01;877.0
2001-06-01;872.0
2001-06-02;861.0
2001-06-02;866.0
2001-06-02;871.0
2001-06-02;866.0
2001-06-03;851.0
2001-06-03;847.0
2001-06-03;854.0
2001-06-03;851.0
2001-06-04;834.0
2001-06-04;838.0
2001-06-04;834.0
2001-06-04;830.0
2001-06-05;828.0
2001-06-05;832.0
2001-06-05;832.0
2001-06-05;835.0
2001-06-06;847.0
2001-06-06;854.0
2001-06-06;840.0
2001-06-06;847.0
2001-06-07;876.0
2001-06-07;885.0
2001-06-07;881.0
2001-06-07;880.0
2001-06-08;890.0
2001-06-08;890.0
2001-06-08;889.0
2001-06-08;890.0
2001-06-09;883.0
2001-06-09;882.0
2001-06-09;883.0
2001-06-09;882.0
2001-06-10;890.0
2001-06-10;892.0
2001-06-10;888.0
2001-06-10;890.0
2001-06-11;904.0
2001-06-11;899.0
2001-06-11;904.0
2001-06-11;908.0
2001-06-12;933.0
2001-06-12;928.0
2001-06-12;932.0
2001-06-12;937.0
2001-06-13;962.0
2001-06-13;957.0
2001-06-13;968.0
2001-06-13;963.0
2001-06-14;971.0
2001-06-14;970.0
2001-06-14;972.0
2001-06-14;971.0
2001-06-15;968.0
2001-06-15;971.0
2001-06-15;970.0
2001-06-15;970.0
2001-06-16;964.0
2001-06-16;965.0
2001-06-16;964.0
2001-06-16;965.0
2001-06-17;956.0
2001-06-17;958.0
2001-06-17;958.0
2001-06-17;960.0
2001-06-18;946.0
2001-06-18;946.0
2001-06-18;947.0
2001-06-18;947.0
2001-06-19;947.0
2001-06-19;946.0
2001-06-19;947.0
2001-06-19;946.0
2001-06-20;942.0
2001-06-20;942.0
2001-06-20;944.0
2001-06-20;940.0
2001-06-21;932.0
2001-06-21;933.0
2001-06-21;930.0
2001-06-21;935.0
2001-06-22;920.0
2001-06-22;920.0
2001-06-22;916.0
2001-06-22;924.0
2001-06-23;903.0
2001-06-23;902.0
2001-06-23;907.0
2001-06-23;898.0
2001-06-24;888.0
2001-06-24;870.0
2001-06-24;879.0
2001-06-24;879.0
2001-06-25;872.0
2001-06-25;886.0
2001-06-25;872.0
2001-06-25;858.0
2001-06-26;864.0
2001-06-26;864.0
2001-06-26;878.0
2001-06-26;850.0
2001-06-27;927.0
2001-06-27;957.0
2001-06-27;942.0
2001-06-27;942.0
2001-06-28;982.0
2001-06-28;985.0
2001-06-28;979.0
2001-06-28;982.0
2001-06-29;981.0
2001-06-29;978.0
2001-06-29;984.0
2001-06-29;981.0
2001-06-30;972.0
2001-06-30;970.0
2001-06-30;974.0
2001-06-30;972.0
2001-07-01;964.0
2001-07-01;965.0
2001-07-02;969.0
2001-07-02;969.0
2001-07-03;972.0
2001-07-03;973.0
2001-07-04;961.0
2001-07-04;961.0
2001-07-05;949.0
2001-07-05;948.0
2001-07-06;935.0
2001-07-06;935.0
2001-07-07;931.0
2001-07-07;931.0
2001-07-08;957.0
2001-07-08;957.0
2001-07-09;1012.0
2001-07-09;1012.0
2001-07-10;1037.0
2001-07-10;1037.0
2001-07-11;1051.0
2001-07-11;1050.0
2001-07-12;1058.0
2001-07-12;1058.0
2001-07-13;1060.0
2001-07-13;1060.0
2001-07-14;1054.0
2001-07-14;1055.0
2001-07-15;1052.0
2001-07-15;1052.0
2001-07-16;1041.0
2001-07-16;1041.0
2001-07-17;1030.0
2001-07-17;1031.0
2001-07-18;1012.0
2001-07-18;1013.0
2001-07-19;990.0
2001-07-19;990.0
2001-07-20;973.0
2001-07-20;973.0
2001-07-21;962.0
2001-07-21;963.0
2001-07-22;968.0
2001-07-22;968.0
2001-07-23;972.0
2001-07-23;972.0
2001-07-24;973.0
2001-07-24;973.0
2001-07-25;972.0
2001-07-25;972.0
2001-07-26;972.0
2001-07-26;972.0
2001-07-27;967.0
2001-07-27;967.0
2001-07-28;955.0
2001-07-28;955.0
2001-07-29;930.0
2001-07-29;930.0
2001-07-30;905.0
2001-07-30;905.0
2001-07-31;891.0
2001-07-31;891.0
2001-08-01;886.0
2001-08-01;886.0
2001-08-01;886.0
2001-08-01;886.0
2001-08-02;885.0
2001-08-02;885.0
2001-08-02;885.0
2001-08-02;885.0
2001-08-03;884.0
2001-08-03;884.0
2001-08-03;884.0
2001-08-03;884.0
2001-08-04;884.0
2001-08-04;885.0
2001-08-04;884.0
2001-08-04;882.0
2001-08-05;888.0
2001-08-05;888.0
2001-08-05;888.0
2001-08-05;888.0
2001-08-06;894.0
2001-08-06;895.0
2001-08-06;892.0
2001-08-06;894.0
2001-08-07;894.0
2001-08-07;895.0
2001-08-07;894.0
2001-08-07;895.0
2001-08-08;892.0
2001-08-08;890.0
2001-08-08;891.0
2001-08-08;891.0
2001-08-09;883.0
2001-08-09;880.0
2001-08-09;876.0
2001-08-09;880.0
2001-08-10;873.0
2001-08-10;873.0
2001-08-10;873.0
2001-08-10;873.0
2001-08-11;872.0
2001-08-11;871.0
2001-08-11;872.0
2001-08-11;872.0
2001-08-12;870.0
2001-08-12;870.0
2001-08-12;870.0
2001-08-12;869.0
2001-08-13;868.0
2001-08-13;869.0
2001-08-13;868.0
2001-08-13;869.0
2001-08-14;868.0
2001-08-14;868.0
2001-08-14;868.0
2001-08-14;868.0
2001-08-15;864.0
2001-08-15;858.0
2001-08-15;861.0
2001-08-15;861.0
2001-08-16;843.0
2001-08-16;839.0
2001-08-16;847.0
2001-08-16;843.0
2001-08-17;829.0
2001-08-17;826.0
2001-08-17;829.0
2001-08-17;832.0
2001-08-18;822.0
2001-08-18;822.0
2001-08-18;822.0
2001-08-18;822.0
2001-08-19;819.0
2001-08-19;819.0
2001-08-19;820.0
2001-08-19;818.0
2001-08-20;817.0
2001-08-20;817.0
2001-08-20;816.0
2001-08-20;816.0
2001-08-21;818.0
2001-08-21;817.0
2001-08-21;818.0
2001-08-21;818.0
2001-08-22;837.0
2001-08-22;832.0
2001-08-22;833.0
2001-08-22;828.0
2001-08-23;845.0
2001-08-23;844.0
2001-08-23;846.0
2001-08-23;845.0
2001-08-24;844.0
2001-08-24;844.0
2001-08-24;843.0
2001-08-24;844.0
2001-08-25;841.0
2001-08-25;839.0
2001-08-25;840.0
2001-08-25;842.0
2001-08-26;827.0
2001-08-26;834.0
2001-08-26;831.0
2001-08-26;830.0
2001-08-27;820.0
2001-08-27;821.0
2001-08-27;817.0
2001-08-27;824.0
2001-08-28;806.0
2001-08-28;801.0
2001-08-28;812.0
2001-08-28;807.0
2001-08-29;792.0
2001-08-29;793.0
2001-08-29;792.0
2001-08-29;791.0
2001-08-30;796.0
2001-08-30;794.0
2001-08-30;792.0
2001-08-30;794.0
2001-08-31;787.0
2001-08-31;788.0
2001-08-31;788.0
2001-08-31;789.0
2001-09-01;786.0
2001-09-01;786.0
2001-09-01;786.0
2001-09-01;785.0
2001-09-02;787.0
2001-09-02;788.0
2001-09-02;785.0
2001-09-02;786.0
2001-09-03;794.0
2001-09-03;799.0
2001-09-03;797.0
2001-09-03;796.0
2001-09-04;806.0
2001-09-04;807.0
2001-09-04;804.0
2001-09-04;806.0
2001-09-05;808.0
2001-09-05;808.0
2001-09-05;808.0
2001-09-05;808.0
2001-09-06;811.0
2001-09-06;810.0
2001-09-06;810.0
2001-09-06;811.0
2001-09-07;804.0
2001-09-07;802.0
2001-09-07;806.0
2001-09-07;804.0
2001-09-08;796.0
2001-09-08;793.0
2001-09-08;789.0
2001-09-08;792.0
2001-09-09;772.0
2001-09-09;776.0
2001-09-09;780.0
2001-09-09;776.0
2001-09-10;758.0
2001-09-10;758.0
2001-09-10;762.0
2001-09-10;753.0
2001-09-11;739.0
2001-09-11;744.0
2001-09-11;739.0
2001-09-11;734.0
2001-09-12;734.0
2001-09-12;734.0
2001-09-12;734.0
2001-09-12;734.0
2001-09-13;734.0
2001-09-13;733.0
2001-09-13;736.0
2001-09-13;735.0
2001-09-14;738.0
2001-09-14;739.0
2001-09-14;738.0
2001-09-14;737.0
2001-09-15;740.0
2001-09-15;740.0
2001-09-15;740.0
2001-09-15;739.0
2001-09-16;740.0
2001-09-16;739.0
2001-09-16;738.0
2001-09-16;739.0
2001-09-17;728.0
2001-09-17;731.0
2001-09-17;733.0
2001-09-17;730.0
2001-09-18;720.0
2001-09-18;723.0
2001-09-18;718.0
2001-09-18;721.0
2001-09-19;710.0
2001-09-19;708.0
2001-09-19;710.0
2001-09-19;712.0
2001-09-20;702.0
2001-09-20;703.0
2001-09-20;703.0
2001-09-20;704.0
2001-09-21;698.0
2001-09-21;696.0
2001-09-21;696.0
2001-09-21;694.0
2001-09-22;693.0
2001-09-22;693.0
2001-09-22;693.0
2001-09-22;693.0
2001-09-23;710.0
2001-09-23;718.0
2001-09-23;702.0
2001-09-23;710.0
2001-09-24;747.0
2001-09-24;747.0
2001-09-24;740.0
2001-09-24;754.0
2001-09-25;771.0
2001-09-25;768.0
2001-09-25;765.0
2001-09-25;768.0
2001-09-26;776.0
2001-09-26;775.0
2001-09-26;776.0
2001-09-26;776.0
2001-09-27;778.0
2001-09-27;778.0
2001-09-27;779.0
2001-09-27;779.0
2001-09-28;779.0
2001-09-28;778.0
2001-09-28;778.0
2001-09-28;779.0
2001-09-29;772.0
2001-09-29;773.0
2001-09-29;774.0
2001-09-29;773.0
2001-09-30;769.0
2001-09-30;770.0
2001-09-30;768.0
2001-09-30;769.0
2001-10-01;761.0
2001-10-01;760.0
2001-10-01;763.0
2001-10-01;758.0
2001-10-02;752.0
2001-10-02;755.0
2001-10-02;754.0
2001-10-02;754.0
2001-10-03;743.0
2001-10-03;740.0
2001-10-03;746.0
2001-10-03;743.0
2001-10-04;735.0
2001-10-04;732.0
2001-10-04;733.0
2001-10-04;730.0
2001-10-05;730.0
2001-10-05;726.0
2001-10-05;728.0
2001-10-05;726.0
2001-10-06;730.0
2001-10-06;732.0
2001-10-06;731.0
2001-10-06;720.0
2001-10-07;714.0
2001-10-07;735.0
2001-10-07;735.0
2001-10-07;735.0
2001-10-08;725.0
2001-10-08;708.0
2001-10-08;728.0
2001-10-08;722.0
2001-10-09;709.0
2001-10-09;705.0
2001-10-09;713.0
2001-10-09;702.0
2001-10-10;698.0
2001-10-10;699.0
2001-10-10;696.0
2001-10-10;694.0
2001-10-11;689.0
2001-10-11;686.0
2001-10-11;686.0
2001-10-11;691.0
2001-10-12;680.0
2001-10-12;682.0
2001-10-12;684.0
2001-10-12;674.0
2001-10-13;671.0
2001-10-13;673.0
2001-10-13;674.0
2001-10-13;665.0
2001-10-14;666.0
2001-10-14;664.0
2001-10-14;657.0
2001-10-14;665.0
2001-10-15;648.0
2001-10-15;664.0
2001-10-15;664.0
2001-10-15;664.0
2001-10-16;643.0
2001-10-16;661.0
2001-10-16;662.0
2001-10-16;662.0
2001-10-17;637.0
2001-10-17;659.0
2001-10-17;659.0
2001-10-17;658.0
2001-10-18;661.0
2001-10-18;660.0
2001-10-18;634.0
2001-10-18;662.0
2001-10-19;668.0
2001-10-19;664.0
2001-10-19;638.0
2001-10-19;666.0
2001-10-20;697.0
2001-10-20;692.0
2001-10-20;642.0
2001-10-20;687.0
2001-10-21;708.0
2001-10-21;710.0
2001-10-21;647.0
2001-10-21;705.0
2001-10-22;654.0
2001-10-22;714.0
2001-10-22;719.0
2001-10-22;717.0
2001-10-23;665.0
2001-10-23;720.0
2001-10-23;721.0
2001-10-23;721.0
2001-10-24;728.0
2001-10-24;672.0
2001-10-24;724.0
2001-10-24;726.0
2001-10-25;732.0
2001-10-25;733.0
2001-10-25;731.0
2001-10-25;678.0
2001-10-26;734.0
2001-10-26;734.0
2001-10-26;734.0
2001-10-26;692.0
2001-10-27;724.0
2001-10-27;727.0
2001-10-27;695.0
2001-10-27;729.0
2001-10-28;710.0
2001-10-28;713.0
2001-10-28;706.0
2001-10-28;696.0
2001-10-29;696.0
2001-10-29;692.0
2001-10-29;696.0
2001-10-29;688.0
2001-10-30;682.0
2001-10-30;680.0
2001-10-30;673.0
2001-10-30;677.0
2001-10-31;669.0
2001-10-31;667.0
2001-10-31;667.0
2001-10-31;665.0
2001-11-01;651.0
2001-11-02;645.0
2001-11-03;650.0
2001-11-04;671.0
2001-11-05;692.0
2001-11-06;708.0
2001-11-07;715.0
2001-11-08;718.0
2001-11-09;713.0
2001-11-10;706.0
2001-11-11;700.0
2001-11-12;691.0
2001-11-13;682.0
2001-11-14;672.0
2001-11-15;666.0
2001-11-16;656.0
2001-11-17;644.0
2001-11-18;633.0
2001-11-19;621.0
2001-11-20;612.0
2001-11-21;604.0
2001-11-22;592.0
2001-11-23;585.0
2001-11-24;579.0
2001-11-25;576.0
2001-11-26;577.0
2001-11-27;572.0
2001-11-28;569.0
2001-11-29;574.0
2001-11-30;577.0
2001-12-01;577.0
2001-12-01;605.0
2001-12-01;609.0
2001-12-01;612.0
2001-12-02;580.0
2001-12-02;618.0
2001-12-02;620.0
2001-12-02;619.0
2001-12-03;616.0
2001-12-03;623.0
2001-12-03;590.0
2001-12-03;620.0
2001-12-04;609.0
2001-12-04;608.0
2001-12-04;599.0
2001-12-04;610.0
2001-12-05;602.0
2001-12-05;602.0
2001-12-05;596.0
2001-12-05;599.0
2001-12-06;584.0
2001-12-06;588.0
2001-12-06;580.0
2001-12-06;584.0
2001-12-07;582.0
2001-12-07;580.0
2001-12-07;582.0
2001-12-07;584.0
2001-12-08;582.0
2001-12-08;584.0
2001-12-08;580.0
2001-12-08;582.0
2001-12-09;603.0
2001-12-09;610.0
2001-12-09;596.0
2001-12-09;603.0
2001-12-10;620.0
2001-12-10;618.0
2001-12-10;618.0
2001-12-10;616.0
2001-12-11;609.0
2001-12-11;605.0
2001-12-11;612.0
2001-12-11;608.0
2001-12-12;596.0
2001-12-12;594.0
2001-12-12;599.0
2001-12-12;597.0
2001-12-13;591.0
2001-12-13;590.0
2001-12-13;591.0
2001-12-13;590.0
2001-12-14;594.0
2001-12-14;590.0
2001-12-14;598.0
2001-12-14;594.0
2001-12-15;618.0
2001-12-15;624.0
2001-12-15;618.0
2001-12-15;612.0
2001-12-16;638.0
2001-12-16;642.0
2001-12-16;634.0
2001-12-16;638.0
2001-12-17;676.0
2001-12-17;664.0
2001-12-17;652.0
2001-12-17;664.0
2001-12-18;710.0
2001-12-18;702.0
2001-12-18;711.0
2001-12-18;719.0
2001-12-19;742.0
2001-12-19;746.0
2001-12-19;742.0
2001-12-19;737.0
2001-12-20;750.0
2001-12-20;750.0
2001-12-20;750.0
2001-12-20;750.0
2001-12-21;744.0
2001-12-21;744.0
2001-12-21;745.0
2001-12-21;745.0
2001-12-22;756.0
2001-12-22;747.0
2001-12-22;752.0
2001-12-22;752.0
2001-12-23;774.0
2001-12-23;782.0
2001-12-23;778.0
2001-12-23;778.0
2001-12-24;798.0
2001-12-24;795.0
2001-12-24;799.0
2001-12-24;802.0
2001-12-25;816.0
2001-12-25;817.0
2001-12-25;824.0
2001-12-25;809.0
2001-12-26;856.0
2001-12-26;865.0
2001-12-26;856.0
2001-12-26;846.0
2001-12-27;891.0
2001-12-27;896.0
2001-12-27;885.0
2001-12-27;890.0
2001-12-28;896.0
2001-12-28;896.0
2001-12-28;897.0
2001-12-28;895.0
2001-12-29;891.0
2001-12-29;892.0
2001-12-29;890.0
2001-12-29;891.0
2001-12-30;884.0
2001-12-30;884.0
2001-12-30;882.0
2001-12-30;885.0
2001-12-31;868.0
2001-12-31;863.0
2001-12-31;873.0
2001-12-31;868.0
2002-01-01;845.0
2002-01-01;834.0
2002-01-01;823.0
2002-01-01;834.0
2002-01-02;809.0
2002-01-02;803.0
2002-01-02;796.0
2002-01-02;802.0
2002-01-03;774.0
2002-01-03;757.0
2002-01-03;766.0
2002-01-03;766.0
2002-01-04;733.0
2002-01-04;726.0
2002-01-04;740.0
2002-01-04;733.0
2002-01-05;714.0
2002-01-05;709.0
2002-01-05;709.0
2002-01-05;704.0
2002-01-06;680.0
2002-01-06;691.0
2002-01-06;686.0
2002-01-06;686.0
2002-01-07;664.0
2002-01-07;664.0
2002-01-07;669.0
2002-01-07;659.0
2002-01-08;644.0
2002-01-08;649.0
2002-01-08;639.0
2002-01-08;644.0
2002-01-09;620.0
2002-01-09;626.0
2002-01-09;614.0
2002-01-09;620.0
2002-01-10;598.0
2002-01-10;602.0
2002-01-10;607.0
2002-01-10;603.0
2002-01-11;590.0
2002-01-11;586.0
2002-01-11;586.0
2002-01-11;582.0
2002-01-12;570.0
2002-01-12;574.0
2002-01-12;566.0
2002-01-12;570.0
2002-01-13;554.0
2002-01-13;558.0
2002-01-13;553.0
2002-01-13;550.0
2002-01-14;536.0
2002-01-14;544.0
2002-01-14;540.0
2002-01-14;535.0
2002-01-15;533.0
2002-01-15;526.0
2002-01-15;521.0
2002-01-15;530.0
2002-01-16;517.0
2002-01-16;520.0
2002-01-16;514.0
2002-01-16;508.0
2002-01-17;507.0
2002-01-17;510.0
2002-01-17;504.0
2002-01-17;498.0
2002-01-18;499.0
2002-01-18;496.0
2002-01-18;501.0
2002-01-18;488.0
2002-01-19;485.0
2002-01-19;490.0
2002-01-19;488.0
2002-01-19;479.0
2002-01-20;477.0
2002-01-20;479.0
2002-01-20;472.0
2002-01-20;480.0
2002-01-21;476.0
2002-01-21;463.0
2002-01-21;475.0
2002-01-21;476.0
2002-01-22;480.0
2002-01-22;481.0
2002-01-22;457.0
2002-01-22;482.0
2002-01-23;480.0
2002-01-23;479.0
2002-01-23;478.0
2002-01-23;458.0
2002-01-24;466.0
2002-01-24;486.0
2002-01-24;484.0
2002-01-24;488.0
2002-01-25;488.0
2002-01-25;490.0
2002-01-25;474.0
2002-01-25;489.0
2002-01-26;492.0
2002-01-26;488.0
2002-01-26;494.0
2002-01-26;493.0
2002-01-27;491.0
2002-01-27;492.0
2002-01-27;507.0
2002-01-27;490.0
2002-01-28;502.0
2002-01-28;499.0
2002-01-28;496.0
2002-01-28;499.0
2002-01-29;524.0
2002-01-29;514.0
2002-01-29;519.0
2002-01-29;519.0
2002-01-30;536.0
2002-01-30;540.0
2002-01-30;543.0
2002-01-30;540.0
2002-01-31;553.0
2002-01-31;564.0
2002-01-31;558.0
2002-01-31;559.0
2002-02-01;566.0
2002-02-01;564.0
2002-02-01;568.0
2002-02-01;566.0
2002-02-02;553.0
2002-02-02;554.0
2002-02-02;552.0
2002-02-02;553.0
2002-02-03;551.0
2002-02-03;551.0
2002-02-03;550.0
2002-02-03;550.0
2002-02-04;565.0
2002-02-04;566.0
2002-02-04;565.0
2002-02-04;564.0
2002-02-05;577.0
2002-02-05;578.0
2002-02-05;576.0
2002-02-05;577.0
2002-02-06;579.0
2002-02-06;580.0
2002-02-06;580.0
2002-02-06;580.0
2002-02-07;580.0
2002-02-07;579.0
2002-02-07;582.0
2002-02-07;581.0
2002-02-08;570.0
2002-02-08;568.0
2002-02-08;572.0
2002-02-08;570.0
2002-02-09;557.0
2002-02-09;556.0
2002-02-09;553.0
2002-02-09;560.0
2002-02-10;545.0
2002-02-10;544.0
2002-02-10;544.0
2002-02-10;542.0
2002-02-11;533.0
2002-02-11;535.0
2002-02-11;533.0
2002-02-11;531.0
2002-02-12;528.0
2002-02-12;528.0
2002-02-12;528.0
2002-02-12;528.0
2002-02-13;525.0
2002-02-13;524.0
2002-02-13;525.0
2002-02-13;526.0
2002-02-14;521.0
2002-02-14;520.0
2002-02-14;522.0
2002-02-14;521.0
2002-02-15;521.0
2002-02-15;520.0
2002-02-15;520.0
2002-02-15;521.0
2002-02-16;519.0
2002-02-16;518.0
2002-02-16;518.0
2002-02-16;519.0
2002-02-17;517.0
2002-02-17;516.0
2002-02-17;518.0
2002-02-17;517.0
2002-02-18;524.0
2002-02-18;522.0
2002-02-18;526.0
2002-02-18;524.0
2002-02-19;533.0
2002-02-19;530.0
2002-02-19;532.0
2002-02-19;532.0
2002-02-20;536.0
2002-02-20;536.0
2002-02-20;536.0
2002-02-20;536.0
2002-02-21;530.0
2002-02-21;532.0
2002-02-21;528.0
2002-02-21;530.0
2002-02-22;528.0
2002-02-22;529.0
2002-02-22;529.0
2002-02-22;528.0
2002-02-23;522.0
2002-02-23;526.0
2002-02-23;524.0
2002-02-23;524.0
2002-02-24;530.0
2002-02-24;531.0
2002-02-24;528.0
2002-02-24;533.0
2002-02-25;538.0
2002-02-25;540.0
2002-02-25;542.0
2002-02-25;540.0
2002-02-26;553.0
2002-02-26;552.0
2002-02-26;552.0
2002-02-26;553.0
2002-02-27;555.0
2002-02-27;556.0
2002-02-27;554.0
2002-02-27;555.0
2002-02-28;560.0
2002-02-28;559.0
2002-02-28;558.0
2002-02-28;559.0
2002-03-01;567.0
2002-03-01;565.0
2002-03-01;566.0
2002-03-01;566.0
2002-03-02;568.0
2002-03-02;568.0
2002-03-02;568.0
2002-03-02;568.0
2002-03-03;575.0
2002-03-03;580.0
2002-03-03;585.0
2002-03-03;580.0
2002-03-04;600.0
2002-03-04;599.0
2002-03-04;600.0
2002-03-04;600.0
2002-03-05;594.0
2002-03-05;594.0
2002-03-05;589.0
2002-03-05;598.0
2002-03-06;588.0
2002-03-06;586.0
2002-03-06;586.0
2002-03-06;584.0
2002-03-07;572.0
2002-03-07;577.0
2002-03-07;574.0
2002-03-07;575.0
2002-03-08;565.0
2002-03-08;562.0
2002-03-08;564.0
2002-03-08;567.0
2002-03-09;552.0
2002-03-09;555.0
2002-03-09;550.0
2002-03-09;553.0
2002-03-10;537.0
2002-03-10;540.0
2002-03-10;542.0
2002-03-10;540.0
2002-03-11;528.0
2002-03-11;529.0
2002-03-11;525.0
2002-03-11;532.0
2002-03-12;521.0
2002-03-12;521.0
2002-03-12;520.0
2002-03-12;520.0
2002-03-13;521.0
2002-03-13;524.0
2002-03-13;524.0
2002-03-13;526.0
2002-03-14;542.0
2002-03-14;536.0
2002-03-14;547.0
2002-03-14;542.0
2002-03-15;584.0
2002-03-15;594.0
2002-03-15;574.0
2002-03-15;574.0
2002-03-16;577.0
2002-03-16;607.0
2002-03-16;609.0
2002-03-16;605.0
2002-03-17;601.0
2002-03-17;604.0
2002-03-17;603.0
2002-03-17;601.0
2002-03-18;607.0
2002-03-18;605.0
2002-03-18;603.0
2002-03-18;623.0
2002-03-19;613.0
2002-03-19;611.0
2002-03-19;615.0
2002-03-19;634.0
2002-03-20;643.0
2002-03-20;618.0
2002-03-20;621.0
2002-03-20;623.0
2002-03-21;650.0
2002-03-21;628.0
2002-03-21;636.0
2002-03-21;632.0
2002-03-22;657.0
2002-03-22;684.0
2002-03-22;702.0
2002-03-22;665.0
2002-03-23;673.0
2002-03-23;767.0
2002-03-23;755.0
2002-03-23;742.0
2002-03-24;710.0
2002-03-24;796.0
2002-03-24;786.0
2002-03-24;791.0
2002-03-25;752.0
2002-03-25;792.0
2002-03-25;795.0
2002-03-25;797.0
2002-03-26;783.0
2002-03-26;782.0
2002-03-26;768.0
2002-03-26;775.0
2002-03-27;749.0
2002-03-27;743.0
2002-03-27;755.0
2002-03-27;795.0
2002-03-28;793.0
2002-03-28;732.0
2002-03-28;718.0
2002-03-28;725.0
2002-03-29;702.0
2002-03-29;704.0
2002-03-29;774.0
2002-03-29;703.0
2002-03-30;756.0
2002-03-30;694.0
2002-03-30;696.0
2002-03-30;698.0
2002-03-31;665.0
2002-03-31;744.0
2002-03-31;689.0
2002-03-31;677.0
2002-04-01;662.0
2002-04-01;661.0
2002-04-01;662.0
2002-04-01;731.0
2002-04-02;721.0
2002-04-02;673.0
2002-04-02;677.0
2002-04-02;669.0
2002-04-03;718.0
2002-04-03;696.0
2002-04-03;716.0
2002-04-03;706.0
2002-04-04;778.0
2002-04-04;778.0
2002-04-04;760.0
2002-04-04;796.0
2002-04-05;823.0
2002-04-05;840.0
2002-04-05;832.0
2002-04-05;832.0
2002-04-06;869.0
2002-04-06;875.0
2002-04-06;863.0
2002-04-06;869.0
2002-04-07;891.0
2002-04-07;895.0
2002-04-07;887.0
2002-04-07;891.0
2002-04-08;906.0
2002-04-08;909.0
2002-04-08;912.0
2002-04-08;909.0
2002-04-09;914.0
2002-04-09;915.0
2002-04-09;915.0
2002-04-09;914.0
2002-04-10;910.0
2002-04-10;906.0
2002-04-10;908.0
2002-04-10;908.0
2002-04-11;884.0
2002-04-11;893.0
2002-04-11;902.0
2002-04-11;893.0
2002-04-12;869.0
2002-04-12;874.0
2002-04-12;864.0
2002-04-12;869.0
2002-04-13;840.0
2002-04-13;850.0
2002-04-13;845.0
2002-04-13;845.0
2002-04-14;828.0
2002-04-14;822.0
2002-04-14;825.0
2002-04-14;825.0
2002-04-15;815.0
2002-04-15;816.0
2002-04-15;814.0
2002-04-15;815.0
2002-04-16;804.0
2002-04-16;800.0
2002-04-16;808.0
2002-04-16;804.0
2002-04-17;783.0
2002-04-17;789.0
2002-04-17;786.0
2002-04-17;786.0
2002-04-18;771.0
2002-04-18;774.0
2002-04-18;768.0
2002-04-18;771.0
2002-04-19;774.0
2002-04-19;772.0
2002-04-19;775.0
2002-04-19;774.0
2002-04-20;772.0
2002-04-20;774.0
2002-04-20;777.0
2002-04-20;775.0
2002-04-21;768.0
2002-04-21;760.0
2002-04-21;775.0
2002-04-21;768.0
2002-04-22;778.0
2002-04-22;763.0
2002-04-22;770.0
2002-04-22;771.0
2002-04-23;782.0
2002-04-23;784.0
2002-04-23;781.0
2002-04-23;783.0
2002-04-24;841.0
2002-04-24;842.0
2002-04-24;825.0
2002-04-24;858.0
2002-04-25;879.0
2002-04-25;882.0
2002-04-25;878.0
2002-04-25;875.0
2002-04-26;885.0
2002-04-26;886.0
2002-04-26;887.0
2002-04-26;886.0
2002-04-27;874.0
2002-04-27;874.0
2002-04-27;876.0
2002-04-27;871.0
2002-04-28;864.0
2002-04-28;874.0
2002-04-28;885.0
2002-04-28;875.0
2002-04-29;915.0
2002-04-29;924.0
2002-04-29;920.0
2002-04-29;920.0
2002-04-30;926.0
2002-04-30;926.0
2002-04-30;926.0
2002-04-30;926.0
2002-05-01;924.0
2002-05-01;925.0
2002-05-01;924.0
2002-05-01;923.0
2002-05-02;914.0
2002-05-02;911.0
2002-05-02;918.0
2002-05-02;915.0
2002-05-03;902.0
2002-05-03;901.0
2002-05-03;901.0
2002-05-03;900.0
2002-05-04;905.0
2002-05-04;904.0
2002-05-04;906.0
2002-05-04;903.0
2002-05-05;918.0
2002-05-05;915.0
2002-05-05;915.0
2002-05-05;912.0
2002-05-06;934.0
2002-05-06;930.0
2002-05-06;938.0
2002-05-06;934.0
2002-05-07;953.0
2002-05-07;957.0
2002-05-07;948.0
2002-05-07;952.0
2002-05-08;968.0
2002-05-08;966.0
2002-05-08;967.0
2002-05-08;967.0
2002-05-09;970.0
2002-05-09;970.0
2002-05-09;970.0
2002-05-09;970.0
2002-05-10;976.0
2002-05-10;976.0
2002-05-10;972.0
2002-05-10;980.0
2002-05-11;1003.0
2002-05-11;1003.0
2002-05-11;1008.0
2002-05-11;998.0
2002-05-12;1031.0
2002-05-12;1024.0
2002-05-12;1028.0
2002-05-12;1028.0
2002-05-13;1050.0
2002-05-13;1058.0
2002-05-13;1051.0
2002-05-13;1043.0
2002-05-14;1074.0
2002-05-14;1077.0
2002-05-14;1071.0
2002-05-14;1074.0
2002-05-15;1082.0
2002-05-15;1081.0
2002-05-15;1082.0
2002-05-15;1082.0
2002-05-16;1082.0
2002-05-16;1081.0
2002-05-16;1080.0
2002-05-16;1081.0
2002-05-17;1088.0
2002-05-17;1091.0
2002-05-17;1086.0
2002-05-17;1089.0
2002-05-18;1106.0
2002-05-18;1112.0
2002-05-18;1117.0
2002-05-18;1112.0
2002-05-19;1129.0
2002-05-19;1134.0
2002-05-19;1132.0
2002-05-19;1132.0
2002-05-20;1138.0
2002-05-20;1140.0
2002-05-20;1137.0
2002-05-20;1139.0
2002-05-21;1136.0
2002-05-21;1137.0
2002-05-21;1138.0
2002-05-21;1137.0
2002-05-22;1135.0
2002-05-22;1131.0
2002-05-22;1139.0
2002-05-22;1135.0
2002-05-23;1142.0
2002-05-23;1141.0
2002-05-23;1143.0
2002-05-23;1144.0
2002-05-24;1134.0
2002-05-24;1134.0
2002-05-24;1131.0
2002-05-24;1137.0
2002-05-25;1135.0
2002-05-25;1136.0
2002-05-25;1135.0
2002-05-25;1134.0
2002-05-26;1132.0
2002-05-26;1134.0
2002-05-26;1132.0
2002-05-26;1130.0
2002-05-27;1119.0
2002-05-27;1119.0
2002-05-27;1122.0
2002-05-27;1116.0
2002-05-28;1105.0
2002-05-28;1108.0
2002-05-28;1101.0
2002-05-28;1104.0
2002-05-29;1088.0
2002-05-29;1084.0
2002-05-29;1092.0
2002-05-29;1088.0
2002-05-30;1069.0
2002-05-30;1078.0
2002-05-30;1059.0
2002-05-30;1068.0
2002-05-31;1042.0
2002-05-31;1047.0
2002-05-31;1037.0
2002-05-31;1042.0
2002-06-01;1022.0
2002-06-01;1017.0
2002-06-01;1026.0
2002-06-01;1022.0
2002-06-02;1006.0
2002-06-02;997.0
2002-06-02;1002.0
2002-06-02;1002.0
2002-06-03;984.0
2002-06-03;984.0
2002-06-03;988.0
2002-06-03;980.0
2002-06-04;968.0
2002-06-04;979.0
2002-06-04;956.0
2002-06-04;968.0
2002-06-05;943.0
2002-06-05;933.0
2002-06-05;953.0
2002-06-05;943.0
2002-06-06;922.0
2002-06-06;922.0
2002-06-06;920.0
2002-06-06;924.0
2002-06-07;916.0
2002-06-07;918.0
2002-06-07;917.0
2002-06-07;917.0
2002-06-08;910.0
2002-06-08;908.0
2002-06-08;910.0
2002-06-08;912.0
2002-06-09;902.0
2002-06-09;902.0
2002-06-09;904.0
2002-06-09;900.0
2002-06-10;891.0
2002-06-10;894.0
2002-06-10;889.0
2002-06-10;892.0
2002-06-11;884.0
2002-06-11;878.0
2002-06-11;881.0
2002-06-11;881.0
2002-06-12;874.0
2002-06-12;876.0
2002-06-12;875.0
2002-06-12;873.0
2002-06-13;885.0
2002-06-13;885.0
2002-06-13;885.0
2002-06-13;885.0
2002-06-14;883.0
2002-06-14;883.0
2002-06-14;882.0
2002-06-14;884.0
2002-06-15;874.0
2002-06-15;877.0
2002-06-15;872.0
2002-06-15;875.0
2002-06-16;864.0
2002-06-16;862.0
2002-06-16;860.0
2002-06-16;862.0
2002-06-17;851.0
2002-06-17;853.0
2002-06-17;849.0
2002-06-17;851.0
2002-06-18;841.0
2002-06-18;843.0
2002-06-18;839.0
2002-06-18;841.0
2002-06-19;831.0
2002-06-19;830.0
2002-06-19;832.0
2002-06-19;831.0
2002-06-20;839.0
2002-06-20;835.0
2002-06-20;837.0
2002-06-20;837.0
2002-06-21;846.0
2002-06-21;843.0
2002-06-21;849.0
2002-06-21;846.0
2002-06-22;870.0
2002-06-22;888.0
2002-06-22;879.0
2002-06-22;879.0
2002-06-23;920.0
2002-06-23;914.0
2002-06-23;914.0
2002-06-23;908.0
2002-06-24;950.0
2002-06-24;942.0
2002-06-24;958.0
2002-06-24;950.0
2002-06-25;1007.0
2002-06-25;996.0
2002-06-25;1018.0
2002-06-25;1007.0
2002-06-26;1059.0
2002-06-26;1088.0
2002-06-26;1074.0
2002-06-26;1074.0
2002-06-27;1132.0
2002-06-27;1120.0
2002-06-27;1143.0
2002-06-27;1132.0
2002-06-28;1162.0
2002-06-28;1158.0
2002-06-28;1165.0
2002-06-28;1162.0
2002-06-29;1164.0
2002-06-29;1166.0
2002-06-29;1165.0
2002-06-29;1163.0
2002-06-30;1160.0
2002-06-30;1158.0
2002-06-30;1162.0
2002-06-30;1160.0
2002-07-01;1166.0
2002-07-01;1166.0
2002-07-01;1166.0
2002-07-01;1166.0
2002-07-02;1171.0
2002-07-02;1171.0
2002-07-02;1170.0
2002-07-02;1170.0
2002-07-03;1171.0
2002-07-03;1174.0
2002-07-03;1172.0
2002-07-03;1173.0
2002-07-04;1174.0
2002-07-04;1174.0
2002-07-04;1173.0
2002-07-04;1174.0
2002-07-05;1183.0
2002-07-05;1182.0
2002-07-05;1179.0
2002-07-05;1186.0
2002-07-06;1249.0
2002-07-06;1232.0
2002-07-06;1232.0
2002-07-06;1214.0
2002-07-07;1292.0
2002-07-07;1280.0
2002-07-07;1286.0
2002-07-07;1286.0
2002-07-08;1302.0
2002-07-08;1301.0
2002-07-08;1302.0
2002-07-08;1302.0
2002-07-09;1295.0
2002-07-09;1298.0
2002-07-09;1292.0
2002-07-09;1295.0
2002-07-10;1280.0
2002-07-10;1280.0
2002-07-10;1284.0
2002-07-10;1276.0
2002-07-11;1266.0
2002-07-11;1270.0
2002-07-11;1262.0
2002-07-11;1266.0
2002-07-12;1250.0
2002-07-12;1254.0
2002-07-12;1246.0
2002-07-12;1250.0
2002-07-13;1234.0
2002-07-13;1232.0
2002-07-13;1234.0
2002-07-13;1236.0
2002-07-14;1221.0
2002-07-14;1221.0
2002-07-14;1218.0
2002-07-14;1224.0
2002-07-15;1199.0
2002-07-15;1202.0
2002-07-15;1202.0
2002-07-15;1204.0
2002-07-16;1189.0
2002-07-16;1186.0
2002-07-16;1189.0
2002-07-16;1192.0
2002-07-17;1180.0
2002-07-17;1178.0
2002-07-17;1178.0
2002-07-17;1176.0
2002-07-18;1163.0
2002-07-18;1168.0
2002-07-18;1158.0
2002-07-18;1163.0
2002-07-19;1142.0
2002-07-19;1147.0
2002-07-19;1137.0
2002-07-19;1142.0
2002-07-20;1127.0
2002-07-20;1115.0
2002-07-20;1121.0
2002-07-20;1121.0
2002-07-21;1099.0
2002-07-21;1102.0
2002-07-21;1099.0
2002-07-21;1096.0
2002-07-22;1082.0
2002-07-22;1078.0
2002-07-22;1082.0
2002-07-22;1086.0
2002-07-23;1074.0
2002-07-23;1074.0
2002-07-23;1075.0
2002-07-23;1075.0
2002-07-24;1088.0
2002-07-24;1080.0
2002-07-24;1084.0
2002-07-24;1084.0
2002-07-25;1106.0
2002-07-25;1110.0
2002-07-25;1106.0
2002-07-25;1102.0
2002-07-26;1124.0
2002-07-26;1128.0
2002-07-26;1120.0
2002-07-26;1124.0
2002-07-27;1131.0
2002-07-27;1132.0
2002-07-27;1134.0
2002-07-27;1133.0
2002-07-28;1131.0
2002-07-28;1131.0
2002-07-28;1131.0
2002-07-28;1131.0
2002-07-29;1129.0
2002-07-29;1128.0
2002-07-29;1126.0
2002-07-29;1128.0
2002-07-30;1118.0
2002-07-30;1120.0
2002-07-30;1120.0
2002-07-30;1122.0
2002-07-31;1111.0
2002-07-31;1110.0
2002-07-31;1112.0
2002-07-31;1111.0
2002-08-01;1104.0
2002-08-01;1106.0
2002-08-01;1108.0
2002-08-01;1106.0
2002-08-02;1096.0
2002-08-02;1098.0
2002-08-02;1094.0
2002-08-02;1096.0
2002-08-03;1084.0
2002-08-03;1088.0
2002-08-03;1086.0
2002-08-03;1086.0
2002-08-04;1076.0
2002-08-04;1068.0
2002-08-04;1072.0
2002-08-04;1072.0
2002-08-05;1058.0
2002-08-05;1055.0
2002-08-05;1059.0
2002-08-05;1062.0
2002-08-06;1040.0
2002-08-06;1034.0
2002-08-06;1040.0
2002-08-06;1045.0
2002-08-07;1020.0
2002-08-07;1014.0
2002-08-07;1020.0
2002-08-07;1026.0
2002-08-08;998.0
2002-08-08;1003.0
2002-08-08;1003.0
2002-08-08;1008.0
2002-08-09;992.0
2002-08-09;992.0
2002-08-09;992.0
2002-08-09;992.0
2002-08-10;995.0
2002-08-10;996.0
2002-08-10;994.0
2002-08-10;995.0
2002-08-11;1001.0
2002-08-11;1001.0
2002-08-11;1003.0
2002-08-11;999.0
2002-08-12;1006.0
2002-08-12;1007.0
2002-08-12;1008.0
2002-08-12;1005.0
2002-08-13;1009.0
2002-08-13;1010.0
2002-08-13;1010.0
2002-08-13;1010.0
2002-08-14;1018.0
2002-08-14;1018.0
2002-08-14;1019.0
2002-08-14;1016.0
2002-08-15;1021.0
2002-08-15;1020.0
2002-08-15;1021.0
2002-08-15;1020.0
2002-08-16;1029.0
2002-08-16;1028.0
2002-08-16;1028.0
2002-08-16;1026.0
2002-08-17;1034.0
2002-08-17;1032.0
2002-08-17;1029.0
2002-08-17;1032.0
2002-08-18;1034.0
2002-08-18;1035.0
2002-08-18;1034.0
2002-08-18;1032.0
2002-08-19;1030.0
2002-08-19;1028.0
2002-08-19;1029.0
2002-08-19;1029.0
2002-08-20;1024.0
2002-08-20;1027.0
2002-08-20;1027.0
2002-08-20;1030.0
2002-08-21;1012.0
2002-08-21;1016.0
2002-08-21;1012.0
2002-08-21;1007.0
2002-08-22;1008.0
2002-08-22;1009.0
2002-08-22;1009.0
2002-08-22;1009.0
2002-08-23;1017.0
2002-08-23;1015.0
2002-08-23;1019.0
2002-08-23;1017.0
2002-08-24;1025.0
2002-08-24;1025.0
2002-08-24;1024.0
2002-08-24;1026.0
2002-08-25;1025.0
2002-08-25;1025.0
2002-08-25;1024.0
2002-08-25;1024.0
2002-08-26;1018.0
2002-08-26;1015.0
2002-08-26;1020.0
2002-08-26;1018.0
2002-08-27;1009.0
2002-08-27;1005.0
2002-08-27;1007.0
2002-08-27;1007.0
2002-08-28;991.0
2002-08-28;982.0
2002-08-28;986.0
2002-08-28;987.0
2002-08-29;966.0
2002-08-29;962.0
2002-08-29;970.0
2002-08-29;966.0
2002-08-30;949.0
2002-08-30;946.0
2002-08-30;948.0
2002-08-30;951.0
2002-08-31;946.0
2002-08-31;946.0
2002-08-31;944.0
2002-08-31;948.0
2002-09-01;949.0
2002-09-01;950.0
2002-09-01;949.0
2002-09-01;950.0
2002-09-02;946.0
2002-09-02;946.0
2002-09-02;946.0
2002-09-02;945.0
2002-09-03;956.0
2002-09-03;953.0
2002-09-03;958.0
2002-09-03;956.0
2002-09-04;965.0
2002-09-04;965.0
2002-09-04;963.0
2002-09-04;967.0
2002-09-05;962.0
2002-09-05;963.0
2002-09-05;961.0
2002-09-05;964.0
2002-09-06;955.0
2002-09-06;957.0
2002-09-06;954.0
2002-09-06;952.0
2002-09-07;938.0
2002-09-07;938.0
2002-09-07;942.0
2002-09-07;933.0
2002-09-08;912.0
2002-09-08;916.0
2002-09-08;921.0
2002-09-08;917.0
2002-09-09;898.0
2002-09-09;901.0
2002-09-09;894.0
2002-09-09;898.0
2002-09-10;882.0
2002-09-10;887.0
2002-09-10;885.0
2002-09-10;885.0
2002-09-11;873.0
2002-09-11;875.0
2002-09-11;871.0
2002-09-11;873.0
2002-09-12;869.0
2002-09-12;867.0
2002-09-12;867.0
2002-09-12;865.0
2002-09-13;860.0
2002-09-13;862.0
2002-09-13;862.0
2002-09-13;863.0
2002-09-14;853.0
2002-09-14;850.0
2002-09-14;855.0
2002-09-14;852.0
2002-09-15;838.0
2002-09-15;834.0
2002-09-15;838.0
2002-09-15;841.0
2002-09-16;822.0
2002-09-16;822.0
2002-09-16;817.0
2002-09-16;826.0
2002-09-17;806.0
2002-09-17;809.0
2002-09-17;806.0
2002-09-17;802.0
2002-09-18;804.0
2002-09-18;804.0
2002-09-18;804.0
2002-09-18;804.0
2002-09-19;799.0
2002-09-19;801.0
2002-09-19;802.0
2002-09-19;801.0
2002-09-20;796.0
2002-09-20;793.0
2002-09-20;794.0
2002-09-20;795.0
2002-09-21;786.0
2002-09-21;788.0
2002-09-21;784.0
2002-09-21;786.0
2002-09-22;773.0
2002-09-22;769.0
2002-09-22;776.0
2002-09-22;772.0
2002-09-23;755.0
2002-09-23;758.0
2002-09-23;760.0
2002-09-23;758.0
2002-09-24;740.0
2002-09-24;745.0
2002-09-24;742.0
2002-09-24;743.0
2002-09-25;732.0
2002-09-25;730.0
2002-09-25;734.0
2002-09-25;732.0
2002-09-26;726.0
2002-09-26;724.0
2002-09-26;726.0
2002-09-26;728.0
2002-09-27;724.0
2002-09-27;728.0
2002-09-27;731.0
2002-09-27;728.0
2002-09-28;740.0
2002-09-28;740.0
2002-09-28;740.0
2002-09-28;740.0
2002-09-29;740.0
2002-09-29;736.0
2002-09-29;738.0
2002-09-29;738.0
2002-09-30;729.0
2002-09-30;729.0
2002-09-30;726.0
2002-09-30;732.0
2002-10-01;716.0
2002-10-01;719.0
2002-10-01;712.0
2002-10-01;716.0
2002-10-02;700.0
2002-10-02;703.0
2002-10-02;697.0
2002-10-02;700.0
2002-10-03;686.0
2002-10-03;687.0
2002-10-03;684.0
2002-10-03;689.0
2002-10-04;677.0
2002-10-04;675.0
2002-10-04;679.0
2002-10-04;677.0
2002-10-05;668.0
2002-10-05;665.0
2002-10-05;670.0
2002-10-05;668.0
2002-10-06;668.0
2002-10-06;668.0
2002-10-06;669.0
2002-10-06;667.0
2002-10-07;675.0
2002-10-07;674.0
2002-10-07;673.0
2002-10-07;676.0
2002-10-08;677.0
2002-10-08;678.0
2002-10-08;677.0
2002-10-08;676.0
2002-10-09;673.0
2002-10-09;675.0
2002-10-09;676.0
2002-10-09;674.0
2002-10-10;666.0
2002-10-10;663.0
2002-10-10;662.0
2002-10-10;659.0
2002-10-11;654.0
2002-10-11;654.0
2002-10-11;654.0
2002-10-11;654.0
2002-10-12;672.0
2002-10-12;677.0
2002-10-12;666.0
2002-10-12;672.0
2002-10-13;694.0
2002-10-13;697.0
2002-10-13;690.0
2002-10-13;694.0
2002-10-14;710.0
2002-10-14;715.0
2002-10-14;711.0
2002-10-14;706.0
2002-10-15;731.0
2002-10-15;726.0
2002-10-15;735.0
2002-10-15;730.0
2002-10-16;740.0
2002-10-16;739.0
2002-10-16;740.0
2002-10-16;740.0
2002-10-17;737.0
2002-10-17;734.0
2002-10-17;735.0
2002-10-17;732.0
2002-10-18;724.0
2002-10-18;722.0
2002-10-18;726.0
2002-10-18;724.0
2002-10-19;688.0
2002-10-19;720.0
2002-10-19;716.0
2002-10-19;718.0
2002-10-20;718.0
2002-10-20;718.0
2002-10-20;688.0
2002-10-20;717.0
2002-10-21;750.0
2002-10-21;710.0
2002-10-21;730.0
2002-10-21;740.0
2002-10-22;787.0
2002-10-22;785.0
2002-10-22;782.0
2002-10-22;754.0
2002-10-23;761.0
2002-10-23;792.0
2002-10-23;791.0
2002-10-23;790.0
2002-10-24;798.0
2002-10-24;821.0
2002-10-24;836.0
2002-10-24;829.0
2002-10-25;842.0
2002-10-25;843.0
2002-10-25;841.0
2002-10-25;812.0
2002-10-26;805.0
2002-10-26;832.0
2002-10-26;838.0
2002-10-26;835.0
2002-10-27;791.0
2002-10-27;798.0
2002-10-27;768.0
2002-10-27;804.0
2002-10-28;788.0
2002-10-28;789.0
2002-10-28;786.0
2002-10-28;758.0
2002-10-29;788.0
2002-10-29;790.0
2002-10-29;789.0
2002-10-29;759.0
2002-10-30;752.0
2002-10-30;782.0
2002-10-30;779.0
2002-10-30;784.0
2002-10-31;738.0
2002-10-31;769.0
2002-10-31;764.0
2002-10-31;773.0
2002-11-01;720.0
2002-11-01;746.0
2002-11-01;750.0
2002-11-01;754.0
2002-11-02;704.0
2002-11-02;736.0
2002-11-02;733.0
2002-11-02;735.0
2002-11-03;728.0
2002-11-03;730.0
2002-11-03;726.0
2002-11-03;698.0
2002-11-04;697.0
2002-11-04;724.0
2002-11-04;730.0
2002-11-04;727.0
2002-11-05;749.0
2002-11-05;753.0
2002-11-05;744.0
2002-11-05;718.0
2002-11-06;773.0
2002-11-06;782.0
2002-11-06;764.0
2002-11-06;743.0
2002-11-07;857.0
2002-11-07;802.0
2002-11-07;808.0
2002-11-07;833.0
2002-11-08;887.0
2002-11-08;889.0
2002-11-08;884.0
2002-11-08;856.0
2002-11-09;910.0
2002-11-09;910.0
2002-11-09;910.0
2002-11-09;880.0
2002-11-10;866.0
2002-11-10;896.0
2002-11-10;890.0
2002-11-10;901.0
2002-11-11;866.0
2002-11-11;859.0
2002-11-11;872.0
2002-11-11;835.0
2002-11-12;840.0
2002-11-12;834.0
2002-11-12;845.0
2002-11-12;810.0
2002-11-13;827.0
2002-11-13;825.0
2002-11-13;826.0
2002-11-13;796.0
2002-11-14;820.0
2002-11-14;817.0
2002-11-14;822.0
2002-11-14;790.0
2002-11-15;812.0
2002-11-15;807.0
2002-11-15;810.0
2002-11-15;780.0
2002-11-16;804.0
2002-11-16;804.0
2002-11-16;804.0
2002-11-16;774.0
2002-11-17;803.0
2002-11-17;802.0
2002-11-17;803.0
2002-11-17;772.0
2002-11-18;792.0
2002-11-18;795.0
2002-11-18;798.0
2002-11-18;765.0
2002-11-19;750.0
2002-11-19;785.0
2002-11-19;776.0
2002-11-19;781.0
2002-11-20;758.0
2002-11-20;728.0
2002-11-20;752.0
2002-11-20;764.0
2002-11-21;742.0
2002-11-21;744.0
2002-11-21;712.0
2002-11-21;740.0
2002-11-22;732.0
2002-11-22;727.0
2002-11-22;730.0
2002-11-22;720.0
2002-11-23;726.0
2002-11-23;727.0
2002-11-23;728.0
2002-11-23;727.0
2002-11-24;733.0
2002-11-24;738.0
2002-11-24;736.0
2002-11-24;736.0
2002-11-25;742.0
2002-11-25;742.0
2002-11-25;741.0
2002-11-25;742.0
2002-11-26;735.0
2002-11-26;737.0
2002-11-26;733.0
2002-11-26;735.0
2002-11-27;723.0
2002-11-27;726.0
2002-11-27;726.0
2002-11-27;729.0
2002-11-28;712.0
2002-11-28;712.0
2002-11-28;709.0
2002-11-28;715.0
2002-11-29;702.0
2002-11-29;700.0
2002-11-29;697.0
2002-11-29;700.0
2002-11-30;690.0
2002-11-30;685.0
2002-11-30;694.0
2002-11-30;690.0
2002-12-01;700.0
2002-12-01;702.0
2002-12-01;705.0
2002-12-01;703.0
2002-12-02;719.0
2002-12-02;725.0
2002-12-02;730.0
2002-12-02;724.0
2002-12-03;748.0
2002-12-03;744.0
2002-12-03;751.0
2002-12-03;748.0
2002-12-04;786.0
2002-12-04;778.0
2002-12-04;778.0
2002-12-04;770.0
2002-12-05;797.0
2002-12-05;798.0
2002-12-05;798.0
2002-12-05;798.0
2002-12-06;799.0
2002-12-06;799.0
2002-12-06;799.0
2002-12-06;799.0
2002-12-07;795.0
2002-12-07;794.0
2002-12-07;796.0
2002-12-07;795.0
2002-12-08;779.0
2002-12-08;785.0
2002-12-08;785.0
2002-12-08;791.0
2002-12-09;760.0
2002-12-09;766.0
2002-12-09;760.0
2002-12-09;754.0
2002-12-10;738.0
2002-12-10;739.0
2002-12-10;745.0
2002-12-10;732.0
2002-12-11;720.0
2002-12-11;720.0
2002-12-11;720.0
2002-12-11;720.0
2002-12-12;710.0
2002-12-12;714.0
2002-12-12;706.0
2002-12-12;710.0
2002-12-13;686.0
2002-12-13;686.0
2002-12-13;692.0
2002-12-13;680.0
2002-12-14;663.0
2002-12-14;668.0
2002-12-14;658.0
2002-12-14;663.0
2002-12-15;642.0
2002-12-15;648.0
2002-12-15;645.0
2002-12-15;645.0
2002-12-16;638.0
2002-12-16;639.0
2002-12-16;638.0
2002-12-16;636.0
2002-12-17;633.0
2002-12-17;632.0
2002-12-17;633.0
2002-12-17;632.0
2002-12-18;683.0
2002-12-18;705.0
2002-12-18;682.0
2002-12-18;660.0
2002-12-19;768.0
2002-12-19;768.0
2002-12-19;782.0
2002-12-19;753.0
2002-12-20;818.0
2002-12-20;814.0
2002-12-20;822.0
2002-12-20;818.0
2002-12-21;824.0
2002-12-21;825.0
2002-12-21;823.0
2002-12-21;824.0
2002-12-22;819.0
2002-12-22;820.0
2002-12-22;818.0
2002-12-22;819.0
2002-12-23;814.0
2002-12-23;814.0
2002-12-23;814.0
2002-12-23;813.0
2002-12-24;811.0
2002-12-24;811.0
2002-12-24;813.0
2002-12-24;809.0
2002-12-25;804.0
2002-12-25;801.0
2002-12-25;806.0
2002-12-25;804.0
2002-12-26;792.0
2002-12-26;789.0
2002-12-26;786.0
2002-12-26;789.0
2002-12-27;774.0
2002-12-27;772.0
2002-12-27;776.0
2002-12-27;774.0
2002-12-28;764.0
2002-12-28;764.0
2002-12-28;764.0
2002-12-28;764.0
2002-12-29;756.0
2002-12-29;753.0
2002-12-29;758.0
2002-12-29;756.0
2002-12-30;740.0
2002-12-30;743.0
2002-12-30;738.0
2002-12-30;741.0
2002-12-31;724.0
2002-12-31;724.0
2002-12-31;719.0
2002-12-31;728.0
2003-01-01;699.0
2003-01-01;704.0
2003-01-01;704.0
2003-01-01;709.0
2003-01-02;684.0
2003-01-02;684.0
2003-01-02;680.0
2003-01-02;687.0
2003-01-03;662.0
2003-01-03;666.0
2003-01-03;657.0
2003-01-03;662.0
2003-01-04;647.0
2003-01-04;644.0
2003-01-04;644.0
2003-01-04;640.0
2003-01-05;630.0
2003-01-05;626.0
2003-01-05;633.0
2003-01-05;630.0
2003-01-06;618.0
2003-01-06;616.0
2003-01-06;620.0
2003-01-06;618.0
2003-01-07;605.0
2003-01-07;602.0
2003-01-07;603.0
2003-01-07;600.0
2003-01-08;590.0
2003-01-08;587.0
2003-01-08;592.0
2003-01-08;590.0
2003-01-09;575.0
2003-01-09;581.0
2003-01-09;578.0
2003-01-09;578.0
2003-01-10;576.0
2003-01-10;577.0
2003-01-10;578.0
2003-01-10;577.0
2003-01-11;572.0
2003-01-11;572.0
2003-01-11;572.0
2003-01-11;572.0
2003-01-12;572.0
2003-01-12;574.0
2003-01-12;573.0
2003-01-12;573.0
2003-01-13;578.0
2003-01-13;577.0
2003-01-13;577.0
2003-01-13;576.0
2003-01-14;582.0
2003-01-14;583.0
2003-01-14;580.0
2003-01-14;582.0
2003-01-15;594.0
2003-01-15;589.0
2003-01-15;592.0
2003-01-15;592.0
2003-01-16;602.0
2003-01-16;600.0
2003-01-16;597.0
2003-01-16;600.0
2003-01-17;608.0
2003-01-17;608.0
2003-01-17;608.0
2003-01-17;608.0
2003-01-18;602.0
2003-01-18;604.0
2003-01-18;604.0
2003-01-18;606.0
2003-01-19;596.0
2003-01-19;594.0
2003-01-19;598.0
2003-01-19;596.0
2003-01-20;585.0
2003-01-20;588.0
2003-01-20;584.0
2003-01-20;581.0
2003-01-21;566.0
2003-01-21;571.0
2003-01-21;562.0
2003-01-21;567.0
2003-01-22;547.0
2003-01-22;547.0
2003-01-22;542.0
2003-01-22;552.0
2003-01-23;534.0
2003-01-23;526.0
2003-01-23;530.0
2003-01-23;530.0
2003-01-24;514.0
2003-01-24;510.0
2003-01-24;517.0
2003-01-24;514.0
2003-01-25;501.0
2003-01-25;500.0
2003-01-25;502.0
2003-01-25;501.0
2003-01-26;490.0
2003-01-26;488.0
2003-01-26;492.0
2003-01-26;490.0
2003-01-27;481.0
2003-01-27;478.0
2003-01-27;480.0
2003-01-27;480.0
2003-01-28;472.0
2003-01-28;472.0
2003-01-28;473.0
2003-01-28;470.0
2003-01-29;470.0
2003-01-29;468.0
2003-01-29;472.0
2003-01-29;470.0
2003-01-30;486.0
2003-01-30;483.0
2003-01-30;480.0
2003-01-30;483.0
2003-01-31;491.0
2003-01-31;491.0
2003-01-31;492.0
2003-01-31;490.0
2003-02-01;490.0
2003-02-01;491.0
2003-02-01;491.0
2003-02-01;490.0
2003-02-02;495.0
2003-02-02;498.0
2003-02-02;492.0
2003-02-02;495.0
2003-02-03;503.0
2003-02-03;501.0
2003-02-03;505.0
2003-02-03;503.0
2003-02-04;523.0
2003-02-04;534.0
2003-02-04;529.0
2003-02-04;528.0
2003-02-05;550.0
2003-02-05;554.0
2003-02-05;546.0
2003-02-05;550.0
2003-02-06;554.0
2003-02-06;555.0
2003-02-06;556.0
2003-02-06;553.0
2003-02-07;550.0
2003-02-07;551.0
2003-02-07;551.0
2003-02-07;550.0
2003-02-08;547.0
2003-02-08;546.0
2003-02-08;548.0
2003-02-08;545.0
2003-02-09;542.0
2003-02-09;550.0
2003-02-09;546.0
2003-02-09;546.0
2003-02-10;558.0
2003-02-10;553.0
2003-02-10;563.0
2003-02-10;558.0
2003-02-11;573.0
2003-02-11;573.0
2003-02-11;573.0
2003-02-11;573.0
2003-02-12;575.0
2003-02-12;575.0
2003-02-12;574.0
2003-02-12;576.0
2003-02-13;578.0
2003-02-13;577.0
2003-02-13;578.0
2003-02-13;578.0
2003-02-14;575.0
2003-02-14;576.0
2003-02-14;576.0
2003-02-14;576.0
2003-02-15;574.0
2003-02-15;572.0
2003-02-15;573.0
2003-02-15;573.0
2003-02-16;564.0
2003-02-16;568.0
2003-02-16;565.0
2003-02-16;561.0
2003-02-17;558.0
2003-02-17;544.0
2003-02-17;551.0
2003-02-17;551.0
2003-02-18;528.0
2003-02-18;531.0
2003-02-18;534.0
2003-02-18;531.0
2003-02-19;514.0
2003-02-19;510.0
2003-02-19;518.0
2003-02-19;514.0
2003-02-20;502.0
2003-02-20;494.0
2003-02-20;498.0
2003-02-20;498.0
2003-02-21;484.0
2003-02-21;486.0
2003-02-21;488.0
2003-02-21;486.0
2003-02-22;478.0
2003-02-22;474.0
2003-02-22;481.0
2003-02-22;478.0
2003-02-23;470.0
2003-02-23;470.0
2003-02-23;470.0
2003-02-23;470.0
2003-02-24;468.0
2003-02-24;470.0
2003-02-24;469.0
2003-02-24;469.0
2003-02-25;465.0
2003-02-25;464.0
2003-02-25;463.0
2003-02-25;466.0
2003-02-26;463.0
2003-02-26;464.0
2003-02-26;462.0
2003-02-26;463.0
2003-02-27;476.0
2003-02-27;473.0
2003-02-27;480.0
2003-02-27;477.0
2003-02-28;493.0
2003-02-28;485.0
2003-02-28;489.0
2003-02-28;489.0
2003-03-01;513.0
2003-03-01;518.0
2003-03-01;518.0
2003-03-01;523.0
2003-03-02;537.0
2003-03-02;539.0
2003-03-02;536.0
2003-03-02;534.0
2003-03-03;546.0
2003-03-03;548.0
2003-03-03;544.0
2003-03-03;546.0
2003-03-04;545.0
2003-03-04;544.0
2003-03-04;545.0
2003-03-04;546.0
2003-03-05;540.0
2003-03-05;539.0
2003-03-05;540.0
2003-03-05;540.0
2003-03-06;536.0
2003-03-06;535.0
2003-03-06;535.0
2003-03-06;534.0
2003-03-07;536.0
2003-03-07;538.0
2003-03-07;534.0
2003-03-07;536.0
2003-03-08;560.0
2003-03-08;555.0
2003-03-08;549.0
2003-03-08;554.0
2003-03-09;588.0
2003-03-09;581.0
2003-03-09;581.0
2003-03-09;574.0
2003-03-10;603.0
2003-03-10;606.0
2003-03-10;600.0
2003-03-10;603.0
2003-03-11;617.0
2003-03-11;615.0
2003-03-11;614.0
2003-03-11;612.0
2003-03-12;625.0
2003-03-12;623.0
2003-03-12;621.0
2003-03-12;623.0
2003-03-13;622.0
2003-03-13;621.0
2003-03-13;620.0
2003-03-13;621.0
2003-03-14;614.0
2003-03-14;615.0
2003-03-14;614.0
2003-03-14;613.0
2003-03-15;611.0
2003-03-15;610.0
2003-03-15;609.0
2003-03-15;610.0
2003-03-16;615.0
2003-03-16;614.0
2003-03-16;613.0
2003-03-16;614.0
2003-03-17;624.0
2003-03-17;627.0
2003-03-17;620.0
2003-03-17;624.0
2003-03-18;626.0
2003-03-18;626.0
2003-03-18;626.0
2003-03-18;626.0
2003-03-19;628.0
2003-03-19;628.0
2003-03-19;629.0
2003-03-19;627.0
2003-03-20;633.0
2003-03-20;631.0
2003-03-20;635.0
2003-03-20;633.0
2003-03-21;638.0
2003-03-21;637.0
2003-03-21;638.0
2003-03-21;638.0
2003-03-22;630.0
2003-03-22;632.0
2003-03-22;632.0
2003-03-22;634.0
2003-03-23;620.0
2003-03-23;617.0
2003-03-23;620.0
2003-03-23;623.0
2003-03-24;612.0
2003-03-24;612.0
2003-03-24;613.0
2003-03-24;613.0
2003-03-25;621.0
2003-03-25;619.0
2003-03-25;617.0
2003-03-25;619.0
2003-03-26;620.0
2003-03-26;621.0
2003-03-26;619.0
2003-03-26;620.0
2003-03-27;622.0
2003-03-27;622.0
2003-03-27;622.0
2003-03-27;622.0
2003-03-28;622.0
2003-03-28;622.0
2003-03-28;622.0
2003-03-28;622.0
2003-03-29;618.0
2003-03-29;620.0
2003-03-29;618.0
2003-03-29;615.0
2003-03-30;612.0
2003-03-30;612.0
2003-03-30;612.0
2003-03-30;612.0
2003-03-31;619.0
2003-03-31;618.0
2003-03-31;619.0
2003-03-31;620.0
2003-04-01;616.0
2003-04-01;615.0
2003-04-01;617.0
2003-04-01;616.0
2003-04-02;608.0
2003-04-02;604.0
2003-04-02;606.0
2003-04-02;606.0
2003-04-03;608.0
2003-04-03;608.0
2003-04-03;606.0
2003-04-03;610.0
2003-04-04;637.0
2003-04-04;644.0
2003-04-04;644.0
2003-04-04;650.0
2003-04-05;684.0
2003-04-05;670.0
2003-04-05;699.0
2003-04-05;685.0
2003-04-06;738.0
2003-04-06;738.0
2003-04-06;740.0
2003-04-06;735.0
2003-04-07;777.0
2003-04-07;780.0
2003-04-07;774.0
2003-04-07;777.0
2003-04-08;791.0
2003-04-08;790.0
2003-04-08;790.0
2003-04-08;791.0
2003-04-09;782.0
2003-04-09;790.0
2003-04-09;786.0
2003-04-09;786.0
2003-04-10;774.0
2003-04-10;777.0
2003-04-10;776.0
2003-04-10;779.0
2003-04-11;766.0
2003-04-11;766.0
2003-04-11;765.0
2003-04-11;767.0
2003-04-12;762.0
2003-04-12;760.0
2003-04-12;761.0
2003-04-12;761.0
2003-04-13;772.0
2003-04-13;775.0
2003-04-13;769.0
2003-04-13;772.0
2003-04-14;804.0
2003-04-14;797.0
2003-04-14;801.0
2003-04-14;801.0
2003-04-15;828.0
2003-04-15;835.0
2003-04-15;828.0
2003-04-15;820.0
2003-04-16;863.0
2003-04-16;856.0
2003-04-16;849.0
2003-04-16;856.0
2003-04-17;880.0
2003-04-17;876.0
2003-04-17;878.0
2003-04-17;878.0
2003-04-18;881.0
2003-04-18;880.0
2003-04-18;880.0
2003-04-18;879.0
2003-04-19;872.0
2003-04-19;868.0
2003-04-19;869.0
2003-04-19;865.0
2003-04-20;848.0
2003-04-20;844.0
2003-04-20;840.0
2003-04-20;844.0
2003-04-21;820.0
2003-04-21;820.0
2003-04-21;825.0
2003-04-21;814.0
2003-04-22;803.0
2003-04-22;796.0
2003-04-22;790.0
2003-04-22;797.0
2003-04-23;787.0
2003-04-23;789.0
2003-04-23;784.0
2003-04-23;786.0
2003-04-24;800.0
2003-04-24;797.0
2003-04-24;800.0
2003-04-24;802.0
2003-04-25;804.0
2003-04-25;804.0
2003-04-25;804.0
2003-04-25;804.0
2003-04-26;803.0
2003-04-26;803.0
2003-04-26;803.0
2003-04-26;803.0
2003-04-27;808.0
2003-04-27;814.0
2003-04-27;811.0
2003-04-27;811.0
2003-04-28;829.0
2003-04-28;828.0
2003-04-28;825.0
2003-04-28;832.0
2003-04-29;854.0
2003-04-29;850.0
2003-04-29;850.0
2003-04-29;846.0
2003-04-30;868.0
2003-04-30;870.0
2003-04-30;865.0
2003-04-30;868.0
2003-05-01;876.0
2003-05-01;876.0
2003-05-01;878.0
2003-05-01;874.0
2003-05-02;882.0
2003-05-02;882.0
2003-05-02;882.0
2003-05-02;882.0
2003-05-03;890.0
2003-05-03;884.0
2003-05-03;896.0
2003-05-03;890.0
2003-05-04;899.0
2003-05-04;900.0
2003-05-04;899.0
2003-05-04;898.0
2003-05-05;902.0
2003-05-05;903.0
2003-05-05;902.0
2003-05-05;903.0
2003-05-06;906.0
2003-05-06;904.0
2003-05-06;905.0
2003-05-06;905.0
2003-05-07;913.0
2003-05-07;913.0
2003-05-07;914.0
2003-05-07;912.0
2003-05-08;913.0
2003-05-08;913.0
2003-05-08;913.0
2003-05-08;913.0
2003-05-09;930.0
2003-05-09;935.0
2003-05-09;926.0
2003-05-09;931.0
2003-05-10;954.0
2003-05-10;950.0
2003-05-10;957.0
2003-05-10;954.0
2003-05-11;967.0
2003-05-11;964.0
2003-05-11;967.0
2003-05-11;970.0
2003-05-12;984.0
2003-05-12;982.0
2003-05-12;984.0
2003-05-12;986.0
2003-05-13;990.0
2003-05-13;989.0
2003-05-13;991.0
2003-05-13;990.0
2003-05-14;994.0
2003-05-14;995.0
2003-05-14;994.0
2003-05-14;993.0
2003-05-15;998.0
2003-05-15;998.0
2003-05-15;998.0
2003-05-15;998.0
2003-05-16;1004.0
2003-05-16;1005.0
2003-05-16;1002.0
2003-05-16;1004.0
2003-05-17;1019.0
2003-05-17;1016.0
2003-05-17;1015.0
2003-05-17;1012.0
2003-05-18;1034.0
2003-05-18;1034.0
2003-05-18;1039.0
2003-05-18;1028.0
2003-05-19;1076.0
2003-05-19;1060.0
2003-05-19;1092.0
2003-05-19;1076.0
2003-05-20;1120.0
2003-05-20;1127.0
2003-05-20;1120.0
2003-05-20;1112.0
2003-05-21;1141.0
2003-05-21;1140.0
2003-05-21;1138.0
2003-05-21;1140.0
2003-05-22;1147.0
2003-05-22;1152.0
2003-05-22;1150.0
2003-05-22;1150.0
2003-05-23;1135.0
2003-05-23;1125.0
2003-05-23;1130.0
2003-05-23;1130.0
2003-05-24;1107.0
2003-05-24;1107.0
2003-05-24;1102.0
2003-05-24;1112.0
2003-05-25;1093.0
2003-05-25;1095.0
2003-05-25;1093.0
2003-05-25;1091.0
2003-05-26;1076.0
2003-05-26;1076.0
2003-05-26;1081.0
2003-05-26;1071.0
2003-05-27;1057.0
2003-05-27;1048.0
2003-05-27;1052.0
2003-05-27;1053.0
2003-05-28;1039.0
2003-05-28;1038.0
2003-05-28;1040.0
2003-05-28;1039.0
2003-05-29;1042.0
2003-05-29;1036.0
2003-05-29;1039.0
2003-05-29;1039.0
2003-05-30;1048.0
2003-05-30;1046.0
2003-05-30;1048.0
2003-05-30;1049.0
2003-05-31;1045.0
2003-05-31;1048.0
2003-05-31;1045.0
2003-05-31;1042.0
2003-06-01;1035.0
2003-06-01;1034.0
2003-06-01;1035.0
2003-06-01;1036.0
2003-06-02;1020.0
2003-06-02;1023.0
2003-06-02;1022.0
2003-06-02;1025.0
2003-06-03;1017.0
2003-06-03;1019.0
2003-06-03;1015.0
2003-06-03;1017.0
2003-06-04;1027.0
2003-06-04;1032.0
2003-06-04;1036.0
2003-06-04;1032.0
2003-06-05;1050.0
2003-06-05;1052.0
2003-06-05;1048.0
2003-06-05;1050.0
2003-06-06;1058.0
2003-06-06;1060.0
2003-06-06;1060.0
2003-06-06;1061.0
2003-06-07;1068.0
2003-06-07;1066.0
2003-06-07;1065.0
2003-06-07;1067.0
2003-06-08;1098.0
2003-06-08;1101.0
2003-06-08;1094.0
2003-06-08;1098.0
2003-06-09;1103.0
2003-06-09;1104.0
2003-06-09;1105.0
2003-06-09;1104.0
2003-06-10;1101.0
2003-06-10;1101.0
2003-06-10;1101.0
2003-06-10;1101.0
2003-06-11;1103.0
2003-06-11;1104.0
2003-06-11;1103.0
2003-06-11;1102.0
2003-06-12;1094.0
2003-06-12;1096.0
2003-06-12;1096.0
2003-06-12;1098.0
2003-06-13;1076.0
2003-06-13;1080.0
2003-06-13;1084.0
2003-06-13;1080.0
2003-06-14;1065.0
2003-06-14;1060.0
2003-06-14;1055.0
2003-06-14;1060.0
2003-06-15;1038.0
2003-06-15;1042.0
2003-06-15;1039.0
2003-06-15;1035.0
2003-06-16;1022.0
2003-06-16;1019.0
2003-06-16;1015.0
2003-06-16;1018.0
2003-06-17;1000.0
2003-06-17;995.0
2003-06-17;1004.0
2003-06-17;999.0
2003-06-18;982.0
2003-06-18;986.0
2003-06-18;982.0
2003-06-18;978.0
2003-06-19;974.0
2003-06-19;973.0
2003-06-19;972.0
2003-06-19;971.0
2003-06-20;975.0
2003-06-20;974.0
2003-06-20;974.0
2003-06-20;975.0
2003-06-21;973.0
2003-06-21;974.0
2003-06-21;972.0
2003-06-21;973.0
2003-06-22;1014.0
2003-06-22;1004.0
2003-06-22;994.0
2003-06-22;1004.0
2003-06-23;1019.0
2003-06-23;1014.0
2003-06-23;1019.0
2003-06-23;1024.0
2003-06-24;1034.0
2003-06-24;1034.0
2003-06-24;1033.0
2003-06-24;1034.0
2003-06-25;1036.0
2003-06-25;1036.0
2003-06-25;1036.0
2003-06-25;1036.0
2003-06-26;1037.0
2003-06-26;1037.0
2003-06-26;1037.0
2003-06-26;1037.0
2003-06-27;1036.0
2003-06-27;1036.0
2003-06-27;1037.0
2003-06-27;1035.0
2003-06-28;1028.0
2003-06-28;1030.0
2003-06-28;1028.0
2003-06-28;1026.0
2003-06-29;1020.0
2003-06-29;1022.0
2003-06-29;1021.0
2003-06-29;1021.0
2003-06-30;1029.0
2003-06-30;1024.0
2003-06-30;1034.0
2003-06-30;1029.0
2003-07-01;1055.0
2003-07-01;1060.0
2003-07-01;1050.0
2003-07-01;1055.0
2003-07-02;1060.0
2003-07-02;1061.0
2003-07-02;1060.0
2003-07-02;1061.0
2003-07-03;1049.0
2003-07-03;1054.0
2003-07-03;1052.0
2003-07-03;1052.0
2003-07-04;1035.0
2003-07-04;1039.0
2003-07-04;1031.0
2003-07-04;1035.0
2003-07-05;1014.0
2003-07-05;1018.0
2003-07-05;1014.0
2003-07-05;1010.0
2003-07-06;984.0
2003-07-06;996.0
2003-07-06;990.0
2003-07-06;990.0
2003-07-07;972.0
2003-07-07;975.0
2003-07-07;968.0
2003-07-07;972.0
2003-07-08;954.0
2003-07-08;957.0
2003-07-08;957.0
2003-07-08;960.0
2003-07-09;938.0
2003-07-09;941.0
2003-07-09;941.0
2003-07-09;944.0
2003-07-10;930.0
2003-07-10;927.0
2003-07-10;932.0
2003-07-10;930.0
2003-07-11;917.0
2003-07-11;914.0
2003-07-11;917.0
2003-07-11;920.0
2003-07-12;925.0
2003-07-12;920.0
2003-07-12;922.0
2003-07-12;923.0
2003-07-13;937.0
2003-07-13;940.0
2003-07-13;940.0
2003-07-13;942.0
2003-07-14;945.0
2003-07-14;946.0
2003-07-14;946.0
2003-07-14;946.0
2003-07-15;934.0
2003-07-15;934.0
2003-07-15;938.0
2003-07-15;930.0
2003-07-16;912.0
2003-07-16;917.0
2003-07-16;906.0
2003-07-16;912.0
2003-07-17;889.0
2003-07-17;885.0
2003-07-17;892.0
2003-07-17;888.0
2003-07-18;874.0
2003-07-18;876.0
2003-07-18;872.0
2003-07-18;874.0
2003-07-19;866.0
2003-07-19;864.0
2003-07-19;865.0
2003-07-19;865.0
2003-07-20;861.0
2003-07-20;861.0
2003-07-20;860.0
2003-07-20;862.0
2003-07-21;857.0
2003-07-21;858.0
2003-07-21;857.0
2003-07-21;856.0
2003-07-22;856.0
2003-07-22;855.0
2003-07-22;856.0
2003-07-22;856.0
2003-07-23;858.0
2003-07-23;860.0
2003-07-23;860.0
2003-07-23;862.0
2003-07-24;882.0
2003-07-24;875.0
2003-07-24;888.0
2003-07-24;882.0
2003-07-25;934.0
2003-07-25;915.0
2003-07-25;924.0
2003-07-25;925.0
2003-07-26;940.0
2003-07-26;964.0
2003-07-26;952.0
2003-07-26;952.0
2003-07-27;986.0
2003-07-27;980.0
2003-07-27;992.0
2003-07-27;986.0
2003-07-28;1010.0
2003-07-28;1009.0
2003-07-28;1010.0
2003-07-28;1010.0
2003-07-29;1004.0
2003-07-29;1008.0
2003-07-29;1006.0
2003-07-29;1006.0
2003-07-30;1004.0
2003-07-30;1004.0
2003-07-30;1004.0
2003-07-30;1004.0
2003-07-31;1006.0
2003-07-31;1006.0
2003-07-31;1006.0
2003-07-31;1005.0
2003-08-01;1006.0
2003-08-01;1006.0
2003-08-01;1006.0
2003-08-01;1006.0
2003-08-02;1004.0
2003-08-02;1003.0
2003-08-02;1004.0
2003-08-02;1004.0
2003-08-03;1002.0
2003-08-03;1003.0
2003-08-03;1003.0
2003-08-03;1002.0
2003-08-04;1002.0
2003-08-04;1001.0
2003-08-04;1002.0
2003-08-04;1002.0
2003-08-05;1000.0
2003-08-05;1000.0
2003-08-05;1000.0
2003-08-05;1000.0
2003-08-06;992.0
2003-08-06;992.0
2003-08-06;992.0
2003-08-06;992.0
2003-08-07;987.0
2003-08-07;992.0
2003-08-07;986.0
2003-08-07;981.0
2003-08-08;981.0
2003-08-08;981.0
2003-08-08;982.0
2003-08-08;980.0
2003-08-09;974.0
2003-08-09;978.0
2003-08-09;976.0
2003-08-09;976.0
2003-08-10;968.0
2003-08-10;969.0
2003-08-10;970.0
2003-08-10;969.0
2003-08-11;966.0
2003-08-11;965.0
2003-08-11;968.0
2003-08-11;967.0
2003-08-12;958.0
2003-08-12;958.0
2003-08-12;956.0
2003-08-12;960.0
2003-08-13;951.0
2003-08-13;952.0
2003-08-13;951.0
2003-08-13;949.0
2003-08-14;950.0
2003-08-14;949.0
2003-08-14;949.0
2003-08-14;950.0
2003-08-15;949.0
2003-08-15;948.0
2003-08-15;950.0
2003-08-15;947.0
2003-08-16;942.0
2003-08-16;941.0
2003-08-16;944.0
2003-08-16;939.0
2003-08-17;930.0
2003-08-17;932.0
2003-08-17;932.0
2003-08-17;934.0
2003-08-18;927.0
2003-08-18;928.0
2003-08-18;928.0
2003-08-18;928.0
2003-08-19;931.0
2003-08-19;932.0
2003-08-19;929.0
2003-08-19;930.0
2003-08-20;940.0
2003-08-20;942.0
2003-08-20;940.0
2003-08-20;938.0
2003-08-21;963.0
2003-08-21;952.0
2003-08-21;957.0
2003-08-21;958.0
2003-08-22;974.0
2003-08-22;978.0
2003-08-22;976.0
2003-08-22;976.0
2003-08-23;980.0
2003-08-23;981.0
2003-08-23;982.0
2003-08-23;981.0
2003-08-24;972.0
2003-08-24;969.0
2003-08-24;972.0
2003-08-24;975.0
2003-08-25;958.0
2003-08-25;960.0
2003-08-25;961.0
2003-08-25;960.0
2003-08-26;951.0
2003-08-26;954.0
2003-08-26;948.0
2003-08-26;951.0
2003-08-27;943.0
2003-08-27;945.0
2003-08-27;940.0
2003-08-27;943.0
2003-08-28;934.0
2003-08-28;930.0
2003-08-28;927.0
2003-08-28;931.0
2003-08-29;914.0
2003-08-29;914.0
2003-08-29;909.0
2003-08-29;918.0
2003-08-30;895.0
2003-08-30;890.0
2003-08-30;899.0
2003-08-30;894.0
2003-08-31;872.0
2003-08-31;880.0
2003-08-31;876.0
2003-08-31;876.0
2003-09-01;875.0
2003-09-01;876.0
2003-09-01;875.0
2003-09-01;874.0
2003-09-02;899.0
2003-09-02;894.0
2003-09-02;889.0
2003-09-02;894.0
2003-09-03;916.0
2003-09-03;918.0
2003-09-03;919.0
2003-09-03;918.0
2003-09-04;914.0
2003-09-04;917.0
2003-09-04;910.0
2003-09-04;914.0
2003-09-05;888.0
2003-09-05;893.0
2003-09-05;898.0
2003-09-05;893.0
2003-09-06;873.0
2003-09-06;876.0
2003-09-06;870.0
2003-09-06;873.0
2003-09-07;861.0
2003-09-07;858.0
2003-09-07;864.0
2003-09-07;861.0
2003-09-08;848.0
2003-09-08;843.0
2003-09-08;838.0
2003-09-08;843.0
2003-09-09;821.0
2003-09-09;816.0
2003-09-09;826.0
2003-09-09;821.0
2003-09-10;810.0
2003-09-10;812.0
2003-09-10;809.0
2003-09-10;811.0
2003-09-11;818.0
2003-09-11;818.0
2003-09-11;821.0
2003-09-11;815.0
2003-09-12;829.0
2003-09-12;830.0
2003-09-12;829.0
2003-09-12;828.0
2003-09-13;824.0
2003-09-13;828.0
2003-09-13;826.0
2003-09-13;826.0
2003-09-14;816.0
2003-09-14;814.0
2003-09-14;816.0
2003-09-14;818.0
2003-09-15;806.0
2003-09-15;804.0
2003-09-15;808.0
2003-09-15;806.0
2003-09-16;798.0
2003-09-16;799.0
2003-09-16;798.0
2003-09-16;797.0
2003-09-17;797.0
2003-09-17;796.0
2003-09-17;796.0
2003-09-17;797.0
2003-09-18;796.0
2003-09-18;796.0
2003-09-18;795.0
2003-09-18;796.0
2003-09-19;794.0
2003-09-19;794.0
2003-09-19;796.0
2003-09-19;792.0
2003-09-20;804.0
2003-09-20;804.0
2003-09-20;804.0
2003-09-20;804.0
2003-09-21;798.0
2003-09-21;799.0
2003-09-21;799.0
2003-09-21;800.0
2003-09-22;798.0
2003-09-22;799.0
2003-09-22;798.0
2003-09-22;797.0
2003-09-23;795.0
2003-09-23;796.0
2003-09-23;794.0
2003-09-23;795.0
2003-09-24;792.0
2003-09-24;793.0
2003-09-24;792.0
2003-09-24;793.0
2003-09-25;797.0
2003-09-25;797.0
2003-09-25;797.0
2003-09-25;797.0
2003-09-26;792.0
2003-09-26;795.0
2003-09-26;790.0
2003-09-26;793.0
2003-09-27;778.0
2003-09-27;775.0
2003-09-27;781.0
2003-09-27;778.0
2003-09-28;771.0
2003-09-28;771.0
2003-09-28;768.0
2003-09-28;774.0
2003-09-29;788.0
2003-09-29;791.0
2003-09-29;790.0
2003-09-29;790.0
2003-09-30;787.0
2003-09-30;788.0
2003-09-30;786.0
2003-09-30;787.0
2003-10-01;780.0
2003-10-01;780.0
2003-10-01;781.0
2003-10-01;778.0
2003-10-02;767.0
2003-10-02;770.0
2003-10-02;763.0
2003-10-02;766.0
2003-10-03;749.0
2003-10-03;753.0
2003-10-03;744.0
2003-10-03;748.0
2003-10-04;729.0
2003-10-04;735.0
2003-10-04;723.0
2003-10-04;729.0
2003-10-05;743.0
2003-10-05;739.0
2003-10-05;735.0
2003-10-05;739.0
2003-10-06;744.0
2003-10-06;742.0
2003-10-06;745.0
2003-10-06;744.0
2003-10-07;741.0
2003-10-07;742.0
2003-10-07;740.0
2003-10-07;741.0
2003-10-08;748.0
2003-10-08;750.0
2003-10-08;748.0
2003-10-08;746.0
2003-10-09;761.0
2003-10-09;761.0
2003-10-09;758.0
2003-10-09;764.0
2003-10-10;766.0
2003-10-10;766.0
2003-10-10;766.0
2003-10-10;766.0
2003-10-11;767.0
2003-10-11;767.0
2003-10-11;767.0
2003-10-11;767.0
2003-10-12;774.0
2003-10-12;770.0
2003-10-12;766.0
2003-10-12;770.0
2003-10-13;798.0
2003-10-13;793.0
2003-10-13;788.0
2003-10-13;793.0
2003-10-14;802.0
2003-10-14;802.0
2003-10-14;801.0
2003-10-14;802.0
2003-10-15;796.0
2003-10-15;794.0
2003-10-15;795.0
2003-10-15;795.0
2003-10-16;791.0
2003-10-16;792.0
2003-10-16;790.0
2003-10-16;791.0
2003-10-17;791.0
2003-10-17;794.0
2003-10-17;793.0
2003-10-17;792.0
2003-10-18;797.0
2003-10-18;798.0
2003-10-18;798.0
2003-10-18;798.0
2003-10-19;798.0
2003-10-19;798.0
2003-10-19;797.0
2003-10-19;798.0
2003-10-20;794.0
2003-10-20;793.0
2003-10-20;794.0
2003-10-20;794.0
2003-10-21;792.0
2003-10-21;793.0
2003-10-21;793.0
2003-10-21;792.0
2003-10-22;790.0
2003-10-22;790.0
2003-10-22;790.0
2003-10-22;790.0
2003-10-23;785.0
2003-10-23;787.0
2003-10-23;787.0
2003-10-23;789.0
2003-10-24;778.0
2003-10-24;775.0
2003-10-24;780.0
2003-10-24;778.0
2003-10-25;763.0
2003-10-25;766.0
2003-10-25;760.0
2003-10-25;763.0
2003-10-26;756.0
2003-10-26;745.0
2003-10-26;750.0
2003-10-26;751.0
2003-10-27;733.0
2003-10-27;730.0
2003-10-27;732.0
2003-10-27;735.0
2003-10-28;745.0
2003-10-28;726.0
2003-10-28;763.0
2003-10-28;744.0
2003-10-29;785.0
2003-10-29;783.0
2003-10-29;786.0
2003-10-29;784.0
2003-10-30;780.0
2003-10-30;784.0
2003-10-30;780.0
2003-10-30;776.0
2003-10-31;760.0
2003-10-31;752.0
2003-10-31;744.0
2003-10-31;752.0
2003-11-01;725.0
2003-11-01;713.0
2003-11-01;719.0
2003-11-01;719.0
2003-11-02;692.0
2003-11-02;699.0
2003-11-02;696.0
2003-11-02;696.0
2003-11-03;680.0
2003-11-03;682.0
2003-11-03;684.0
2003-11-03;682.0
2003-11-04;695.0
2003-11-04;702.0
2003-11-04;688.0
2003-11-04;695.0
2003-11-05;720.0
2003-11-05;716.0
2003-11-05;724.0
2003-11-05;720.0
2003-11-06;730.0
2003-11-06;732.0
2003-11-06;730.0
2003-11-06;728.0
2003-11-07;730.0
2003-11-07;729.0
2003-11-07;730.0
2003-11-07;730.0
2003-11-08;726.0
2003-11-08;728.0
2003-11-08;727.0
2003-11-08;727.0
2003-11-09;722.0
2003-11-09;720.0
2003-11-09;722.0
2003-11-09;723.0
2003-11-10;715.0
2003-11-10;716.0
2003-11-10;715.0
2003-11-10;714.0
2003-11-11;708.0
2003-11-11;706.0
2003-11-11;708.0
2003-11-11;709.0
2003-11-12;702.0
2003-11-12;702.0
2003-11-12;700.0
2003-11-12;703.0
2003-11-13;692.0
2003-11-13;690.0
2003-11-13;694.0
2003-11-13;692.0
2003-11-14;684.0
2003-11-14;685.0
2003-11-14;683.0
2003-11-14;684.0
2003-11-15;688.0
2003-11-15;690.0
2003-11-15;686.0
2003-11-15;688.0
2003-11-16;703.0
2003-11-16;700.0
2003-11-16;702.0
2003-11-16;705.0
2003-11-17;706.0
2003-11-17;704.0
2003-11-17;708.0
2003-11-17;706.0
2003-11-18;698.0
2003-11-18;698.0
2003-11-18;696.0
2003-11-18;700.0
2003-11-19;682.0
2003-11-19;679.0
2003-11-19;686.0
2003-11-19;683.0
2003-11-20;670.0
2003-11-20;668.0
2003-11-20;668.0
2003-11-20;665.0
2003-11-21;660.0
2003-11-21;659.0
2003-11-21;661.0
2003-11-21;660.0
2003-11-22;655.0
2003-11-22;654.0
2003-11-22;656.0
2003-11-22;655.0
2003-11-23;655.0
2003-11-23;656.0
2003-11-23;656.0
2003-11-23;656.0
2003-11-24;658.0
2003-11-24;657.0
2003-11-24;659.0
2003-11-24;658.0
2003-11-25;657.0
2003-11-25;656.0
2003-11-25;656.0
2003-11-25;657.0
2003-11-26;652.0
2003-11-26;652.0
2003-11-26;652.0
2003-11-26;651.0
2003-11-27;654.0
2003-11-27;656.0
2003-11-27;657.0
2003-11-27;656.0
2003-11-28;662.0
2003-11-28;662.0
2003-11-28;662.0
2003-11-28;662.0
2003-11-29;670.0
2003-11-29;674.0
2003-11-29;667.0
2003-11-29;671.0
2003-11-30;684.0
2003-11-30;683.0
2003-11-30;684.0
2003-11-30;684.0
2003-12-01;677.0
2003-12-01;683.0
2003-12-01;670.0
2003-12-01;676.0
2003-12-02;672.0
2003-12-02;675.0
2003-12-02;668.0
2003-12-02;672.0
2003-12-03;679.0
2003-12-03;680.0
2003-12-03;680.0
2003-12-03;680.0
2003-12-04;684.0
2003-12-04;684.0
2003-12-04;684.0
2003-12-04;684.0
2003-12-05;681.0
2003-12-05;682.0
2003-12-05;680.0
2003-12-05;681.0
2003-12-06;678.0
2003-12-06;678.0
2003-12-06;679.0
2003-12-06;676.0
2003-12-07;669.0
2003-12-07;669.0
2003-12-07;672.0
2003-12-07;666.0
2003-12-08;663.0
2003-12-08;664.0
2003-12-08;662.0
2003-12-08;663.0
2003-12-09;662.0
2003-12-09;662.0
2003-12-09;662.0
2003-12-09;662.0
2003-12-10;661.0
2003-12-10;660.0
2003-12-10;662.0
2003-12-10;661.0
2003-12-11;656.0
2003-12-11;656.0
2003-12-11;654.0
2003-12-11;658.0
2003-12-12;645.0
2003-12-12;648.0
2003-12-12;642.0
2003-12-12;645.0
2003-12-13;636.0
2003-12-13;633.0
2003-12-13;633.0
2003-12-13;630.0
2003-12-14;629.0
2003-12-14;629.0
2003-12-14;628.0
2003-12-14;628.0
2003-12-15;645.0
2003-12-15;638.0
2003-12-15;639.0
2003-12-15;632.0
2003-12-16;659.0
2003-12-16;654.0
2003-12-16;650.0
2003-12-16;655.0
2003-12-17;680.0
2003-12-17;688.0
2003-12-17;671.0
2003-12-17;680.0
2003-12-18;710.0
2003-12-18;710.0
2003-12-18;720.0
2003-12-18;700.0
2003-12-19;739.0
2003-12-19;731.0
2003-12-19;746.0
2003-12-19;738.0
2003-12-20;754.0
2003-12-20;757.0
2003-12-20;756.0
2003-12-20;756.0
2003-12-21;748.0
2003-12-21;750.0
2003-12-21;745.0
2003-12-21;748.0
2003-12-22;740.0
2003-12-22;740.0
2003-12-22;738.0
2003-12-22;742.0
2003-12-23;730.0
2003-12-23;728.0
2003-12-23;732.0
2003-12-23;730.0
2003-12-24;718.0
2003-12-24;720.0
2003-12-24;721.0
2003-12-24;720.0
2003-12-25;712.0
2003-12-25;713.0
2003-12-25;710.0
2003-12-25;712.0
2003-12-26;707.0
2003-12-26;706.0
2003-12-26;706.0
2003-12-26;704.0
2003-12-27;694.0
2003-12-27;695.0
2003-12-27;692.0
2003-12-27;694.0
2003-12-28;683.0
2003-12-28;681.0
2003-12-28;678.0
2003-12-28;680.0
2003-12-29;664.0
2003-12-29;660.0
2003-12-29;668.0
2003-12-29;664.0
2003-12-30;650.0
2003-12-30;648.0
2003-12-30;645.0
2003-12-30;648.0
2003-12-31;637.0
2003-12-31;636.0
2003-12-31;634.0
2003-12-31;639.0
2004-01-01;626.0
2004-01-01;624.0
2004-01-01;628.0
2004-01-01;626.0
2004-01-02;619.0
2004-01-02;620.0
2004-01-02;620.0
2004-01-02;621.0
2004-01-03;620.0
2004-01-03;620.0
2004-01-03;620.0
2004-01-03;620.0
2004-01-04;619.0
2004-01-04;619.0
2004-01-04;618.0
2004-01-04;618.0
2004-01-05;616.0
2004-01-05;617.0
2004-01-05;616.0
2004-01-05;617.0
2004-01-06;620.0
2004-01-06;612.0
2004-01-06;616.0
2004-01-06;616.0
2004-01-07;615.0
2004-01-07;615.0
2004-01-07;618.0
2004-01-07;612.0
2004-01-08;616.0
2004-01-08;616.0
2004-01-08;616.0
2004-01-08;616.0
2004-01-09;617.0
2004-01-09;617.0
2004-01-09;617.0
2004-01-09;617.0
2004-01-10;614.0
2004-01-10;613.0
2004-01-10;614.0
2004-01-10;614.0
2004-01-11;612.0
2004-01-11;612.0
2004-01-11;612.0
2004-01-11;612.0
2004-01-12;610.0
2004-01-12;610.0
2004-01-12;610.0
2004-01-12;610.0
2004-01-13;608.0
2004-01-13;608.0
2004-01-13;609.0
2004-01-13;609.0
2004-01-14;605.0
2004-01-14;605.0
2004-01-14;604.0
2004-01-14;606.0
2004-01-15;596.0
2004-01-15;589.0
2004-01-15;596.0
2004-01-15;602.0
2004-01-16;570.0
2004-01-16;580.0
2004-01-16;575.0
2004-01-16;575.0
2004-01-17;555.0
2004-01-17;558.0
2004-01-17;555.0
2004-01-17;552.0
2004-01-18;546.0
2004-01-18;544.0
2004-01-18;548.0
2004-01-18;546.0
2004-01-19;528.0
2004-01-19;524.0
2004-01-19;524.0
2004-01-19;520.0
2004-01-20;512.0
2004-01-20;508.0
2004-01-20;515.0
2004-01-20;512.0
2004-01-21;499.0
2004-01-21;495.0
2004-01-21;499.0
2004-01-21;502.0
2004-01-22;489.0
2004-01-22;482.0
2004-01-22;486.0
2004-01-22;486.0
2004-01-23;475.0
2004-01-23;472.0
2004-01-23;475.0
2004-01-23;478.0
2004-01-24;460.0
2004-01-24;464.0
2004-01-24;468.0
2004-01-24;464.0
2004-01-25;450.0
2004-01-25;455.0
2004-01-25;446.0
2004-01-25;451.0
2004-01-26;443.0
2004-01-26;445.0
2004-01-26;444.0
2004-01-26;442.0
2004-01-27;437.0
2004-01-27;438.0
2004-01-27;437.0
2004-01-27;436.0
2004-01-28;432.0
2004-01-28;434.0
2004-01-28;430.0
2004-01-28;432.0
2004-01-29;426.0
2004-01-29;426.0
2004-01-29;424.0
2004-01-29;428.0
2004-01-30;420.0
2004-01-30;421.0
2004-01-30;422.0
2004-01-30;419.0
2004-01-31;417.0
2004-01-31;416.0
2004-01-31;414.0
2004-01-31;416.0
2004-02-01;411.0
2004-02-01;410.0
2004-02-01;412.0
2004-02-01;411.0
2004-02-02;407.0
2004-02-02;408.0
2004-02-02;406.0
2004-02-02;407.0
2004-02-03;402.0
2004-02-03;404.0
2004-02-03;403.0
2004-02-03;403.0
2004-02-04;400.0
2004-02-04;401.0
2004-02-04;398.0
2004-02-04;400.0
2004-02-05;397.0
2004-02-05;397.0
2004-02-05;396.0
2004-02-05;396.0
2004-02-06;394.0
2004-02-06;395.0
2004-02-06;395.0
2004-02-06;394.0
2004-02-07;394.0
2004-02-07;394.0
2004-02-07;393.0
2004-02-07;394.0
2004-02-08;394.0
2004-02-08;395.0
2004-02-08;395.0
2004-02-08;394.0
2004-02-09;396.0
2004-02-09;397.0
2004-02-09;396.0
2004-02-09;397.0
2004-02-10;397.0
2004-02-10;398.0
2004-02-10;398.0
2004-02-10;398.0
2004-02-11;396.0
2004-02-11;396.0
2004-02-11;395.0
2004-02-11;396.0
2004-02-12;393.0
2004-02-12;394.0
2004-02-12;394.0
2004-02-12;394.0
2004-02-13;392.0
2004-02-13;391.0
2004-02-13;391.0
2004-02-13;390.0
2004-02-14;387.0
2004-02-14;386.0
2004-02-14;388.0
2004-02-14;387.0
2004-02-15;384.0
2004-02-15;384.0
2004-02-15;383.0
2004-02-15;384.0
2004-02-16;382.0
2004-02-16;382.0
2004-02-16;382.0
2004-02-16;382.0
2004-02-17;381.0
2004-02-17;382.0
2004-02-17;383.0
2004-02-17;382.0
2004-02-18;390.0
2004-02-18;388.0
2004-02-18;389.0
2004-02-18;387.0
2004-02-19;396.0
2004-02-19;399.0
2004-02-19;398.0
2004-02-19;398.0
2004-02-20;399.0
2004-02-20;399.0
2004-02-20;399.0
2004-02-20;399.0
2004-02-21;400.0
2004-02-21;401.0
2004-02-21;401.0
2004-02-21;400.0
2004-02-22;400.0
2004-02-22;400.0
2004-02-22;400.0
2004-02-22;399.0
2004-02-23;397.0
2004-02-23;397.0
2004-02-23;396.0
2004-02-23;398.0
2004-02-24;403.0
2004-02-24;402.0
2004-02-24;404.0
2004-02-24;403.0
2004-02-25;413.0
2004-02-25;406.0
2004-02-25;413.0
2004-02-25;420.0
2004-02-26;427.0
2004-02-26;436.0
2004-02-26;432.0
2004-02-26;432.0
2004-02-27;432.0
2004-02-27;432.0
2004-02-27;432.0
2004-02-27;432.0
2004-02-28;436.0
2004-02-28;435.0
2004-02-28;436.0
2004-02-28;436.0
2004-02-29;441.0
2004-02-29;440.0
2004-02-29;442.0
2004-02-29;439.0
2004-03-01;447.0
2004-03-01;447.0
2004-03-01;447.0
2004-03-01;447.0
2004-03-02;450.0
2004-03-02;449.0
2004-03-02;450.0
2004-03-02;450.0
2004-03-03;453.0
2004-03-03;454.0
2004-03-03;454.0
2004-03-03;454.0
2004-03-04;460.0
2004-03-04;457.0
2004-03-04;460.0
2004-03-04;462.0
2004-03-05;472.0
2004-03-05;478.0
2004-03-05;466.0
2004-03-05;472.0
2004-03-06;502.0
2004-03-06;494.0
2004-03-06;510.0
2004-03-06;502.0
2004-03-07;530.0
2004-03-07;536.0
2004-03-07;524.0
2004-03-07;530.0
2004-03-08;545.0
2004-03-08;550.0
2004-03-08;548.0
2004-03-08;548.0
2004-03-09;549.0
2004-03-09;548.0
2004-03-09;548.0
2004-03-09;549.0
2004-03-10;543.0
2004-03-10;544.0
2004-03-10;542.0
2004-03-10;543.0
2004-03-11;548.0
2004-03-11;553.0
2004-03-11;551.0
2004-03-11;550.0
2004-03-12;561.0
2004-03-12;558.0
2004-03-12;564.0
2004-03-12;561.0
2004-03-13;570.0
2004-03-13;571.0
2004-03-13;570.0
2004-03-13;568.0
2004-03-14;571.0
2004-03-14;568.0
2004-03-14;570.0
2004-03-14;570.0
2004-03-15;560.0
2004-03-15;560.0
2004-03-15;562.0
2004-03-15;557.0
2004-03-16;550.0
2004-03-16;548.0
2004-03-16;550.0
2004-03-16;552.0
2004-03-17;550.0
2004-03-17;552.0
2004-03-17;548.0
2004-03-17;550.0
2004-03-18;555.0
2004-03-18;555.0
2004-03-18;555.0
2004-03-18;555.0
2004-03-19;556.0
2004-03-19;556.0
2004-03-19;557.0
2004-03-19;557.0
2004-03-20;556.0
2004-03-20;556.0
2004-03-20;557.0
2004-03-20;557.0
2004-03-21;551.0
2004-03-21;552.0
2004-03-21;550.0
2004-03-21;551.0
2004-03-22;552.0
2004-03-22;553.0
2004-03-22;553.0
2004-03-22;552.0
2004-03-23;551.0
2004-03-23;550.0
2004-03-23;552.0
2004-03-23;551.0
2004-03-24;550.0
2004-03-24;551.0
2004-03-24;550.0
2004-03-24;548.0
2004-03-25;560.0
2004-03-25;562.0
2004-03-25;558.0
2004-03-25;560.0
2004-03-26;583.0
2004-03-26;583.0
2004-03-26;578.0
2004-03-26;588.0
2004-03-27;599.0
2004-03-27;598.0
2004-03-27;597.0
2004-03-27;598.0
2004-03-28;616.0
2004-03-28;623.0
2004-03-28;630.0
2004-03-28;623.0
2004-03-29;638.0
2004-03-29;636.0
2004-03-29;638.0
2004-03-29;640.0
2004-03-30;658.0
2004-03-30;659.0
2004-03-30;656.0
2004-03-30;658.0
2004-03-31;654.0
2004-03-31;656.0
2004-03-31;657.0
2004-03-31;656.0
2004-04-01;660.0
2004-04-01;657.0
2004-04-01;661.0
2004-04-01;664.0
2004-04-02;697.0
2004-04-02;696.0
2004-04-02;706.0
2004-04-02;687.0
2004-04-03;746.0
2004-04-03;739.0
2004-04-03;739.0
2004-04-03;732.0
2004-04-04;750.0
2004-04-04;752.0
2004-04-04;750.0
2004-04-04;748.0
2004-04-05;743.0
2004-04-05;744.0
2004-04-05;742.0
2004-04-05;743.0
2004-04-06;746.0
2004-04-06;744.0
2004-04-06;745.0
2004-04-06;745.0
2004-04-07;742.0
2004-04-07;742.0
2004-04-07;742.0
2004-04-07;742.0
2004-04-08;740.0
2004-04-08;740.0
2004-04-08;739.0
2004-04-08;740.0
2004-04-09;738.0
2004-04-09;738.0
2004-04-09;739.0
2004-04-09;739.0
2004-04-10;736.0
2004-04-10;734.0
2004-04-10;734.0
2004-04-10;731.0
2004-04-11;722.0
2004-04-11;725.0
2004-04-11;724.0
2004-04-11;724.0
2004-04-12;716.0
2004-04-12;718.0
2004-04-12;716.0
2004-04-12;714.0
2004-04-13;701.0
2004-04-13;704.0
2004-04-13;708.0
2004-04-13;705.0
2004-04-14;684.0
2004-04-14;688.0
2004-04-14;688.0
2004-04-14;692.0
2004-04-15;675.0
2004-04-15;672.0
2004-04-15;672.0
2004-04-15;669.0
2004-04-16;661.0
2004-04-16;659.0
2004-04-16;658.0
2004-04-16;656.0
2004-04-17;674.0
2004-04-17;668.0
2004-04-17;661.0
2004-04-17;668.0
2004-04-18;694.0
2004-04-18;697.0
2004-04-18;691.0
2004-04-18;694.0
2004-04-19;711.0
2004-04-19;707.0
2004-04-19;710.0
2004-04-19;714.0
2004-04-20;733.0
2004-04-20;726.0
2004-04-20;740.0
2004-04-20;733.0
2004-04-21;775.0
2004-04-21;769.0
2004-04-21;769.0
2004-04-21;763.0
2004-04-22;774.0
2004-04-22;780.0
2004-04-22;777.0
2004-04-22;777.0
2004-04-23;763.0
2004-04-23;768.0
2004-04-23;758.0
2004-04-23;763.0
2004-04-24;753.0
2004-04-24;753.0
2004-04-24;752.0
2004-04-24;752.0
2004-04-25;754.0
2004-04-25;754.0
2004-04-25;754.0
2004-04-25;754.0
2004-04-26;754.0
2004-04-26;753.0
2004-04-26;755.0
2004-04-26;754.0
2004-04-27;764.0
2004-04-27;770.0
2004-04-27;776.0
2004-04-27;770.0
2004-04-28;778.0
2004-04-28;799.0
2004-04-28;788.0
2004-04-28;789.0
2004-04-29;810.0
2004-04-29;812.0
2004-04-29;814.0
2004-04-29;812.0
2004-04-30;817.0
2004-04-30;817.0
2004-04-30;817.0
2004-04-30;817.0
2004-05-01;816.0
2004-05-01;816.0
2004-05-01;817.0
2004-05-01;817.0
2004-05-02;816.0
2004-05-02;816.0
2004-05-02;816.0
2004-05-02;816.0
2004-05-03;824.0
2004-05-03;831.0
2004-05-03;817.0
2004-05-03;824.0
2004-05-04;866.0
2004-05-04;876.0
2004-05-04;871.0
2004-05-04;871.0
2004-05-05;906.0
2004-05-05;926.0
2004-05-05;886.0
2004-05-05;906.0
2004-05-06;926.0
2004-05-06;928.0
2004-05-06;924.0
2004-05-06;926.0
2004-05-07;909.0
2004-05-07;909.0
2004-05-07;914.0
2004-05-07;904.0
2004-05-08;894.0
2004-05-08;897.0
2004-05-08;891.0
2004-05-08;894.0
2004-05-09;895.0
2004-05-09;895.0
2004-05-09;894.0
2004-05-09;896.0
2004-05-10;898.0
2004-05-10;899.0
2004-05-10;898.0
2004-05-10;899.0
2004-05-11;897.0
2004-05-11;896.0
2004-05-11;897.0
2004-05-11;898.0
2004-05-12;894.0
2004-05-12;894.0
2004-05-12;895.0
2004-05-12;895.0
2004-05-13;887.0
2004-05-13;890.0
2004-05-13;889.0
2004-05-13;888.0
2004-05-14;885.0
2004-05-14;883.0
2004-05-14;886.0
2004-05-14;885.0
2004-05-15;883.0
2004-05-15;883.0
2004-05-15;883.0
2004-05-15;883.0
2004-05-16;930.0
2004-05-16;944.0
2004-05-16;916.0
2004-05-16;930.0
2004-05-17;962.0
2004-05-17;963.0
2004-05-17;964.0
2004-05-17;963.0
2004-05-18;978.0
2004-05-18;979.0
2004-05-18;974.0
2004-05-18;983.0
2004-05-19;1010.0
2004-05-19;1014.0
2004-05-19;1018.0
2004-05-19;1014.0
2004-05-20;1024.0
2004-05-20;1024.0
2004-05-20;1024.0
2004-05-20;1024.0
2004-05-21;1014.0
2004-05-21;1010.0
2004-05-21;1018.0
2004-05-21;1014.0
2004-05-22;984.0
2004-05-22;991.0
2004-05-22;990.0
2004-05-22;997.0
2004-05-23;979.0
2004-05-23;974.0
2004-05-23;979.0
2004-05-23;984.0
2004-05-24;1000.0
2004-05-24;997.0
2004-05-24;1003.0
2004-05-24;1000.0
2004-05-25;1008.0
2004-05-25;1008.0
2004-05-25;1008.0
2004-05-25;1008.0
2004-05-26;996.0
2004-05-26;1000.0
2004-05-26;1004.0
2004-05-26;1000.0
2004-05-27;987.0
2004-05-27;988.0
2004-05-27;988.0
2004-05-27;988.0
2004-05-28;1009.0
2004-05-28;1015.0
2004-05-28;1003.0
2004-05-28;1009.0
2004-05-29;1064.0
2004-05-29;1052.0
2004-05-29;1040.0
2004-05-29;1052.0
2004-05-30;1088.0
2004-05-30;1088.0
2004-05-30;1082.0
2004-05-30;1094.0
2004-05-31;1098.0
2004-05-31;1099.0
2004-05-31;1099.0
2004-05-31;1098.0
2004-06-01;1082.0
2004-06-01;1076.0
2004-06-01;1088.0
2004-06-01;1082.0
2004-06-02;1054.0
2004-06-02;1048.0
2004-06-02;1061.0
2004-06-02;1055.0
2004-06-03;1034.0
2004-06-03;1030.0
2004-06-03;1039.0
2004-06-03;1035.0
2004-06-04;1014.0
2004-06-04;1012.0
2004-06-04;1017.0
2004-06-04;1015.0
2004-06-05;1006.0
2004-06-05;1006.0
2004-06-05;1007.0
2004-06-05;1007.0
2004-06-06;1005.0
2004-06-06;1004.0
2004-06-06;1005.0
2004-06-06;1004.0
2004-06-07;998.0
2004-06-07;1000.0
2004-06-07;1000.0
2004-06-07;1002.0
2004-06-08;988.0
2004-06-08;991.0
2004-06-08;994.0
2004-06-08;991.0
2004-06-09;984.0
2004-06-09;982.0
2004-06-09;982.0
2004-06-09;980.0
2004-06-10;971.0
2004-06-10;968.0
2004-06-10;974.0
2004-06-10;971.0
2004-06-11;960.0
2004-06-11;961.0
2004-06-11;958.0
2004-06-11;960.0
2004-06-12;952.0
2004-06-12;954.0
2004-06-12;952.0
2004-06-12;950.0
2004-06-13;952.0
2004-06-13;951.0
2004-06-13;952.0
2004-06-13;952.0
2004-06-14;964.0
2004-06-14;954.0
2004-06-14;959.0
2004-06-14;959.0
2004-06-15;981.0
2004-06-15;984.0
2004-06-15;981.0
2004-06-15;978.0
2004-06-16;992.0
2004-06-16;996.0
2004-06-16;988.0
2004-06-16;992.0
2004-06-17;993.0
2004-06-17;994.0
2004-06-17;992.0
2004-06-17;993.0
2004-06-18;980.0
2004-06-18;977.0
2004-06-18;984.0
2004-06-18;981.0
2004-06-19;974.0
2004-06-19;971.0
2004-06-19;973.0
2004-06-19;972.0
2004-06-20;978.0
2004-06-20;979.0
2004-06-20;976.0
2004-06-20;978.0
2004-06-21;988.0
2004-06-21;989.0
2004-06-21;986.0
2004-06-21;988.0
2004-06-22;996.0
2004-06-22;994.0
2004-06-22;994.0
2004-06-22;992.0
2004-06-23;980.0
2004-06-23;977.0
2004-06-23;984.0
2004-06-23;981.0
2004-06-24;970.0
2004-06-24;966.0
2004-06-24;968.0
2004-06-24;968.0
2004-06-25;952.0
2004-06-25;952.0
2004-06-25;952.0
2004-06-25;952.0
2004-06-26;955.0
2004-06-26;954.0
2004-06-26;952.0
2004-06-26;954.0
2004-06-27;961.0
2004-06-27;962.0
2004-06-27;960.0
2004-06-27;961.0
2004-06-28;964.0
2004-06-28;968.0
2004-06-28;966.0
2004-06-28;966.0
2004-06-29;982.0
2004-06-29;978.0
2004-06-29;982.0
2004-06-29;986.0
2004-06-30;1003.0
2004-06-30;1003.0
2004-06-30;999.0
2004-06-30;1007.0
2004-07-01;1016.0
2004-07-01;1018.0
2004-07-01;1016.0
2004-07-01;1014.0
2004-07-02;1020.0
2004-07-02;1020.0
2004-07-02;1019.0
2004-07-02;1020.0
2004-07-03;1022.0
2004-07-03;1023.0
2004-07-03;1026.0
2004-07-03;1019.0
2004-07-04;1013.0
2004-07-04;1013.0
2004-07-04;1016.0
2004-07-04;1010.0
2004-07-05;1002.0
2004-07-05;998.0
2004-07-05;1002.0
2004-07-05;1006.0
2004-07-06;988.0
2004-07-06;986.0
2004-07-06;988.0
2004-07-06;990.0
2004-07-07;981.0
2004-07-07;982.0
2004-07-07;980.0
2004-07-07;981.0
2004-07-08;972.0
2004-07-08;974.0
2004-07-08;976.0
2004-07-08;974.0
2004-07-09;968.0
2004-07-09;970.0
2004-07-09;969.0
2004-07-09;969.0
2004-07-10;962.0
2004-07-10;963.0
2004-07-10;964.0
2004-07-10;963.0
2004-07-11;954.0
2004-07-11;955.0
2004-07-11;956.0
2004-07-11;955.0
2004-07-12;948.0
2004-07-12;946.0
2004-07-12;950.0
2004-07-12;948.0
2004-07-13;946.0
2004-07-13;945.0
2004-07-13;945.0
2004-07-13;944.0
2004-07-14;946.0
2004-07-14;948.0
2004-07-14;947.0
2004-07-14;947.0
2004-07-15;956.0
2004-07-15;953.0
2004-07-15;958.0
2004-07-15;956.0
2004-07-16;964.0
2004-07-16;966.0
2004-07-16;963.0
2004-07-16;965.0
2004-07-17;972.0
2004-07-17;973.0
2004-07-17;970.0
2004-07-17;972.0
2004-07-18;978.0
2004-07-18;980.0
2004-07-18;981.0
2004-07-18;980.0
2004-07-19;985.0
2004-07-19;985.0
2004-07-19;983.0
2004-07-19;987.0
2004-07-20;990.0
2004-07-20;987.0
2004-07-20;988.0
2004-07-20;989.0
2004-07-21;993.0
2004-07-21;995.0
2004-07-21;996.0
2004-07-21;994.0
2004-07-22;1001.0
2004-07-22;1001.0
2004-07-22;1002.0
2004-07-22;999.0
2004-07-23;997.0
2004-07-23;998.0
2004-07-23;995.0
2004-07-23;996.0
2004-07-24;983.0
2004-07-24;986.0
2004-07-24;980.0
2004-07-24;983.0
2004-07-25;960.0
2004-07-25;964.0
2004-07-25;968.0
2004-07-25;964.0
2004-07-26;962.0
2004-07-26;959.0
2004-07-26;961.0
2004-07-26;960.0
2004-07-27;967.0
2004-07-27;967.0
2004-07-27;966.0
2004-07-27;966.0
2004-07-28;964.0
2004-07-28;962.0
2004-07-28;965.0
2004-07-28;964.0
2004-07-29;956.0
2004-07-29;958.0
2004-07-29;956.0
2004-07-29;954.0
2004-07-30;956.0
2004-07-30;958.0
2004-07-30;957.0
2004-07-30;955.0
2004-07-31;954.0
2004-07-31;954.0
2004-07-31;958.0
2004-07-31;950.0
2004-08-01;962.0
2004-08-01;961.0
2004-08-01;962.0
2004-08-01;962.0
2004-08-02;965.0
2004-08-02;962.0
2004-08-02;968.0
2004-08-02;965.0
2004-08-03;970.0
2004-08-03;970.0
2004-08-03;969.0
2004-08-03;970.0
2004-08-04;968.0
2004-08-04;966.0
2004-08-04;967.0
2004-08-04;967.0
2004-08-05;959.0
2004-08-05;953.0
2004-08-05;956.0
2004-08-05;956.0
2004-08-06;945.0
2004-08-06;940.0
2004-08-06;949.0
2004-08-06;944.0
2004-08-07;937.0
2004-08-07;940.0
2004-08-07;934.0
2004-08-07;937.0
2004-08-08;952.0
2004-08-08;946.0
2004-08-08;958.0
2004-08-08;952.0
2004-08-09;982.0
2004-08-09;974.0
2004-08-09;983.0
2004-08-09;991.0
2004-08-10;1015.0
2004-08-10;1006.0
2004-08-10;998.0
2004-08-10;1007.0
2004-08-11;1024.0
2004-08-11;1021.0
2004-08-11;1026.0
2004-08-11;1024.0
2004-08-12;1032.0
2004-08-12;1032.0
2004-08-12;1032.0
2004-08-12;1031.0
2004-08-13;1025.0
2004-08-13;1029.0
2004-08-13;1027.0
2004-08-13;1027.0
2004-08-14;1013.0
2004-08-14;1016.0
2004-08-14;1010.0
2004-08-14;1013.0
2004-08-15;998.0
2004-08-15;1002.0
2004-08-15;1005.0
2004-08-15;1002.0
2004-08-16;987.0
2004-08-16;983.0
2004-08-16;990.0
2004-08-16;986.0
2004-08-17;983.0
2004-08-17;984.0
2004-08-17;983.0
2004-08-17;982.0
2004-08-18;982.0
2004-08-18;983.0
2004-08-18;980.0
2004-08-18;982.0
2004-08-19;969.0
2004-08-19;974.0
2004-08-19;969.0
2004-08-19;964.0
2004-08-20;951.0
2004-08-20;948.0
2004-08-20;951.0
2004-08-20;954.0
2004-08-21;940.0
2004-08-21;944.0
2004-08-21;937.0
2004-08-21;941.0
2004-08-22;922.0
2004-08-22;928.0
2004-08-22;925.0
2004-08-22;925.0
2004-08-23;914.0
2004-08-23;900.0
2004-08-23;907.0
2004-08-23;907.0
2004-08-24;881.0
2004-08-24;875.0
2004-08-24;886.0
2004-08-24;880.0
2004-08-25;865.0
2004-08-25;863.0
2004-08-25;861.0
2004-08-25;863.0
2004-08-26;858.0
2004-08-26;856.0
2004-08-26;858.0
2004-08-26;860.0
2004-08-27;856.0
2004-08-27;856.0
2004-08-27;856.0
2004-08-27;856.0
2004-08-28;852.0
2004-08-28;852.0
2004-08-28;854.0
2004-08-28;850.0
2004-08-29;843.0
2004-08-29;844.0
2004-08-29;842.0
2004-08-29;843.0
2004-08-30;837.0
2004-08-30;836.0
2004-08-30;838.0
2004-08-30;837.0
2004-08-31;832.0
2004-08-31;832.0
2004-08-31;833.0
2004-08-31;830.0
2004-09-01;828.0
2004-09-01;830.0
2004-09-01;828.0
2004-09-01;826.0
2004-09-02;828.0
2004-09-02;828.0
2004-09-02;828.0
2004-09-02;827.0
2004-09-03;833.0
2004-09-03;834.0
2004-09-03;833.0
2004-09-03;832.0
2004-09-04;836.0
2004-09-04;835.0
2004-09-04;837.0
2004-09-04;836.0
2004-09-05;847.0
2004-09-05;850.0
2004-09-05;843.0
2004-09-05;846.0
2004-09-06;866.0
2004-09-06;863.0
2004-09-06;863.0
2004-09-06;860.0
2004-09-07;898.0
2004-09-07;887.0
2004-09-07;876.0
2004-09-07;887.0
2004-09-08;925.0
2004-09-08;924.0
2004-09-08;929.0
2004-09-08;920.0
2004-09-09;939.0
2004-09-09;938.0
2004-09-09;940.0
2004-09-09;939.0
2004-09-10;945.0
2004-09-10;948.0
2004-09-10;945.0
2004-09-10;942.0
2004-09-11;952.0
2004-09-11;953.0
2004-09-11;951.0
2004-09-11;952.0
2004-09-12;958.0
2004-09-12;960.0
2004-09-12;961.0
2004-09-12;960.0
2004-09-13;965.0
2004-09-13;967.0
2004-09-13;968.0
2004-09-13;966.0
2004-09-14;970.0
2004-09-14;969.0
2004-09-14;970.0
2004-09-14;971.0
2004-09-15;961.0
2004-09-15;964.0
2004-09-15;958.0
2004-09-15;961.0
2004-09-16;947.0
2004-09-16;947.0
2004-09-16;944.0
2004-09-16;950.0
2004-09-17;934.0
2004-09-17;937.0
2004-09-17;931.0
2004-09-17;934.0
2004-09-18;916.0
2004-09-18;917.0
2004-09-18;912.0
2004-09-18;921.0
2004-09-19;895.0
2004-09-19;889.0
2004-09-19;900.0
2004-09-19;894.0
2004-09-20;873.0
2004-09-20;868.0
2004-09-20;877.0
2004-09-20;872.0
2004-09-21;858.0
2004-09-21;860.0
2004-09-21;859.0
2004-09-21;859.0
2004-09-22;844.0
2004-09-22;849.0
2004-09-22;855.0
2004-09-22;850.0
2004-09-23;840.0
2004-09-23;839.0
2004-09-23;841.0
2004-09-23;840.0
2004-09-24;833.0
2004-09-24;832.0
2004-09-24;834.0
2004-09-24;833.0
2004-09-25;831.0
2004-09-25;831.0
2004-09-25;831.0
2004-09-25;831.0
2004-09-26;829.0
2004-09-26;830.0
2004-09-26;828.0
2004-09-26;829.0
2004-09-27;826.0
2004-09-27;827.0
2004-09-27;826.0
2004-09-27;827.0
2004-09-28;832.0
2004-09-28;830.0
2004-09-28;828.0
2004-09-28;830.0
2004-09-29;836.0
2004-09-29;836.0
2004-09-29;836.0
2004-09-29;836.0
2004-09-30;835.0
2004-09-30;835.0
2004-09-30;834.0
2004-09-30;835.0
2004-10-01;829.0
2004-10-01;826.0
2004-10-01;828.0
2004-10-01;831.0
2004-10-02;831.0
2004-10-02;830.0
2004-10-02;830.0
2004-10-02;831.0
2004-10-03;836.0
2004-10-03;837.0
2004-10-03;836.0
2004-10-03;837.0
2004-10-04;832.0
2004-10-04;829.0
2004-10-04;826.0
2004-10-04;829.0
2004-10-05;830.0
2004-10-05;833.0
2004-10-05;836.0
2004-10-05;833.0
2004-10-06;853.0
2004-10-06;858.0
2004-10-06;848.0
2004-10-06;853.0
2004-10-07;885.0
2004-10-07;877.0
2004-10-07;893.0
2004-10-07;885.0
2004-10-08;917.0
2004-10-08;910.0
2004-10-08;923.0
2004-10-08;916.0
2004-10-09;923.0
2004-10-09;924.0
2004-10-09;924.0
2004-10-09;924.0
2004-10-10;912.0
2004-10-10;917.0
2004-10-10;908.0
2004-10-10;913.0
2004-10-11;884.0
2004-10-11;893.0
2004-10-11;874.0
2004-10-11;884.0
2004-10-12;849.0
2004-10-12;838.0
2004-10-12;861.0
2004-10-12;850.0
2004-10-13;824.0
2004-10-13;818.0
2004-10-13;824.0
2004-10-13;830.0
2004-10-14;790.0
2004-10-14;796.0
2004-10-14;803.0
2004-10-14;797.0
2004-10-15;775.0
2004-10-15;772.0
2004-10-15;775.0
2004-10-15;778.0
2004-10-16;758.0
2004-10-16;762.0
2004-10-16;759.0
2004-10-16;755.0
2004-10-17;742.0
2004-10-17;748.0
2004-10-17;745.0
2004-10-17;745.0
2004-10-18;732.0
2004-10-18;731.0
2004-10-18;734.0
2004-10-18;733.0
2004-10-19;718.0
2004-10-19;720.0
2004-10-19;722.0
2004-10-19;720.0
2004-10-20;708.0
2004-10-20;705.0
2004-10-20;712.0
2004-10-20;709.0
2004-10-21;703.0
2004-10-21;700.0
2004-10-21;693.0
2004-10-21;706.0
2004-10-22;726.0
2004-10-22;717.0
2004-10-22;735.0
2004-10-22;716.0
2004-10-23;754.0
2004-10-23;753.0
2004-10-23;751.0
2004-10-23;742.0
2004-10-24;746.0
2004-10-24;756.0
2004-10-24;756.0
2004-10-24;755.0
2004-10-25;740.0
2004-10-25;749.0
2004-10-25;750.0
2004-10-25;751.0
2004-10-26;736.0
2004-10-26;745.0
2004-10-26;746.0
2004-10-26;746.0
2004-10-27;734.0
2004-10-27;742.0
2004-10-27;744.0
2004-10-27;745.0
2004-10-28;750.0
2004-10-28;746.0
2004-10-28;748.0
2004-10-28;738.0
2004-10-29;759.0
2004-10-29;763.0
2004-10-29;752.0
2004-10-29;766.0
2004-10-30;774.0
2004-10-30;789.0
2004-10-30;779.0
2004-10-30;784.0
2004-10-31;791.0
2004-10-31;801.0
2004-10-31;804.0
2004-10-31;798.0
2004-11-01;795.0
2004-11-01;804.0
2004-11-01;805.0
2004-11-01;806.0
2004-11-02;801.0
2004-11-02;797.0
2004-11-02;805.0
2004-11-02;791.0
2004-11-03;793.0
2004-11-03;794.0
2004-11-03;782.0
2004-11-03;791.0
2004-11-04;767.0
2004-11-04;781.0
2004-11-04;777.0
2004-11-04;773.0
2004-11-05;765.0
2004-11-05;756.0
2004-11-05;767.0
2004-11-05;768.0
2004-11-06;764.0
2004-11-06;754.0
2004-11-06;763.0
2004-11-06;764.0
2004-11-07;760.0
2004-11-07;751.0
2004-11-07;761.0
2004-11-07;762.0
2004-11-08;757.0
2004-11-08;746.0
2004-11-08;756.0
2004-11-08;754.0
2004-11-09;748.0
2004-11-09;745.0
2004-11-09;741.0
2004-11-09;734.0
2004-11-10;718.0
2004-11-10;732.0
2004-11-10;724.0
2004-11-10;728.0
2004-11-11;702.0
2004-11-11;709.0
2004-11-11;712.0
2004-11-11;715.0
2004-11-12;700.0
2004-11-12;702.0
2004-11-12;692.0
2004-11-12;703.0
2004-11-13;684.0
2004-11-13;693.0
2004-11-13;696.0
2004-11-13;695.0
2004-11-14;708.0
2004-11-14;713.0
2004-11-14;718.0
2004-11-14;723.0
2004-11-15;736.0
2004-11-15;730.0
2004-11-15;741.0
2004-11-15;745.0
2004-11-16;757.0
2004-11-16;756.0
2004-11-16;746.0
2004-11-16;755.0
2004-11-17;763.0
2004-11-17;765.0
2004-11-17;760.0
2004-11-17;752.0
2004-11-18;768.0
2004-11-18;766.0
2004-11-18;758.0
2004-11-18;769.0
2004-11-19;774.0
2004-11-19;774.0
2004-11-19;773.0
2004-11-19;764.0
2004-11-20;779.0
2004-11-20;780.0
2004-11-20;780.0
2004-11-20;770.0
2004-11-21;779.0
2004-11-21;768.0
2004-11-21;776.0
2004-11-21;778.0
2004-11-22;767.0
2004-11-22;765.0
2004-11-22;769.0
2004-11-22;757.0
2004-11-23;760.0
2004-11-23;761.0
2004-11-23;761.0
2004-11-23;750.0
2004-11-24;766.0
2004-11-24;768.0
2004-11-24;763.0
2004-11-24;766.0
2004-11-25;777.0
2004-11-25;777.0
2004-11-25;774.0
2004-11-25;780.0
2004-11-26;788.0
2004-11-26;807.0
2004-11-26;802.0
2004-11-26;796.0
2004-11-27;817.0
2004-11-27;791.0
2004-11-27;822.0
2004-11-27;820.0
2004-11-28;821.0
2004-11-28;818.0
2004-11-28;815.0
2004-11-28;793.0
2004-11-29;801.0
2004-11-29;796.0
2004-11-29;806.0
2004-11-29;787.0
2004-11-30;781.0
2004-11-30;778.0
2004-11-30;780.0
2004-11-30;783.0
2004-12-01;770.0
2004-12-01;770.0
2004-12-01;766.0
2004-12-01;773.0
2004-12-02;760.0
2004-12-02;758.0
2004-12-02;762.0
2004-12-02;760.0
2004-12-03;748.0
2004-12-03;750.0
2004-12-03;749.0
2004-12-03;749.0
2004-12-04;740.0
2004-12-04;744.0
2004-12-04;740.0
2004-12-04;736.0
2004-12-05;723.0
2004-12-05;726.0
2004-12-05;720.0
2004-12-05;723.0
2004-12-06;710.0
2004-12-06;711.0
2004-12-06;713.0
2004-12-06;708.0
2004-12-07;699.0
2004-12-07;699.0
2004-12-07;698.0
2004-12-07;700.0
2004-12-08;687.0
2004-12-08;680.0
2004-12-08;684.0
2004-12-08;684.0
2004-12-09;668.0
2004-12-09;662.0
2004-12-09;673.0
2004-12-09;668.0
2004-12-10;660.0
2004-12-10;661.0
2004-12-10;660.0
2004-12-10;659.0
2004-12-11;662.0
2004-12-11;663.0
2004-12-11;662.0
2004-12-11;663.0
2004-12-12;663.0
2004-12-12;663.0
2004-12-12;662.0
2004-12-12;664.0
2004-12-13;664.0
2004-12-13;664.0
2004-12-13;664.0
2004-12-13;664.0
2004-12-14;671.0
2004-12-14;676.0
2004-12-14;666.0
2004-12-14;671.0
2004-12-15;675.0
2004-12-15;674.0
2004-12-15;676.0
2004-12-15;675.0
2004-12-16;680.0
2004-12-16;682.0
2004-12-16;678.0
2004-12-16;680.0
2004-12-17;688.0
2004-12-17;690.0
2004-12-17;686.0
2004-12-17;688.0
2004-12-18;698.0
2004-12-18;697.0
2004-12-18;697.0
2004-12-18;696.0
2004-12-19;699.0
2004-12-19;698.0
2004-12-19;698.0
2004-12-19;699.0
2004-12-20;697.0
2004-12-20;697.0
2004-12-20;697.0
2004-12-20;697.0
2004-12-21;690.0
2004-12-21;686.0
2004-12-21;690.0
2004-12-21;694.0
2004-12-22;682.0
2004-12-22;682.0
2004-12-22;682.0
2004-12-22;682.0
2004-12-23;682.0
2004-12-23;682.0
2004-12-23;682.0
2004-12-23;682.0
2004-12-24;681.0
2004-12-24;681.0
2004-12-24;682.0
2004-12-24;680.0
2004-12-25;668.0
2004-12-25;674.0
2004-12-25;671.0
2004-12-25;671.0
2004-12-26;650.0
2004-12-26;654.0
2004-12-26;658.0
2004-12-26;654.0
2004-12-27;632.0
2004-12-27;629.0
2004-12-27;632.0
2004-12-27;634.0
2004-12-28;610.0
2004-12-28;604.0
2004-12-28;610.0
2004-12-28;616.0
2004-12-29;591.0
2004-12-29;596.0
2004-12-29;591.0
2004-12-29;586.0
2004-12-30;568.0
2004-12-30;575.0
2004-12-30;572.0
2004-12-30;572.0
2004-12-31;562.0
2004-12-31;560.0
2004-12-31;558.0
2004-12-31;560.0
2005-01-01;558.0
2005-01-01;558.0
2005-01-01;558.0
2005-01-01;557.0
2005-01-02;557.0
2005-01-02;558.0
2005-01-02;560.0
2005-01-02;559.0
2005-01-03;566.0
2005-01-03;564.0
2005-01-03;565.0
2005-01-03;563.0
2005-01-04;566.0
2005-01-04;567.0
2005-01-04;567.0
2005-01-04;566.0
2005-01-05;563.0
2005-01-05;564.0
2005-01-05;562.0
2005-01-05;563.0
2005-01-06;562.0
2005-01-06;561.0
2005-01-06;562.0
2005-01-06;562.0
2005-01-07;566.0
2005-01-07;568.0
2005-01-07;563.0
2005-01-07;566.0
2005-01-08;605.0
2005-01-08;592.0
2005-01-08;618.0
2005-01-08;605.0
2005-01-09;655.0
2005-01-09;655.0
2005-01-09;662.0
2005-01-09;648.0
2005-01-10;672.0
2005-01-10;670.0
2005-01-10;671.0
2005-01-10;671.0
2005-01-11;670.0
2005-01-11;672.0
2005-01-11;672.0
2005-01-11;674.0
2005-01-12;668.0
2005-01-12;667.0
2005-01-12;667.0
2005-01-12;666.0
2005-01-13;676.0
2005-01-13;679.0
2005-01-13;673.0
2005-01-13;676.0
2005-01-14;688.0
2005-01-14;692.0
2005-01-14;690.0
2005-01-14;690.0
2005-01-15;687.0
2005-01-15;690.0
2005-01-15;692.0
2005-01-15;690.0
2005-01-16;672.0
2005-01-16;673.0
2005-01-16;677.0
2005-01-16;668.0
2005-01-17;646.0
2005-01-17;646.0
2005-01-17;640.0
2005-01-17;652.0
2005-01-18;618.0
2005-01-18;618.0
2005-01-18;624.0
2005-01-18;612.0
2005-01-19;595.0
2005-01-19;590.0
2005-01-19;585.0
2005-01-19;590.0
2005-01-20;566.0
2005-01-20;572.0
2005-01-20;560.0
2005-01-20;566.0
2005-01-21;541.0
2005-01-21;550.0
2005-01-21;546.0
2005-01-21;546.0
2005-01-22;528.0
2005-01-22;529.0
2005-01-22;532.0
2005-01-22;525.0
2005-01-23;516.0
2005-01-23;513.0
2005-01-23;513.0
2005-01-23;510.0
2005-01-24;500.0
2005-01-24;499.0
2005-01-24;501.0
2005-01-24;502.0
2005-01-25;492.0
2005-01-25;490.0
2005-01-25;493.0
2005-01-25;492.0
2005-01-26;480.0
2005-01-26;483.0
2005-01-26;482.0
2005-01-26;482.0
2005-01-27;476.0
2005-01-27;474.0
2005-01-27;474.0
2005-01-27;472.0
2005-01-28;468.0
2005-01-28;468.0
2005-01-28;468.0
2005-01-28;468.0
2005-01-29;466.0
2005-01-29;466.0
2005-01-29;467.0
2005-01-29;467.0
2005-01-30;469.0
2005-01-30;470.0
2005-01-30;469.0
2005-01-30;468.0
2005-01-31;472.0
2005-01-31;471.0
2005-01-31;472.0
2005-01-31;472.0
2005-02-01;472.0
2005-02-01;475.0
2005-02-01;470.0
2005-02-01;473.0
2005-02-02;488.0
2005-02-02;485.0
2005-02-02;488.0
2005-02-02;490.0
2005-02-03;492.0
2005-02-03;492.0
2005-02-03;492.0
2005-02-03;491.0
2005-02-04;490.0
2005-02-04;490.0
2005-02-04;490.0
2005-02-04;490.0
2005-02-05;496.0
2005-02-05;496.0
2005-02-05;500.0
2005-02-05;492.0
2005-02-06;536.0
2005-02-06;536.0
2005-02-06;524.0
2005-02-06;548.0
2005-02-07;587.0
2005-02-07;579.0
2005-02-07;586.0
2005-02-07;594.0
2005-02-08;618.0
2005-02-08;623.0
2005-02-08;623.0
2005-02-08;628.0
2005-02-09;641.0
2005-02-09;643.0
2005-02-09;640.0
2005-02-09;638.0
2005-02-10;660.0
2005-02-10;655.0
2005-02-10;664.0
2005-02-10;660.0
2005-02-11;674.0
2005-02-11;676.0
2005-02-11;674.0
2005-02-11;672.0
2005-02-12;682.0
2005-02-12;683.0
2005-02-12;684.0
2005-02-12;683.0
2005-02-13;689.0
2005-02-13;686.0
2005-02-13;691.0
2005-02-13;688.0
2005-02-14;696.0
2005-02-14;697.0
2005-02-14;695.0
2005-02-14;696.0
2005-02-15;697.0
2005-02-15;698.0
2005-02-15;695.0
2005-02-15;696.0
2005-02-16;684.0
2005-02-16;688.0
2005-02-16;679.0
2005-02-16;684.0
2005-02-17;663.0
2005-02-17;654.0
2005-02-17;658.0
2005-02-17;659.0
2005-02-18;636.0
2005-02-18;641.0
2005-02-18;646.0
2005-02-18;641.0
2005-02-19;605.0
2005-02-19;598.0
2005-02-19;612.0
2005-02-19;605.0
2005-02-20;590.0
2005-02-20;584.0
2005-02-20;587.0
2005-02-20;587.0
2005-02-21;574.0
2005-02-21;574.0
2005-02-21;574.0
2005-02-21;574.0
2005-02-22;572.0
2005-02-22;571.0
2005-02-22;572.0
2005-02-22;572.0
2005-02-23;575.0
2005-02-23;573.0
2005-02-23;576.0
2005-02-23;574.0
2005-02-24;578.0
2005-02-24;577.0
2005-02-24;578.0
2005-02-24;578.0
2005-02-25;574.0
2005-02-25;574.0
2005-02-25;574.0
2005-02-25;574.0
2005-02-26;568.0
2005-02-26;570.0
2005-02-26;573.0
2005-02-26;571.0
2005-02-27;560.0
2005-02-27;561.0
2005-02-27;560.0
2005-02-27;559.0
2005-02-28;553.0
2005-02-28;556.0
2005-02-28;555.0
2005-02-28;554.0
2005-03-01;548.0
2005-03-01;549.0
2005-03-01;546.0
2005-03-01;548.0
2005-03-02;544.0
2005-03-02;542.0
2005-03-02;543.0
2005-03-02;543.0
2005-03-03;540.0
2005-03-03;538.0
2005-03-03;539.0
2005-03-03;539.0
2005-03-04;536.0
2005-03-04;534.0
2005-03-04;535.0
2005-03-04;535.0
2005-03-05;538.0
2005-03-05;538.0
2005-03-05;535.0
2005-03-05;541.0
2005-03-06;566.0
2005-03-06;560.0
2005-03-06;572.0
2005-03-06;566.0
2005-03-07;589.0
2005-03-07;587.0
2005-03-07;584.0
2005-03-07;586.0
2005-03-08;628.0
2005-03-08;614.0
2005-03-08;629.0
2005-03-08;643.0
2005-03-09;680.0
2005-03-09;717.0
2005-03-09;699.0
2005-03-09;698.0
2005-03-10;729.0
2005-03-10;727.0
2005-03-10;730.0
2005-03-10;728.0
2005-03-11;736.0
2005-03-11;735.0
2005-03-11;734.0
2005-03-11;735.0
2005-03-12;737.0
2005-03-12;738.0
2005-03-12;738.0
2005-03-12;738.0
2005-03-13;733.0
2005-03-13;730.0
2005-03-13;730.0
2005-03-13;727.0
2005-03-14;709.0
2005-03-14;714.0
2005-03-14;704.0
2005-03-14;709.0
2005-03-15;696.0
2005-03-15;694.0
2005-03-15;697.0
2005-03-15;696.0
2005-03-16;686.0
2005-03-16;691.0
2005-03-16;695.0
2005-03-16;690.0
2005-03-17;662.0
2005-03-17;669.0
2005-03-17;675.0
2005-03-17;668.0
2005-03-18;652.0
2005-03-18;649.0
2005-03-18;651.0
2005-03-18;650.0
2005-03-19;646.0
2005-03-19;648.0
2005-03-19;644.0
2005-03-19;646.0
2005-03-20;634.0
2005-03-20;630.0
2005-03-20;626.0
2005-03-20;630.0
2005-03-21;615.0
2005-03-21;612.0
2005-03-21;617.0
2005-03-21;614.0
2005-03-22;608.0
2005-03-22;609.0
2005-03-22;610.0
2005-03-22;609.0
2005-03-23;600.0
2005-03-23;602.0
2005-03-23;601.0
2005-03-23;601.0
2005-03-24;607.0
2005-03-24;610.0
2005-03-24;613.0
2005-03-24;610.0
2005-03-25;614.0
2005-03-25;614.0
2005-03-25;614.0
2005-03-25;613.0
2005-03-26;616.0
2005-03-26;615.0
2005-03-26;616.0
2005-03-26;616.0
2005-03-27;628.0
2005-03-27;629.0
2005-03-27;637.0
2005-03-27;620.0
2005-03-28;652.0
2005-03-28;648.0
2005-03-28;655.0
2005-03-28;652.0
2005-03-29;669.0
2005-03-29;674.0
2005-03-29;663.0
2005-03-29;668.0
2005-03-30;683.0
2005-03-30;683.0
2005-03-30;682.0
2005-03-30;682.0
2005-03-31;686.0
2005-03-31;684.0
2005-03-31;686.0
2005-03-31;687.0
2005-04-01;691.0
2005-04-01;692.0
2005-04-01;690.0
2005-04-01;691.0
2005-04-02;695.0
2005-04-02;694.0
2005-04-02;696.0
2005-04-02;695.0
2005-04-03;690.0
2005-04-03;690.0
2005-04-03;689.0
2005-04-03;690.0
2005-04-04;696.0
2005-04-04;696.0
2005-04-04;698.0
2005-04-04;694.0
2005-04-05;718.0
2005-04-05;712.0
2005-04-05;723.0
2005-04-05;718.0
2005-04-06;746.0
2005-04-06;739.0
2005-04-06;752.0
2005-04-06;746.0
2005-04-07;792.0
2005-04-07;782.0
2005-04-07;793.0
2005-04-07;803.0
2005-04-08;845.0
2005-04-08;860.0
2005-04-08;860.0
2005-04-08;875.0
2005-04-09;939.0
2005-04-09;955.0
2005-04-09;939.0
2005-04-09;923.0
2005-04-10;984.0
2005-04-10;988.0
2005-04-10;988.0
2005-04-10;992.0
2005-04-11;994.0
2005-04-11;995.0
2005-04-11;994.0
2005-04-11;995.0
2005-04-12;994.0
2005-04-12;994.0
2005-04-12;992.0
2005-04-12;996.0
2005-04-13;1008.0
2005-04-13;1004.0
2005-04-13;1008.0
2005-04-13;1012.0
2005-04-14;1033.0
2005-04-14;1020.0
2005-04-14;1026.0
2005-04-14;1027.0
2005-04-15;1057.0
2005-04-15;1057.0
2005-04-15;1064.0
2005-04-15;1050.0
2005-04-16;1077.0
2005-04-16;1077.0
2005-04-16;1074.0
2005-04-16;1080.0
2005-04-17;1104.0
2005-04-17;1100.0
2005-04-17;1096.0
2005-04-17;1100.0
2005-04-18;1110.0
2005-04-18;1110.0
2005-04-18;1110.0
2005-04-18;1110.0
2005-04-19;1105.0
2005-04-19;1108.0
2005-04-19;1102.0
2005-04-19;1105.0
2005-04-20;1088.0
2005-04-20;1094.0
2005-04-20;1091.0
2005-04-20;1091.0
2005-04-21;1076.0
2005-04-21;1072.0
2005-04-21;1079.0
2005-04-21;1076.0
2005-04-22;1059.0
2005-04-22;1055.0
2005-04-22;1058.0
2005-04-22;1062.0
2005-04-23;1047.0
2005-04-23;1038.0
2005-04-23;1043.0
2005-04-23;1042.0
2005-04-24;1032.0
2005-04-24;1031.0
2005-04-24;1034.0
2005-04-24;1033.0
2005-04-25;1020.0
2005-04-25;1023.0
2005-04-25;1026.0
2005-04-25;1023.0
2005-04-26;1002.0
2005-04-26;1007.0
2005-04-26;1012.0
2005-04-26;1007.0
2005-04-27;982.0
2005-04-27;976.0
2005-04-27;988.0
2005-04-27;982.0
2005-04-28;954.0
2005-04-28;960.0
2005-04-28;947.0
2005-04-28;954.0
2005-04-29;929.0
2005-04-29;928.0
2005-04-29;921.0
2005-04-29;936.0
2005-04-30;903.0
2005-04-30;898.0
2005-04-30;908.0
2005-04-30;903.0
2005-05-01;882.0
2005-05-01;885.0
2005-05-01;879.0
2005-05-01;882.0
2005-05-02;868.0
2005-05-02;871.0
2005-05-02;865.0
2005-05-02;868.0
2005-05-03;854.0
2005-05-03;848.0
2005-05-03;851.0
2005-05-03;851.0
2005-05-04;838.0
2005-05-04;840.0
2005-05-04;835.0
2005-05-04;838.0
2005-05-05;833.0
2005-05-05;831.0
2005-05-05;834.0
2005-05-05;832.0
2005-05-06;854.0
2005-05-06;848.0
2005-05-06;843.0
2005-05-06;849.0
2005-05-07;857.0
2005-05-07;860.0
2005-05-07;863.0
2005-05-07;860.0
2005-05-08;867.0
2005-05-08;866.0
2005-05-08;867.0
2005-05-08;868.0
2005-05-09;879.0
2005-05-09;872.0
2005-05-09;885.0
2005-05-09;878.0
2005-05-10;879.0
2005-05-10;876.0
2005-05-10;882.0
2005-05-10;879.0
2005-05-11;872.0
2005-05-11;871.0
2005-05-11;872.0
2005-05-11;872.0
2005-05-12;862.0
2005-05-12;866.0
2005-05-12;862.0
2005-05-12;857.0
2005-05-13;849.0
2005-05-13;846.0
2005-05-13;852.0
2005-05-13;849.0
2005-05-14;832.0
2005-05-14;832.0
2005-05-14;832.0
2005-05-14;832.0
2005-05-15;829.0
2005-05-15;829.0
2005-05-15;829.0
2005-05-15;829.0
2005-05-16;848.0
2005-05-16;849.0
2005-05-16;849.0
2005-05-16;848.0
2005-05-17;843.0
2005-05-17;845.0
2005-05-17;840.0
2005-05-17;843.0
2005-05-18;826.0
2005-05-18;828.0
2005-05-18;830.0
2005-05-18;828.0
2005-05-19;818.0
2005-05-19;820.0
2005-05-19;816.0
2005-05-19;818.0
2005-05-20;806.0
2005-05-20;808.0
2005-05-20;808.0
2005-05-20;810.0
2005-05-21;800.0
2005-05-21;802.0
2005-05-21;800.0
2005-05-21;797.0
2005-05-22;796.0
2005-05-22;792.0
2005-05-22;794.0
2005-05-22;794.0
2005-05-23;794.0
2005-05-23;791.0
2005-05-23;792.0
2005-05-23;793.0
2005-05-24;789.0
2005-05-24;789.0
2005-05-24;788.0
2005-05-24;790.0
2005-05-25;780.0
2005-05-25;776.0
2005-05-25;783.0
2005-05-25;780.0
2005-05-26;766.0
2005-05-26;769.0
2005-05-26;763.0
2005-05-26;766.0
2005-05-27;753.0
2005-05-27;753.0
2005-05-27;756.0
2005-05-27;750.0
2005-05-28;754.0
2005-05-28;755.0
2005-05-28;755.0
2005-05-28;756.0
2005-05-29;760.0
2005-05-29;763.0
2005-05-29;758.0
2005-05-29;761.0
2005-05-30;776.0
2005-05-30;780.0
2005-05-30;780.0
2005-05-30;784.0
2005-05-31;788.0
2005-05-31;790.0
2005-05-31;789.0
2005-05-31;789.0
2005-06-01;798.0
2005-06-01;798.0
2005-06-01;801.0
2005-06-01;794.0
2005-06-02;826.0
2005-06-02;832.0
2005-06-02;820.0
2005-06-02;826.0
2005-06-03;844.0
2005-06-03;843.0
2005-06-03;844.0
2005-06-03;844.0
2005-06-04;845.0
2005-06-04;845.0
2005-06-04;844.0
2005-06-04;846.0
2005-06-05;851.0
2005-06-05;851.0
2005-06-05;852.0
2005-06-05;849.0
2005-06-06;866.0
2005-06-06;872.0
2005-06-06;860.0
2005-06-06;866.0
2005-06-07;904.0
2005-06-07;910.0
2005-06-07;898.0
2005-06-07;904.0
2005-06-08;931.0
2005-06-08;928.0
2005-06-08;928.0
2005-06-08;924.0
2005-06-09;940.0
2005-06-09;939.0
2005-06-09;938.0
2005-06-09;939.0
2005-06-10;952.0
2005-06-10;946.0
2005-06-10;958.0
2005-06-10;952.0
2005-06-11;966.0
2005-06-11;976.0
2005-06-11;971.0
2005-06-11;971.0
2005-06-12;978.0
2005-06-12;978.0
2005-06-12;978.0
2005-06-12;978.0
2005-06-13;967.0
2005-06-13;972.0
2005-06-13;962.0
2005-06-13;967.0
2005-06-14;955.0
2005-06-14;952.0
2005-06-14;948.0
2005-06-14;952.0
2005-06-15;932.0
2005-06-15;936.0
2005-06-15;932.0
2005-06-15;928.0
2005-06-16;914.0
2005-06-16;916.0
2005-06-16;917.0
2005-06-16;919.0
2005-06-17;904.0
2005-06-17;910.0
2005-06-17;907.0
2005-06-17;907.0
2005-06-18;894.0
2005-06-18;899.0
2005-06-18;897.0
2005-06-18;896.0
2005-06-19;892.0
2005-06-19;899.0
2005-06-19;896.0
2005-06-19;896.0
2005-06-20;908.0
2005-06-20;911.0
2005-06-20;910.0
2005-06-20;910.0
2005-06-21;911.0
2005-06-21;910.0
2005-06-21;910.0
2005-06-21;911.0
2005-06-22;908.0
2005-06-22;908.0
2005-06-22;908.0
2005-06-22;908.0
2005-06-23;901.0
2005-06-23;898.0
2005-06-23;903.0
2005-06-23;901.0
2005-06-24;881.0
2005-06-24;888.0
2005-06-24;885.0
2005-06-24;885.0
2005-06-25;868.0
2005-06-25;872.0
2005-06-25;869.0
2005-06-25;865.0
2005-06-26;853.0
2005-06-26;856.0
2005-06-26;850.0
2005-06-26;853.0
2005-06-27;841.0
2005-06-27;844.0
2005-06-27;841.0
2005-06-27;838.0
2005-06-28;831.0
2005-06-28;826.0
2005-06-28;836.0
2005-06-28;831.0
2005-06-29;817.0
2005-06-29;820.0
2005-06-29;814.0
2005-06-29;817.0
2005-06-30;808.0
2005-06-30;806.0
2005-06-30;806.0
2005-06-30;803.0
2005-07-01;801.0
2005-07-01;802.0
2005-07-01;802.0
2005-07-01;802.0
2005-07-02;805.0
2005-07-02;804.0
2005-07-02;806.0
2005-07-02;805.0
2005-07-03;814.0
2005-07-03;815.0
2005-07-03;813.0
2005-07-03;816.0
2005-07-04;824.0
2005-07-04;823.0
2005-07-04;823.0
2005-07-04;822.0
2005-07-05;844.0
2005-07-05;834.0
2005-07-05;844.0
2005-07-05;854.0
2005-07-06;880.0
2005-07-06;886.0
2005-07-06;873.0
2005-07-06;880.0
2005-07-07;900.0
2005-07-07;898.0
2005-07-07;896.0
2005-07-07;898.0
2005-07-08;915.0
2005-07-08;923.0
2005-07-08;930.0
2005-07-08;922.0
2005-07-09;942.0
2005-07-09;940.0
2005-07-09;944.0
2005-07-09;942.0
2005-07-10;948.0
2005-07-10;948.0
2005-07-10;947.0
2005-07-10;948.0
2005-07-11;942.0
2005-07-11;942.0
2005-07-11;944.0
2005-07-11;940.0
2005-07-12;927.0
2005-07-12;923.0
2005-07-12;931.0
2005-07-12;927.0
2005-07-13;906.0
2005-07-13;900.0
2005-07-13;912.0
2005-07-13;906.0
2005-07-14;885.0
2005-07-14;872.0
2005-07-14;878.0
2005-07-14;879.0
2005-07-15;849.0
2005-07-15;844.0
2005-07-15;855.0
2005-07-15;850.0
2005-07-16;835.0
2005-07-16;834.0
2005-07-16;834.0
2005-07-16;832.0
2005-07-17;843.0
2005-07-17;844.0
2005-07-17;844.0
2005-07-17;844.0
2005-07-18;843.0
2005-07-18;843.0
2005-07-18;842.0
2005-07-18;843.0
2005-07-19;848.0
2005-07-19;845.0
2005-07-19;847.0
2005-07-19;846.0
2005-07-20;848.0
2005-07-20;847.0
2005-07-20;848.0
2005-07-20;848.0
2005-07-21;843.0
2005-07-21;845.0
2005-07-21;841.0
2005-07-21;843.0
2005-07-22;828.0
2005-07-22;831.0
2005-07-22;834.0
2005-07-22;831.0
2005-07-23;816.0
2005-07-23;811.0
2005-07-23;811.0
2005-07-23;806.0
2005-07-24;790.0
2005-07-24;792.0
2005-07-24;793.0
2005-07-24;795.0
2005-07-25;783.0
2005-07-25;786.0
2005-07-25;785.0
2005-07-25;784.0
2005-07-26;778.0
2005-07-26;779.0
2005-07-26;779.0
2005-07-26;780.0
2005-07-27;770.0
2005-07-27;770.0
2005-07-27;768.0
2005-07-27;772.0
2005-07-28;762.0
2005-07-28;762.0
2005-07-28;764.0
2005-07-28;760.0
2005-07-29;758.0
2005-07-29;760.0
2005-07-29;757.0
2005-07-29;759.0
2005-07-30;786.0
2005-07-30;787.0
2005-07-30;787.0
2005-07-30;788.0
2005-07-31;794.0
2005-07-31;795.0
2005-07-31;792.0
2005-07-31;794.0
2005-08-01;798.0
2005-08-01;799.0
2005-08-01;800.0
2005-08-01;799.0
2005-08-02;804.0
2005-08-02;804.0
2005-08-02;803.0
2005-08-02;804.0
2005-08-03;802.0
2005-08-03;801.0
2005-08-03;802.0
2005-08-03;802.0
2005-08-04;798.0
2005-08-04;796.0
2005-08-04;800.0
2005-08-04;798.0
2005-08-05;794.0
2005-08-05;794.0
2005-08-05;795.0
2005-08-05;792.0
2005-08-06;788.0
2005-08-06;786.0
2005-08-06;790.0
2005-08-06;788.0
2005-08-07;782.0
2005-08-07;782.0
2005-08-07;780.0
2005-08-07;784.0
2005-08-08;795.0
2005-08-08;794.0
2005-08-08;796.0
2005-08-08;795.0
2005-08-09;792.0
2005-08-09;793.0
2005-08-09;794.0
2005-08-09;793.0
2005-08-10;824.0
2005-08-10;802.0
2005-08-10;813.0
2005-08-10;813.0
2005-08-11;829.0
2005-08-11;834.0
2005-08-11;834.0
2005-08-11;838.0
2005-08-12;850.0
2005-08-12;849.0
2005-08-12;850.0
2005-08-12;849.0
2005-08-13;851.0
2005-08-13;852.0
2005-08-13;851.0
2005-08-13;849.0
2005-08-14;838.0
2005-08-14;842.0
2005-08-14;835.0
2005-08-14;839.0
2005-08-15;840.0
2005-08-15;840.0
2005-08-15;840.0
2005-08-15;839.0
2005-08-16;852.0
2005-08-16;853.0
2005-08-16;850.0
2005-08-16;852.0
2005-08-17;854.0
2005-08-17;852.0
2005-08-17;850.0
2005-08-17;852.0
2005-08-18;845.0
2005-08-18;846.0
2005-08-18;846.0
2005-08-18;846.0
2005-08-19;857.0
2005-08-19;855.0
2005-08-19;855.0
2005-08-19;853.0
2005-08-20;864.0
2005-08-20;864.0
2005-08-20;864.0
2005-08-20;864.0
2005-08-21;861.0
2005-08-21;860.0
2005-08-21;861.0
2005-08-21;862.0
2005-08-22;857.0
2005-08-22;856.0
2005-08-22;857.0
2005-08-22;858.0
2005-08-23;859.0
2005-08-23;853.0
2005-08-23;865.0
2005-08-23;859.0
2005-08-24;878.0
2005-08-24;880.0
2005-08-24;877.0
2005-08-24;879.0
2005-08-25;885.0
2005-08-25;885.0
2005-08-25;884.0
2005-08-25;885.0
2005-08-26;887.0
2005-08-26;886.0
2005-08-26;884.0
2005-08-26;886.0
2005-08-27;875.0
2005-08-27;878.0
2005-08-27;882.0
2005-08-27;879.0
2005-08-28;866.0
2005-08-28;868.0
2005-08-28;864.0
2005-08-28;866.0
2005-08-29;854.0
2005-08-29;854.0
2005-08-29;856.0
2005-08-29;851.0
2005-08-30;847.0
2005-08-30;847.0
2005-08-30;847.0
2005-08-30;847.0
2005-08-31;844.0
2005-08-31;845.0
2005-08-31;842.0
2005-08-31;844.0
2005-09-01;835.0
2005-09-01;830.0
2005-09-01;840.0
2005-09-01;835.0
2005-09-02;820.0
2005-09-02;810.0
2005-09-02;815.0
2005-09-02;815.0
2005-09-03;798.0
2005-09-03;798.0
2005-09-03;800.0
2005-09-03;796.0
2005-09-04;778.0
2005-09-04;776.0
2005-09-04;781.0
2005-09-04;779.0
2005-09-05;768.0
2005-09-05;772.0
2005-09-05;763.0
2005-09-05;768.0
2005-09-06;757.0
2005-09-06;760.0
2005-09-06;762.0
2005-09-06;760.0
2005-09-07;746.0
2005-09-07;752.0
2005-09-07;749.0
2005-09-07;749.0
2005-09-08;740.0
2005-09-08;740.0
2005-09-08;740.0
2005-09-08;740.0
2005-09-09;739.0
2005-09-09;741.0
2005-09-09;740.0
2005-09-09;742.0
2005-09-10;745.0
2005-09-10;746.0
2005-09-10;746.0
2005-09-10;746.0
2005-09-11;750.0
2005-09-11;754.0
2005-09-11;754.0
2005-09-11;758.0
2005-09-12;764.0
2005-09-12;763.0
2005-09-12;766.0
2005-09-12;765.0
2005-09-13;762.0
2005-09-13;762.0
2005-09-13;760.0
2005-09-13;763.0
2005-09-14;764.0
2005-09-14;761.0
2005-09-14;764.0
2005-09-14;767.0
2005-09-15;769.0
2005-09-15;769.0
2005-09-15;769.0
2005-09-15;769.0
2005-09-16;767.0
2005-09-16;766.0
2005-09-16;766.0
2005-09-16;764.0
2005-09-17;757.0
2005-09-17;758.0
2005-09-17;757.0
2005-09-17;756.0
2005-09-18;748.0
2005-09-18;743.0
2005-09-18;753.0
2005-09-18;748.0
2005-09-19;736.0
2005-09-19;734.0
2005-09-19;735.0
2005-09-19;733.0
2005-09-20;727.0
2005-09-20;724.0
2005-09-20;726.0
2005-09-20;726.0
2005-09-21;720.0
2005-09-21;721.0
2005-09-21;721.0
2005-09-21;720.0
2005-09-22;722.0
2005-09-22;721.0
2005-09-22;722.0
2005-09-22;722.0
2005-09-23;722.0
2005-09-23;722.0
2005-09-23;722.0
2005-09-23;722.0
2005-09-24;716.0
2005-09-24;719.0
2005-09-24;718.0
2005-09-24;718.0
2005-09-25;708.0
2005-09-25;706.0
2005-09-25;710.0
2005-09-25;708.0
2005-09-26;688.0
2005-09-26;688.0
2005-09-26;693.0
2005-09-26;683.0
2005-09-27;664.0
2005-09-27;658.0
2005-09-27;669.0
2005-09-27;664.0
2005-09-28;652.0
2005-09-28;653.0
2005-09-28;652.0
2005-09-28;653.0
2005-09-29;657.0
2005-09-29;656.0
2005-09-29;658.0
2005-09-29;657.0
2005-09-30;641.0
2005-09-30;649.0
2005-09-30;648.0
2005-09-30;656.0
2005-10-01;631.0
2005-10-01;641.0
2005-10-01;636.0
2005-10-01;636.0
2005-10-02;618.0
2005-10-02;618.0
2005-10-02;621.0
2005-10-02;614.0
2005-10-03;609.0
2005-10-03;608.0
2005-10-03;610.0
2005-10-03;609.0
2005-10-04;604.0
2005-10-04;601.0
2005-10-04;601.0
2005-10-04;598.0
2005-10-05;587.0
2005-10-05;590.0
2005-10-05;590.0
2005-10-05;592.0
2005-10-06;579.0
2005-10-06;578.0
2005-10-06;581.0
2005-10-06;576.0
2005-10-07;569.0
2005-10-07;571.0
2005-10-07;567.0
2005-10-07;569.0
2005-10-08;564.0
2005-10-08;563.0
2005-10-08;564.0
2005-10-08;564.0
2005-10-09;561.0
2005-10-09;561.0
2005-10-09;561.0
2005-10-09;561.0
2005-10-10;565.0
2005-10-10;567.0
2005-10-10;569.0
2005-10-10;567.0
2005-10-11;578.0
2005-10-11;581.0
2005-10-11;576.0
2005-10-11;579.0
2005-10-12;589.0
2005-10-12;588.0
2005-10-12;589.0
2005-10-12;588.0
2005-10-13;586.0
2005-10-13;587.0
2005-10-13;584.0
2005-10-13;586.0
2005-10-14;578.0
2005-10-14;578.0
2005-10-14;580.0
2005-10-14;576.0
2005-10-15;574.0
2005-10-15;574.0
2005-10-15;574.0
2005-10-15;574.0
2005-10-16;582.0
2005-10-16;584.0
2005-10-16;583.0
2005-10-16;581.0
2005-10-17;582.0
2005-10-17;581.0
2005-10-17;584.0
2005-10-17;583.0
2005-10-18;580.0
2005-10-18;580.0
2005-10-18;581.0
2005-10-18;581.0
2005-10-19;577.0
2005-10-19;576.0
2005-10-19;575.0
2005-10-19;578.0
2005-10-20;572.0
2005-10-20;570.0
2005-10-20;570.0
2005-10-20;568.0
2005-10-21;566.0
2005-10-21;565.0
2005-10-21;566.0
2005-10-21;566.0
2005-10-22;568.0
2005-10-22;566.0
2005-10-22;569.0
2005-10-22;568.0
2005-10-23;583.0
2005-10-23;588.0
2005-10-23;583.0
2005-10-23;578.0
2005-10-24;588.0
2005-10-24;587.0
2005-10-24;589.0
2005-10-24;588.0
2005-10-25;596.0
2005-10-25;596.0
2005-10-25;589.0
2005-10-25;602.0
2005-10-26;618.0
2005-10-26;613.0
2005-10-26;622.0
2005-10-26;618.0
2005-10-27;636.0
2005-10-27;633.0
2005-10-27;630.0
2005-10-27;633.0
2005-10-28;669.0
2005-10-28;662.0
2005-10-28;662.0
2005-10-28;654.0
2005-10-29;675.0
2005-10-29;708.0
2005-10-29;692.0
2005-10-29;700.0
2005-10-30;720.0
2005-10-30;688.0
2005-10-30;718.0
2005-10-30;716.0
2005-10-31;713.0
2005-10-31;713.0
2005-10-31;713.0
2005-10-31;701.0
2005-11-01;712.0
2005-11-01;714.0
2005-11-01;715.0
2005-11-01;717.0
2005-11-02;728.0
2005-11-02;729.0
2005-11-02;730.0
2005-11-02;727.0
2005-11-03;740.0
2005-11-03;737.0
2005-11-03;740.0
2005-11-03;742.0
2005-11-04;747.0
2005-11-04;747.0
2005-11-04;747.0
2005-11-04;747.0
2005-11-05;747.0
2005-11-05;746.0
2005-11-05;747.0
2005-11-05;746.0
2005-11-06;742.0
2005-11-06;743.0
2005-11-06;743.0
2005-11-06;742.0
2005-11-07;740.0
2005-11-07;739.0
2005-11-07;740.0
2005-11-07;740.0
2005-11-08;740.0
2005-11-08;740.0
2005-11-08;740.0
2005-11-08;739.0
2005-11-09;740.0
2005-11-09;740.0
2005-11-09;740.0
2005-11-09;740.0
2005-11-10;740.0
2005-11-10;740.0
2005-11-10;740.0
2005-11-10;740.0
2005-11-11;754.0
2005-11-11;759.0
2005-11-11;756.0
2005-11-11;757.0
2005-11-12;748.0
2005-11-12;752.0
2005-11-12;750.0
2005-11-12;750.0
2005-11-13;736.0
2005-11-13;742.0
2005-11-13;730.0
2005-11-13;736.0
2005-11-14;722.0
2005-11-14;722.0
2005-11-14;721.0
2005-11-14;722.0
2005-11-15;724.0
2005-11-15;724.0
2005-11-15;723.0
2005-11-15;724.0
2005-11-16;722.0
2005-11-16;722.0
2005-11-16;722.0
2005-11-16;722.0
2005-11-17;717.0
2005-11-17;718.0
2005-11-17;718.0
2005-11-17;718.0
2005-11-18;718.0
2005-11-18;718.0
2005-11-18;718.0
2005-11-18;718.0
2005-11-19;718.0
2005-11-19;718.0
2005-11-19;718.0
2005-11-19;718.0
2005-11-20;725.0
2005-11-20;727.0
2005-11-20;729.0
2005-11-20;727.0
2005-11-21;734.0
2005-11-21;734.0
2005-11-21;735.0
2005-11-21;735.0
2005-11-22;736.0
2005-11-22;735.0
2005-11-22;736.0
2005-11-22;736.0
2005-11-23;729.0
2005-11-23;731.0
2005-11-23;733.0
2005-11-23;731.0
2005-11-24;720.0
2005-11-24;716.0
2005-11-24;720.0
2005-11-24;723.0
2005-11-25;704.0
2005-11-25;701.0
2005-11-25;707.0
2005-11-25;704.0
2005-11-26;692.0
2005-11-26;694.0
2005-11-26;690.0
2005-11-26;692.0
2005-11-27;680.0
2005-11-27;682.0
2005-11-27;682.0
2005-11-27;684.0
2005-11-28;675.0
2005-11-28;676.0
2005-11-28;676.0
2005-11-28;677.0
2005-11-29;672.0
2005-11-29;671.0
2005-11-29;671.0
2005-11-29;670.0
2005-11-30;662.0
2005-11-30;656.0
2005-11-30;659.0
2005-11-30;659.0
2005-12-01;648.0
2005-12-01;650.0
2005-12-01;646.0
2005-12-01;648.0
2005-12-02;646.0
2005-12-02;646.0
2005-12-02;645.0
2005-12-02;646.0
2005-12-03;646.0
2005-12-03;645.0
2005-12-03;646.0
2005-12-03;647.0
2005-12-04;640.0
2005-12-04;638.0
2005-12-04;642.0
2005-12-04;640.0
2005-12-05;631.0
2005-12-05;629.0
2005-12-05;626.0
2005-12-05;628.0
2005-12-06;616.0
2005-12-06;613.0
2005-12-06;618.0
2005-12-06;616.0
2005-12-07;602.0
2005-12-07;601.0
2005-12-07;603.0
2005-12-07;602.0
2005-12-08;591.0
2005-12-08;594.0
2005-12-08;591.0
2005-12-08;588.0
2005-12-09;576.0
2005-12-09;578.0
2005-12-09;578.0
2005-12-09;580.0
2005-12-10;569.0
2005-12-10;570.0
2005-12-10;568.0
2005-12-10;569.0
2005-12-11;566.0
2005-12-11;566.0
2005-12-11;566.0
2005-12-11;565.0
2005-12-12;564.0
2005-12-12;565.0
2005-12-12;565.0
2005-12-12;566.0
2005-12-13;573.0
2005-12-13;572.0
2005-12-13;571.0
2005-12-13;574.0
2005-12-14;582.0
2005-12-14;584.0
2005-12-14;582.0
2005-12-14;580.0
2005-12-15;586.0
2005-12-15;586.0
2005-12-15;587.0
2005-12-15;587.0
2005-12-16;578.0
2005-12-16;580.0
2005-12-16;576.0
2005-12-16;578.0
2005-12-17;571.0
2005-12-17;570.0
2005-12-17;572.0
2005-12-17;571.0
2005-12-18;582.0
2005-12-18;579.0
2005-12-18;576.0
2005-12-18;579.0
2005-12-19;616.0
2005-12-19;609.0
2005-12-19;602.0
2005-12-19;609.0
2005-12-20;648.0
2005-12-20;642.0
2005-12-20;654.0
2005-12-20;648.0
2005-12-21;680.0
2005-12-21;672.0
2005-12-21;687.0
2005-12-21;680.0
2005-12-22;712.0
2005-12-22;716.0
2005-12-22;708.0
2005-12-22;712.0
2005-12-23;723.0
2005-12-23;724.0
2005-12-23;722.0
2005-12-23;723.0
2005-12-24;734.0
2005-12-24;730.0
2005-12-24;738.0
2005-12-24;734.0
2005-12-25;748.0
2005-12-25;750.0
2005-12-25;750.0
2005-12-25;751.0
2005-12-26;760.0
2005-12-26;762.0
2005-12-26;758.0
2005-12-26;760.0
2005-12-27;764.0
2005-12-27;763.0
2005-12-27;764.0
2005-12-27;764.0
2005-12-28;760.0
2005-12-28;757.0
2005-12-28;754.0
2005-12-28;757.0
2005-12-29;735.0
2005-12-29;741.0
2005-12-29;729.0
2005-12-29;735.0
2005-12-30;707.0
2005-12-30;714.0
2005-12-30;707.0
2005-12-30;700.0
2005-12-31;678.0
2005-12-31;678.0
2005-12-31;684.0
2005-12-31;672.0
2006-01-01;650.0
2006-01-01;647.0
2006-01-01;652.0
2006-01-01;650.0
2006-01-02;626.0
2006-01-02;631.0
2006-01-02;620.0
2006-01-02;626.0
2006-01-03;602.0
2006-01-03;602.0
2006-01-03;607.0
2006-01-03;597.0
2006-01-04;579.0
2006-01-04;574.0
2006-01-04;584.0
2006-01-04;579.0
2006-01-05;563.0
2006-01-05;560.0
2006-01-05;566.0
2006-01-05;563.0
2006-01-06;552.0
2006-01-06;551.0
2006-01-06;553.0
2006-01-06;554.0
2006-01-07;550.0
2006-01-07;550.0
2006-01-07;550.0
2006-01-07;550.0
2006-01-08;545.0
2006-01-08;546.0
2006-01-08;544.0
2006-01-08;545.0
2006-01-09;546.0
2006-01-09;545.0
2006-01-09;546.0
2006-01-09;546.0
2006-01-10;546.0
2006-01-10;546.0
2006-01-10;546.0
2006-01-10;546.0
2006-01-11;542.0
2006-01-11;543.0
2006-01-11;540.0
2006-01-11;542.0
2006-01-12;534.0
2006-01-12;536.0
2006-01-12;538.0
2006-01-12;536.0
2006-01-13;528.0
2006-01-13;526.0
2006-01-13;530.0
2006-01-13;528.0
2006-01-14;528.0
2006-01-14;528.0
2006-01-14;530.0
2006-01-14;526.0
2006-01-15;550.0
2006-01-15;554.0
2006-01-15;551.0
2006-01-15;547.0
2006-01-16;557.0
2006-01-16;557.0
2006-01-16;556.0
2006-01-16;558.0
2006-01-17;554.0
2006-01-17;554.0
2006-01-17;554.0
2006-01-17;554.0
2006-01-18;576.0
2006-01-18;582.0
2006-01-18;570.0
2006-01-18;576.0
2006-01-19;598.0
2006-01-19;595.0
2006-01-19;601.0
2006-01-19;598.0
2006-01-20;602.0
2006-01-20;601.0
2006-01-20;602.0
2006-01-20;602.0
2006-01-21;604.0
2006-01-21;604.0
2006-01-21;604.0
2006-01-21;604.0
2006-01-22;627.0
2006-01-22;620.0
2006-01-22;634.0
2006-01-22;627.0
2006-01-23;658.0
2006-01-23;654.0
2006-01-23;656.0
2006-01-23;656.0
2006-01-24;663.0
2006-01-24;663.0
2006-01-24;663.0
2006-01-24;663.0
2006-01-25;658.0
2006-01-25;660.0
2006-01-25;656.0
2006-01-25;658.0
2006-01-26;652.0
2006-01-26;656.0
2006-01-26;654.0
2006-01-26;654.0
2006-01-27;670.0
2006-01-27;672.0
2006-01-27;667.0
2006-01-27;670.0
2006-01-28;681.0
2006-01-28;680.0
2006-01-28;677.0
2006-01-28;684.0
2006-01-29;732.0
2006-01-29;714.0
2006-01-29;732.0
2006-01-29;750.0
2006-01-30;801.0
2006-01-30;811.0
2006-01-30;790.0
2006-01-30;801.0
2006-01-31;833.0
2006-01-31;830.0
2006-01-31;836.0
2006-01-31;833.0
2006-02-01;847.0
2006-02-01;848.0
2006-02-01;847.0
2006-02-01;846.0
2006-02-02;851.0
2006-02-02;853.0
2006-02-02;855.0
2006-02-02;853.0
2006-02-03;851.0
2006-02-03;849.0
2006-02-03;853.0
2006-02-03;851.0
2006-02-04;848.0
2006-02-04;848.0
2006-02-04;848.0
2006-02-04;848.0
2006-02-05;850.0
2006-02-05;851.0
2006-02-05;851.0
2006-02-05;851.0
2006-02-06;846.0
2006-02-06;843.0
2006-02-06;846.0
2006-02-06;849.0
2006-02-07;818.0
2006-02-07;831.0
2006-02-07;825.0
2006-02-07;824.0
2006-02-08;795.0
2006-02-08;801.0
2006-02-08;789.0
2006-02-08;795.0
2006-02-09;764.0
2006-02-09;757.0
2006-02-09;770.0
2006-02-09;764.0
2006-02-10;731.0
2006-02-10;731.0
2006-02-10;738.0
2006-02-10;724.0
2006-02-11;697.0
2006-02-11;695.0
2006-02-11;699.0
2006-02-11;697.0
2006-02-12;682.0
2006-02-12;685.0
2006-02-12;679.0
2006-02-12;682.0
2006-02-13;674.0
2006-02-13;674.0
2006-02-13;673.0
2006-02-13;675.0
2006-02-14;666.0
2006-02-14;666.0
2006-02-14;663.0
2006-02-14;668.0
2006-02-15;653.0
2006-02-15;643.0
2006-02-15;648.0
2006-02-15;648.0
2006-02-16;623.0
2006-02-16;632.0
2006-02-16;628.0
2006-02-16;628.0
2006-02-17;612.0
2006-02-17;608.0
2006-02-17;608.0
2006-02-17;604.0
2006-02-18;598.0
2006-02-18;598.0
2006-02-18;598.0
2006-02-18;597.0
2006-02-19;586.0
2006-02-19;582.0
2006-02-19;584.0
2006-02-19;584.0
2006-02-20;553.0
2006-02-20;580.0
2006-02-20;567.0
2006-02-20;566.0
2006-02-21;561.0
2006-02-21;561.0
2006-02-21;557.0
2006-02-21;565.0
2006-02-22;546.0
2006-02-22;549.0
2006-02-22;542.0
2006-02-22;546.0
2006-02-23;523.0
2006-02-23;528.0
2006-02-23;532.0
2006-02-23;528.0
2006-02-24;512.0
2006-02-24;509.0
2006-02-24;516.0
2006-02-24;513.0
2006-02-25;511.0
2006-02-25;510.0
2006-02-25;512.0
2006-02-25;511.0
2006-02-26;513.0
2006-02-26;514.0
2006-02-26;514.0
2006-02-26;514.0
2006-02-27;522.0
2006-02-27;519.0
2006-02-27;524.0
2006-02-27;522.0
2006-02-28;529.0
2006-02-28;527.0
2006-02-28;525.0
2006-02-28;527.0
2006-03-01;518.0
2006-03-01;520.0
2006-03-01;519.0
2006-03-01;519.0
2006-03-02;513.0
2006-03-02;514.0
2006-03-02;511.0
2006-03-02;512.0
2006-03-03;507.0
2006-03-03;507.0
2006-03-03;506.0
2006-03-03;508.0
2006-03-04;500.0
2006-03-04;500.0
2006-03-04;498.0
2006-03-04;502.0
2006-03-05;490.0
2006-03-05;495.0
2006-03-05;493.0
2006-03-05;492.0
2006-03-06;485.0
2006-03-06;488.0
2006-03-06;487.0
2006-03-06;486.0
2006-03-07;483.0
2006-03-07;482.0
2006-03-07;484.0
2006-03-07;483.0
2006-03-08;485.0
2006-03-08;486.0
2006-03-08;485.0
2006-03-08;484.0
2006-03-09;512.0
2006-03-09;501.0
2006-03-09;507.0
2006-03-09;507.0
2006-03-10;530.0
2006-03-10;534.0
2006-03-10;530.0
2006-03-10;526.0
2006-03-11;541.0
2006-03-11;539.0
2006-03-11;543.0
2006-03-11;541.0
2006-03-12;549.0
2006-03-12;548.0
2006-03-12;548.0
2006-03-12;549.0
2006-03-13;554.0
2006-03-13;551.0
2006-03-13;557.0
2006-03-13;554.0
2006-03-14;553.0
2006-03-14;555.0
2006-03-14;551.0
2006-03-14;553.0
2006-03-15;542.0
2006-03-15;544.0
2006-03-15;543.0
2006-03-15;543.0
2006-03-16;543.0
2006-03-16;542.0
2006-03-16;543.0
2006-03-16;544.0
2006-03-17;558.0
2006-03-17;564.0
2006-03-17;552.0
2006-03-17;558.0
2006-03-18;574.0
2006-03-18;576.0
2006-03-18;578.0
2006-03-18;576.0
2006-03-19;584.0
2006-03-19;592.0
2006-03-19;588.0
2006-03-19;588.0
2006-03-20;601.0
2006-03-20;604.0
2006-03-20;604.0
2006-03-20;606.0
2006-03-21;615.0
2006-03-21;614.0
2006-03-21;612.0
2006-03-21;617.0
2006-03-22;634.0
2006-03-22;626.0
2006-03-22;630.0
2006-03-22;630.0
2006-03-23;659.0
2006-03-23;652.0
2006-03-23;666.0
2006-03-23;659.0
2006-03-24;670.0
2006-03-24;670.0
2006-03-24;668.0
2006-03-24;671.0
2006-03-25;657.0
2006-03-25;660.0
2006-03-25;654.0
2006-03-25;657.0
2006-03-26;639.0
2006-03-26;639.0
2006-03-26;636.0
2006-03-26;642.0
2006-03-27;633.0
2006-03-27;637.0
2006-03-27;628.0
2006-03-27;632.0
2006-03-28;653.0
2006-03-28;652.0
2006-03-28;655.0
2006-03-28;650.0
2006-03-29;686.0
2006-03-29;692.0
2006-03-29;680.0
2006-03-29;686.0
2006-03-30;699.0
2006-03-30;700.0
2006-03-30;698.0
2006-03-30;699.0
2006-03-31;697.0
2006-03-31;699.0
2006-03-31;694.0
2006-03-31;696.0
2006-04-01;689.0
2006-04-01;686.0
2006-04-01;688.0
2006-04-01;688.0
2006-04-02;683.0
2006-04-02;684.0
2006-04-02;685.0
2006-04-02;686.0
2006-04-03;677.0
2006-04-03;674.0
2006-04-03;671.0
2006-04-03;674.0
2006-04-04;665.0
2006-04-04;665.0
2006-04-04;665.0
2006-04-04;665.0
2006-04-05;666.0
2006-04-05;670.0
2006-04-05;670.0
2006-04-05;673.0
2006-04-06;686.0
2006-04-06;677.0
2006-04-06;682.0
2006-04-06;682.0
2006-04-07;694.0
2006-04-07;694.0
2006-04-07;693.0
2006-04-07;694.0
2006-04-08;695.0
2006-04-08;696.0
2006-04-08;695.0
2006-04-08;694.0
2006-04-09;689.0
2006-04-09;690.0
2006-04-09;691.0
2006-04-09;692.0
2006-04-10;679.0
2006-04-10;682.0
2006-04-10;684.0
2006-04-10;682.0
2006-04-11;673.0
2006-04-11;674.0
2006-04-11;671.0
2006-04-11;672.0
2006-04-12;666.0
2006-04-12;666.0
2006-04-12;664.0
2006-04-12;668.0
2006-04-13;661.0
2006-04-13;662.0
2006-04-13;663.0
2006-04-13;662.0
2006-04-14;670.0
2006-04-14;671.0
2006-04-14;668.0
2006-04-14;670.0
2006-04-15;670.0
2006-04-15;671.0
2006-04-15;668.0
2006-04-15;670.0
2006-04-16;658.0
2006-04-16;656.0
2006-04-16;661.0
2006-04-16;659.0
2006-04-17;644.0
2006-04-17;641.0
2006-04-17;644.0
2006-04-17;646.0
2006-04-18;634.0
2006-04-18;635.0
2006-04-18;636.0
2006-04-18;635.0
2006-04-19;631.0
2006-04-19;630.0
2006-04-19;632.0
2006-04-19;631.0
2006-04-20;631.0
2006-04-20;630.0
2006-04-20;631.0
2006-04-20;630.0
2006-04-21;632.0
2006-04-21;632.0
2006-04-21;632.0
2006-04-21;632.0
2006-04-22;637.0
2006-04-22;634.0
2006-04-22;637.0
2006-04-22;640.0
2006-04-23;660.0
2006-04-23;666.0
2006-04-23;655.0
2006-04-23;661.0
2006-04-24;693.0
2006-04-24;697.0
2006-04-24;701.0
2006-04-24;697.0
2006-04-25;715.0
2006-04-25;713.0
2006-04-25;716.0
2006-04-25;714.0
2006-04-26;736.0
2006-04-26;726.0
2006-04-26;731.0
2006-04-26;731.0
2006-04-27;765.0
2006-04-27;772.0
2006-04-27;780.0
2006-04-27;773.0
2006-04-28;791.0
2006-04-28;785.0
2006-04-28;797.0
2006-04-28;791.0
2006-04-29;778.0
2006-04-29;780.0
2006-04-29;776.0
2006-04-29;778.0
2006-04-30;762.0
2006-04-30;766.0
2006-04-30;770.0
2006-04-30;766.0
2006-05-01;757.0
2006-05-01;754.0
2006-05-01;757.0
2006-05-01;760.0
2006-05-02;800.0
2006-05-02;820.0
2006-05-02;780.0
2006-05-02;800.0
2006-05-03;832.0
2006-05-03;844.0
2006-05-03;838.0
2006-05-03;838.0
2006-05-04;893.0
2006-05-04;920.0
2006-05-04;906.0
2006-05-04;907.0
2006-05-05;954.0
2006-05-05;935.0
2006-05-05;945.0
2006-05-05;944.0
2006-05-06;982.0
2006-05-06;974.0
2006-05-06;982.0
2006-05-06;989.0
2006-05-07;1002.0
2006-05-07;999.0
2006-05-07;1005.0
2006-05-07;1002.0
2006-05-08;1005.0
2006-05-08;1006.0
2006-05-08;1006.0
2006-05-08;1006.0
2006-05-09;1004.0
2006-05-09;1004.0
2006-05-09;1004.0
2006-05-09;1004.0
2006-05-10;1008.0
2006-05-10;1007.0
2006-05-10;1008.0
2006-05-10;1007.0
2006-05-11;1010.0
2006-05-11;1010.0
2006-05-11;1010.0
2006-05-11;1010.0
2006-05-12;1007.0
2006-05-12;1008.0
2006-05-12;1005.0
2006-05-12;1006.0
2006-05-13;996.0
2006-05-13;995.0
2006-05-13;998.0
2006-05-13;997.0
2006-05-14;982.0
2006-05-14;985.0
2006-05-14;988.0
2006-05-14;985.0
2006-05-15;969.0
2006-05-15;964.0
2006-05-15;968.0
2006-05-15;973.0
2006-05-16;952.0
2006-05-16;942.0
2006-05-16;947.0
2006-05-16;947.0
2006-05-17;918.0
2006-05-17;922.0
2006-05-17;926.0
2006-05-17;922.0
2006-05-18;923.0
2006-05-18;919.0
2006-05-18;926.0
2006-05-18;922.0
2006-05-19;941.0
2006-05-19;934.0
2006-05-19;941.0
2006-05-19;948.0
2006-05-20;944.0
2006-05-20;942.0
2006-05-20;947.0
2006-05-20;945.0
2006-05-21;936.0
2006-05-21;933.0
2006-05-21;938.0
2006-05-21;936.0
2006-05-22;931.0
2006-05-22;930.0
2006-05-22;931.0
2006-05-22;932.0
2006-05-23;928.0
2006-05-23;928.0
2006-05-23;926.0
2006-05-23;930.0
2006-05-24;926.0
2006-05-24;925.0
2006-05-24;924.0
2006-05-24;925.0
2006-05-25;913.0
2006-05-25;910.0
2006-05-25;916.0
2006-05-25;913.0
2006-05-26;906.0
2006-05-26;906.0
2006-05-26;906.0
2006-05-26;906.0
2006-05-27;907.0
2006-05-27;907.0
2006-05-27;907.0
2006-05-27;907.0
2006-05-28;907.0
2006-05-28;907.0
2006-05-28;906.0
2006-05-28;906.0
2006-05-29;901.0
2006-05-29;902.0
2006-05-29;899.0
2006-05-29;901.0
2006-05-30;891.0
2006-05-30;891.0
2006-05-30;892.0
2006-05-30;890.0
2006-05-31;880.0
2006-05-31;884.0
2006-05-31;877.0
2006-05-31;881.0
2006-06-01;867.0
2006-06-01;870.0
2006-06-01;864.0
2006-06-01;867.0
2006-06-02;876.0
2006-06-02;856.0
2006-06-02;866.0
2006-06-02;866.0
2006-06-03;911.0
2006-06-03;920.0
2006-06-03;902.0
2006-06-03;911.0
2006-06-04;933.0
2006-06-04;935.0
2006-06-04;936.0
2006-06-04;935.0
2006-06-05;940.0
2006-06-05;943.0
2006-06-05;943.0
2006-06-05;946.0
2006-06-06;968.0
2006-06-06;972.0
2006-06-06;965.0
2006-06-06;969.0
2006-06-07;973.0
2006-06-07;971.0
2006-06-07;972.0
2006-06-07;974.0
2006-06-08;978.0
2006-06-08;984.0
2006-06-08;981.0
2006-06-08;981.0
2006-06-09;996.0
2006-06-09;1005.0
2006-06-09;1014.0
2006-06-09;1005.0
2006-06-10;1008.0
2006-06-10;999.0
2006-06-10;1004.0
2006-06-10;1004.0
2006-06-11;981.0
2006-06-11;976.0
2006-06-11;981.0
2006-06-11;986.0
2006-06-12;970.0
2006-06-12;968.0
2006-06-12;972.0
2006-06-12;970.0
2006-06-13;952.0
2006-06-13;945.0
2006-06-13;958.0
2006-06-13;952.0
2006-06-14;915.0
2006-06-14;908.0
2006-06-14;916.0
2006-06-14;923.0
2006-06-15;890.0
2006-06-15;887.0
2006-06-15;887.0
2006-06-15;884.0
2006-06-16;875.0
2006-06-16;876.0
2006-06-16;874.0
2006-06-16;873.0
2006-06-17;860.0
2006-06-17;871.0
2006-06-17;866.0
2006-06-17;865.0
2006-06-18;871.0
2006-06-18;868.0
2006-06-18;870.0
2006-06-18;870.0
2006-06-19;882.0
2006-06-19;883.0
2006-06-19;879.0
2006-06-19;886.0
2006-06-20;897.0
2006-06-20;898.0
2006-06-20;896.0
2006-06-20;897.0
2006-06-21;901.0
2006-06-21;900.0
2006-06-21;901.0
2006-06-21;901.0
2006-06-22;899.0
2006-06-22;900.0
2006-06-22;898.0
2006-06-22;899.0
2006-06-23;894.0
2006-06-23;895.0
2006-06-23;895.0
2006-06-23;894.0
2006-06-24;893.0
2006-06-24;893.0
2006-06-24;893.0
2006-06-24;893.0
2006-06-25;891.0
2006-06-25;891.0
2006-06-25;892.0
2006-06-25;890.0
2006-06-26;886.0
2006-06-26;886.0
2006-06-26;886.0
2006-06-26;885.0
2006-06-27;891.0
2006-06-27;896.0
2006-06-27;886.0
2006-06-27;891.0
2006-06-28;917.0
2006-06-28;910.0
2006-06-28;924.0
2006-06-28;917.0
2006-06-29;941.0
2006-06-29;945.0
2006-06-29;948.0
2006-06-29;944.0
2006-06-30;948.0
2006-06-30;946.0
2006-06-30;949.0
2006-06-30;948.0
2006-07-01;942.0
2006-07-01;944.0
2006-07-01;940.0
2006-07-01;942.0
2006-07-02;941.0
2006-07-02;943.0
2006-07-02;939.0
2006-07-02;941.0
2006-07-03;953.0
2006-07-03;961.0
2006-07-03;957.0
2006-07-03;957.0
2006-07-04;976.0
2006-07-04;976.0
2006-07-04;979.0
2006-07-04;972.0
2006-07-05;984.0
2006-07-05;982.0
2006-07-05;986.0
2006-07-05;984.0
2006-07-06;1005.0
2006-07-06;1010.0
2006-07-06;999.0
2006-07-06;1004.0
2006-07-07;1045.0
2006-07-07;1036.0
2006-07-07;1026.0
2006-07-07;1036.0
2006-07-08;1077.0
2006-07-08;1086.0
2006-07-08;1077.0
2006-07-08;1068.0
2006-07-09;1104.0
2006-07-09;1096.0
2006-07-09;1104.0
2006-07-09;1111.0
2006-07-10;1107.0
2006-07-10;1106.0
2006-07-10;1107.0
2006-07-10;1106.0
2006-07-11;1100.0
2006-07-11;1101.0
2006-07-11;1098.0
2006-07-11;1100.0
2006-07-12;1095.0
2006-07-12;1091.0
2006-07-12;1093.0
2006-07-12;1093.0
2006-07-13;1082.0
2006-07-13;1079.0
2006-07-13;1085.0
2006-07-13;1082.0
2006-07-14;1068.0
2006-07-14;1070.0
2006-07-14;1069.0
2006-07-14;1069.0
2006-07-15;1061.0
2006-07-15;1061.0
2006-07-15;1060.0
2006-07-15;1062.0
2006-07-16;1059.0
2006-07-16;1058.0
2006-07-16;1057.0
2006-07-16;1060.0
2006-07-17;1063.0
2006-07-17;1064.0
2006-07-17;1064.0
2006-07-17;1064.0
2006-07-18;1062.0
2006-07-18;1062.0
2006-07-18;1062.0
2006-07-18;1062.0
2006-07-19;1062.0
2006-07-19;1061.0
2006-07-19;1060.0
2006-07-19;1061.0
2006-07-20;1055.0
2006-07-20;1057.0
2006-07-20;1056.0
2006-07-20;1056.0
2006-07-21;1048.0
2006-07-21;1049.0
2006-07-21;1051.0
2006-07-21;1046.0
2006-07-22;1033.0
2006-07-22;1036.0
2006-07-22;1032.0
2006-07-22;1029.0
2006-07-23;1014.0
2006-07-23;1010.0
2006-07-23;1018.0
2006-07-23;1014.0
2006-07-24;991.0
2006-07-24;985.0
2006-07-24;998.0
2006-07-24;992.0
2006-07-25;976.0
2006-07-25;965.0
2006-07-25;971.0
2006-07-25;970.0
2006-07-26;946.0
2006-07-26;956.0
2006-07-26;951.0
2006-07-26;951.0
2006-07-27;931.0
2006-07-27;927.0
2006-07-27;931.0
2006-07-27;935.0
2006-07-28;918.0
2006-07-28;920.0
2006-07-28;916.0
2006-07-28;918.0
2006-07-29;909.0
2006-07-29;906.0
2006-07-29;911.0
2006-07-29;909.0
2006-07-30;900.0
2006-07-30;898.0
2006-07-30;902.0
2006-07-30;900.0
2006-07-31;890.0
2006-07-31;890.0
2006-07-31;886.0
2006-07-31;893.0
2006-08-01;878.0
2006-08-01;875.0
2006-08-01;878.0
2006-08-01;881.0
2006-08-02;862.0
2006-08-02;865.0
2006-08-02;864.0
2006-08-02;864.0
2006-08-03;848.0
2006-08-03;850.0
2006-08-03;850.0
2006-08-03;852.0
2006-08-04;838.0
2006-08-04;841.0
2006-08-04;841.0
2006-08-04;844.0
2006-08-05;834.0
2006-08-05;835.0
2006-08-05;835.0
2006-08-05;835.0
2006-08-06;833.0
2006-08-06;832.0
2006-08-06;832.0
2006-08-06;831.0
2006-08-07;827.0
2006-08-07;827.0
2006-08-07;828.0
2006-08-07;826.0
2006-08-08;823.0
2006-08-08;823.0
2006-08-08;823.0
2006-08-08;823.0
2006-08-09;825.0
2006-08-09;826.0
2006-08-09;824.0
2006-08-09;825.0
2006-08-10;828.0
2006-08-10;836.0
2006-08-10;843.0
2006-08-10;836.0
2006-08-11;856.0
2006-08-11;856.0
2006-08-11;856.0
2006-08-11;856.0
2006-08-12;849.0
2006-08-12;850.0
2006-08-12;851.0
2006-08-12;850.0
2006-08-13;840.0
2006-08-13;836.0
2006-08-13;843.0
2006-08-13;840.0
2006-08-14;824.0
2006-08-14;824.0
2006-08-14;820.0
2006-08-14;828.0
2006-08-15;806.0
2006-08-15;802.0
2006-08-15;810.0
2006-08-15;806.0
2006-08-16;795.0
2006-08-16;788.0
2006-08-16;792.0
2006-08-16;792.0
2006-08-17;774.0
2006-08-17;776.0
2006-08-17;776.0
2006-08-17;778.0
2006-08-18;776.0
2006-08-18;778.0
2006-08-18;776.0
2006-08-18;774.0
2006-08-19;790.0
2006-08-19;790.0
2006-08-19;795.0
2006-08-19;785.0
2006-08-20;802.0
2006-08-20;804.0
2006-08-20;799.0
2006-08-20;802.0
2006-08-21;824.0
2006-08-21;818.0
2006-08-21;812.0
2006-08-21;818.0
2006-08-22;833.0
2006-08-22;830.0
2006-08-22;833.0
2006-08-22;836.0
2006-08-23;843.0
2006-08-23;841.0
2006-08-23;845.0
2006-08-23;843.0
2006-08-24;850.0
2006-08-24;851.0
2006-08-24;851.0
2006-08-24;852.0
2006-08-25;860.0
2006-08-25;872.0
2006-08-25;866.0
2006-08-25;866.0
2006-08-26;899.0
2006-08-26;892.0
2006-08-26;906.0
2006-08-26;899.0
2006-08-27;916.0
2006-08-27;920.0
2006-08-27;918.0
2006-08-27;918.0
2006-08-28;926.0
2006-08-28;926.0
2006-08-28;929.0
2006-08-28;923.0
2006-08-29;932.0
2006-08-29;932.0
2006-08-29;929.0
2006-08-29;934.0
2006-08-30;916.0
2006-08-30;911.0
2006-08-30;911.0
2006-08-30;906.0
2006-08-31;883.0
2006-08-31;883.0
2006-08-31;890.0
2006-08-31;876.0
2006-09-01;852.0
2006-09-01;858.0
2006-09-01;858.0
2006-09-01;863.0
2006-09-02;837.0
2006-09-02;834.0
2006-09-02;840.0
2006-09-02;837.0
2006-09-03;827.0
2006-09-03;826.0
2006-09-03;827.0
2006-09-03;828.0
2006-09-04;821.0
2006-09-04;818.0
2006-09-04;823.0
2006-09-04;821.0
2006-09-05;809.0
2006-09-05;804.0
2006-09-05;807.0
2006-09-05;807.0
2006-09-06;799.0
2006-09-06;796.0
2006-09-06;798.0
2006-09-06;798.0
2006-09-07;794.0
2006-09-07;794.0
2006-09-07;794.0
2006-09-07;794.0
2006-09-08;794.0
2006-09-08;793.0
2006-09-08;794.0
2006-09-08;794.0
2006-09-09;785.0
2006-09-09;789.0
2006-09-09;792.0
2006-09-09;789.0
2006-09-10;779.0
2006-09-10;777.0
2006-09-10;778.0
2006-09-10;778.0
2006-09-11;777.0
2006-09-11;777.0
2006-09-11;776.0
2006-09-11;777.0
2006-09-12;774.0
2006-09-12;774.0
2006-09-12;772.0
2006-09-12;775.0
2006-09-13;775.0
2006-09-13;775.0
2006-09-13;776.0
2006-09-13;774.0
2006-09-14;762.0
2006-09-14;762.0
2006-09-14;759.0
2006-09-14;764.0
2006-09-15;745.0
2006-09-15;740.0
2006-09-15;749.0
2006-09-15;745.0
2006-09-16;734.0
2006-09-16;734.0
2006-09-16;734.0
2006-09-16;734.0
2006-09-17;732.0
2006-09-17;732.0
2006-09-17;732.0
2006-09-17;731.0
2006-09-18;735.0
2006-09-18;735.0
2006-09-18;735.0
2006-09-18;735.0
2006-09-19;734.0
2006-09-19;733.0
2006-09-19;731.0
2006-09-19;733.0
2006-09-20;726.0
2006-09-20;728.0
2006-09-20;724.0
2006-09-20;726.0
2006-09-21;712.0
2006-09-21;715.0
2006-09-21;717.0
2006-09-21;713.0
2006-09-22;706.0
2006-09-22;708.0
2006-09-22;704.0
2006-09-22;702.0
2006-09-23;695.0
2006-09-23;698.0
2006-09-23;692.0
2006-09-23;688.0
2006-09-24;680.0
2006-09-24;690.0
2006-09-24;694.0
2006-09-24;692.0
2006-09-25;670.0
2006-09-25;682.0
2006-09-25;685.0
2006-09-25;684.0
2006-09-26;660.0
2006-09-26;691.0
2006-09-26;689.0
2006-09-26;686.0
2006-09-27;651.0
2006-09-27;694.0
2006-09-27;695.0
2006-09-27;695.0
2006-09-28;693.0
2006-09-28;691.0
2006-09-28;692.0
2006-09-28;647.0
2006-09-29;681.0
2006-09-29;684.0
2006-09-29;677.0
2006-09-29;648.0
2006-09-30;647.0
2006-09-30;667.0
2006-09-30;672.0
2006-09-30;670.0
2006-10-01;666.0
2006-10-01;642.0
2006-10-01;666.0
2006-10-01;665.0
2006-10-02;638.0
2006-10-02;675.0
2006-10-02;677.0
2006-10-02;679.0
2006-10-03;640.0
2006-10-03;680.0
2006-10-03;681.0
2006-10-03;682.0
2006-10-04;649.0
2006-10-04;673.0
2006-10-04;675.0
2006-10-04;670.0
2006-10-05;661.0
2006-10-05;663.0
2006-10-05;658.0
2006-10-05;656.0
2006-10-06;652.0
2006-10-06;651.0
2006-10-06;654.0
2006-10-06;653.0
2006-10-07;642.0
2006-10-07;650.0
2006-10-07;651.0
2006-10-07;651.0
2006-10-08;665.0
2006-10-08;631.0
2006-10-08;653.0
2006-10-08;659.0
2006-10-09;672.0
2006-10-09;674.0
2006-10-09;676.0
2006-10-09;630.0
2006-10-10;634.0
2006-10-10;683.0
2006-10-10;682.0
2006-10-10;680.0
2006-10-11;681.0
2006-10-11;639.0
2006-10-11;681.0
2006-10-11;681.0
2006-10-12;687.0
2006-10-12;684.0
2006-10-12;690.0
2006-10-12;642.0
2006-10-13;708.0
2006-10-13;702.0
2006-10-13;647.0
2006-10-13;714.0
2006-10-14;734.0
2006-10-14;723.0
2006-10-14;729.0
2006-10-14;657.0
2006-10-15;748.0
2006-10-15;745.0
2006-10-15;672.0
2006-10-15;747.0
2006-10-16;752.0
2006-10-16;753.0
2006-10-16;686.0
2006-10-16;754.0
2006-10-17;696.0
2006-10-17;756.0
2006-10-17;759.0
2006-10-17;758.0
2006-10-18;768.0
2006-10-18;767.0
2006-10-18;710.0
2006-10-18;768.0
2006-10-19;765.0
2006-10-19;765.0
2006-10-19;712.0
2006-10-19;764.0
2006-10-20;757.0
2006-10-20;711.0
2006-10-20;756.0
2006-10-20;758.0
2006-10-21;752.0
2006-10-21;753.0
2006-10-21;754.0
2006-10-21;706.0
2006-10-22;702.0
2006-10-22;750.0
2006-10-22;751.0
2006-10-22;751.0
2006-10-23;692.0
2006-10-23;752.0
2006-10-23;751.0
2006-10-23;752.0
2006-10-24;688.0
2006-10-24;752.0
2006-10-24;752.0
2006-10-24;752.0
2006-10-25;689.0
2006-10-25;751.0
2006-10-25;750.0
2006-10-25;749.0
2006-10-26;746.0
2006-10-26;747.0
2006-10-26;696.0
2006-10-26;747.0
2006-10-27;745.0
2006-10-27;745.0
2006-10-27;744.0
2006-10-27;691.0
2006-10-28;690.0
2006-10-28;743.0
2006-10-28;744.0
2006-10-28;744.0
2006-10-29;736.0
2006-10-29;741.0
2006-10-29;730.0
2006-10-29;689.0
2006-10-30;721.0
2006-10-30;725.0
2006-10-30;687.0
2006-10-30;728.0
2006-10-31;715.0
2006-10-31;712.0
2006-10-31;681.0
2006-10-31;714.0
2006-11-01;704.0
2006-11-01;701.0
2006-11-01;673.0
2006-11-01;706.0
2006-11-02;663.0
2006-11-02;695.0
2006-11-02;690.0
2006-11-02;693.0
2006-11-03;686.0
2006-11-03;685.0
2006-11-03;687.0
2006-11-03;651.0
2006-11-04;685.0
2006-11-04;684.0
2006-11-04;642.0
2006-11-04;686.0
2006-11-05;643.0
2006-11-05;680.0
2006-11-05;674.0
2006-11-05;677.0
2006-11-06;672.0
2006-11-06;667.0
2006-11-06;670.0
2006-11-06;652.0
2006-11-07;664.0
2006-11-07;657.0
2006-11-07;664.0
2006-11-07;663.0
2006-11-08;665.0
2006-11-08;665.0
2006-11-08;664.0
2006-11-08;659.0
2006-11-09;679.0
2006-11-09;691.0
2006-11-09;702.0
2006-11-09;662.0
2006-11-10;734.0
2006-11-10;754.0
2006-11-10;744.0
2006-11-10;671.0
2006-11-11;768.0
2006-11-11;688.0
2006-11-11;770.0
2006-11-11;766.0
2006-11-12;717.0
2006-11-12;768.0
2006-11-12;764.0
2006-11-12;766.0
2006-11-13;761.0
2006-11-13;759.0
2006-11-13;733.0
2006-11-13;757.0
2006-11-14;753.0
2006-11-14;754.0
2006-11-14;754.0
2006-11-14;736.0
2006-11-15;735.0
2006-11-15;752.0
2006-11-15;752.0
2006-11-15;751.0
2006-11-16;758.0
2006-11-16;758.0
2006-11-16;733.0
2006-11-16;757.0
2006-11-17;755.0
2006-11-17;757.0
2006-11-17;756.0
2006-11-17;739.0
2006-11-18;753.0
2006-11-18;754.0
2006-11-18;754.0
2006-11-18;742.0
2006-11-19;737.0
2006-11-19;751.0
2006-11-19;750.0
2006-11-19;748.0
2006-11-20;746.0
2006-11-20;744.0
2006-11-20;747.0
2006-11-20;725.0
2006-11-21;742.0
2006-11-21;742.0
2006-11-21;742.0
2006-11-21;714.0
2006-11-22;712.0
2006-11-22;744.0
2006-11-22;745.0
2006-11-22;745.0
2006-11-23;745.0
2006-11-23;746.0
2006-11-23;710.0
2006-11-23;746.0
2006-11-24;750.0
2006-11-24;704.0
2006-11-24;748.0
2006-11-24;749.0
2006-11-25;752.0
2006-11-25;756.0
2006-11-25;754.0
2006-11-25;694.0
2006-11-26;775.0
2006-11-26;784.0
2006-11-26;766.0
2006-11-26;691.0
2006-11-27;814.0
2006-11-27;820.0
2006-11-27;807.0
2006-11-27;696.0
2006-11-28;710.0
2006-11-28;836.0
2006-11-28;834.0
2006-11-28;835.0
2006-11-29;833.0
2006-11-29;829.0
2006-11-29;831.0
2006-11-29;734.0
2006-11-30;748.0
2006-11-30;822.0
2006-11-30;817.0
2006-11-30;812.0
2006-12-01;753.0
2006-12-01;804.0
2006-12-01;809.0
2006-12-01;807.0
2006-12-02;796.0
2006-12-02;756.0
2006-12-02;793.0
2006-12-02;799.0
2006-12-03;763.0
2006-12-03;784.0
2006-12-03;787.0
2006-12-03;786.0
2006-12-04;777.0
2006-12-04;775.0
2006-12-04;778.0
2006-12-04;764.0
2006-12-05;760.0
2006-12-05;770.0
2006-12-05;766.0
2006-12-05;768.0
2006-12-06;752.0
2006-12-06;758.0
2006-12-06;761.0
2006-12-06;760.0
2006-12-07;749.0
2006-12-07;748.0
2006-12-07;747.0
2006-12-07;750.0
2006-12-08;737.0
2006-12-08;740.0
2006-12-08;742.0
2006-12-08;742.0
2006-12-09;730.0
2006-12-09;731.0
2006-12-09;731.0
2006-12-09;735.0
2006-12-10;726.0
2006-12-10;727.0
2006-12-10;728.0
2006-12-10;725.0
2006-12-11;720.0
2006-12-11;718.0
2006-12-11;720.0
2006-12-11;722.0
2006-12-12;712.0
2006-12-12;713.0
2006-12-12;714.0
2006-12-12;711.0
2006-12-13;707.0
2006-12-13;706.0
2006-12-13;708.0
2006-12-13;705.0
2006-12-14;698.0
2006-12-14;701.0
2006-12-14;704.0
2006-12-14;701.0
2006-12-15;712.0
2006-12-15;712.0
2006-12-15;714.0
2006-12-15;710.0
2006-12-16;718.0
2006-12-16;717.0
2006-12-16;716.0
2006-12-16;717.0
2006-12-17;721.0
2006-12-17;724.0
2006-12-17;721.0
2006-12-17;718.0
2006-12-18;721.0
2006-12-18;722.0
2006-12-18;720.0
2006-12-18;721.0
2006-12-19;718.0
2006-12-19;719.0
2006-12-19;718.0
2006-12-19;719.0
2006-12-20;712.0
2006-12-20;712.0
2006-12-20;715.0
2006-12-20;709.0
2006-12-21;703.0
2006-12-21;703.0
2006-12-21;701.0
2006-12-21;705.0
2006-12-22;700.0
2006-12-22;700.0
2006-12-22;698.0
2006-12-22;701.0
2006-12-23;689.0
2006-12-23;691.0
2006-12-23;686.0
2006-12-23;688.0
2006-12-24;685.0
2006-12-24;684.0
2006-12-24;684.0
2006-12-24;682.0
2006-12-25;688.0
2006-12-25;689.0
2006-12-25;689.0
2006-12-25;688.0
2006-12-26;697.0
2006-12-26;702.0
2006-12-26;692.0
2006-12-26;697.0
2006-12-27;710.0
2006-12-27;711.0
2006-12-27;709.0
2006-12-27;710.0
2006-12-28;720.0
2006-12-28;718.0
2006-12-28;716.0
2006-12-28;718.0
2006-12-29;730.0
2006-12-29;727.0
2006-12-29;727.0
2006-12-29;724.0
2006-12-30;746.0
2006-12-30;736.0
2006-12-30;746.0
2006-12-30;755.0
2006-12-31;753.0
2006-12-31;750.0
2006-12-31;747.0
2006-12-31;750.0
2007-01-01;730.0
2007-01-01;730.0
2007-01-01;725.0
2007-01-01;735.0
2007-01-02;699.0
2007-01-02;705.0
2007-01-02;710.0
2007-01-02;704.0
2007-01-03;682.0
2007-01-03;678.0
2007-01-03;682.0
2007-01-03;686.0
2007-01-04;679.0
2007-01-04;677.0
2007-01-04;678.0
2007-01-04;678.0
2007-01-05;691.0
2007-01-05;691.0
2007-01-05;688.0
2007-01-05;694.0
2007-01-06;699.0
2007-01-06;698.0
2007-01-06;700.0
2007-01-06;699.0
2007-01-07;704.0
2007-01-07;704.0
2007-01-07;702.0
2007-01-07;705.0
2007-01-08;711.0
2007-01-08;710.0
2007-01-08;709.0
2007-01-08;710.0
2007-01-09;714.0
2007-01-09;714.0
2007-01-09;714.0
2007-01-09;714.0
2007-01-10;706.0
2007-01-10;710.0
2007-01-10;702.0
2007-01-10;706.0
2007-01-11;689.0
2007-01-11;693.0
2007-01-11;685.0
2007-01-11;689.0
2007-01-12;667.0
2007-01-12;671.0
2007-01-12;663.0
2007-01-12;667.0
2007-01-13;650.0
2007-01-13;651.0
2007-01-13;650.0
2007-01-13;649.0
2007-01-14;643.0
2007-01-14;644.0
2007-01-14;644.0
2007-01-14;644.0
2007-01-15;644.0
2007-01-15;644.0
2007-01-15;643.0
2007-01-15;645.0
2007-01-16;658.0
2007-01-16;658.0
2007-01-16;667.0
2007-01-16;649.0
2007-01-17;711.0
2007-01-17;697.0
2007-01-17;704.0
2007-01-17;704.0
2007-01-18;722.0
2007-01-18;723.0
2007-01-18;720.0
2007-01-18;722.0
2007-01-19;725.0
2007-01-19;724.0
2007-01-19;726.0
2007-01-19;725.0
2007-01-20;721.0
2007-01-20;718.0
2007-01-20;720.0
2007-01-20;723.0
2007-01-21;708.0
2007-01-21;706.0
2007-01-21;710.0
2007-01-21;708.0
2007-01-22;703.0
2007-01-22;705.0
2007-01-22;704.0
2007-01-22;704.0
2007-01-23;720.0
2007-01-23;724.0
2007-01-23;716.0
2007-01-23;720.0
2007-01-24;726.0
2007-01-24;726.0
2007-01-24;726.0
2007-01-24;726.0
2007-01-25;722.0
2007-01-25;722.0
2007-01-25;722.0
2007-01-25;722.0
2007-01-26;721.0
2007-01-26;720.0
2007-01-26;720.0
2007-01-26;721.0
2007-01-27;718.0
2007-01-27;719.0
2007-01-27;719.0
2007-01-27;718.0
2007-01-28;703.0
2007-01-28;711.0
2007-01-28;707.0
2007-01-28;707.0
2007-01-29;694.0
2007-01-29;698.0
2007-01-29;690.0
2007-01-29;694.0
2007-01-30;668.0
2007-01-30;673.0
2007-01-30;673.0
2007-01-30;678.0
2007-01-31;652.0
2007-01-31;653.0
2007-01-31;657.0
2007-01-31;648.0
2007-02-01;636.0
2007-02-01;633.0
2007-02-01;638.0
2007-02-01;636.0
2007-02-02;630.0
2007-02-02;630.0
2007-02-02;629.0
2007-02-02;630.0
2007-02-03;622.0
2007-02-03;620.0
2007-02-03;624.0
2007-02-03;622.0
2007-02-04;608.0
2007-02-04;611.0
2007-02-04;604.0
2007-02-04;608.0
2007-02-05;590.0
2007-02-05;590.0
2007-02-05;585.0
2007-02-05;594.0
2007-02-06;574.0
2007-02-06;570.0
2007-02-06;570.0
2007-02-06;565.0
2007-02-07;540.0
2007-02-07;534.0
2007-02-07;541.0
2007-02-07;547.0
2007-02-08;533.0
2007-02-08;533.0
2007-02-08;530.0
2007-02-08;536.0
2007-02-09;516.0
2007-02-09;518.0
2007-02-09;516.0
2007-02-09;514.0
2007-02-10;506.0
2007-02-10;508.0
2007-02-10;504.0
2007-02-10;506.0
2007-02-11;496.0
2007-02-11;496.0
2007-02-11;497.0
2007-02-11;494.0
2007-02-12;489.0
2007-02-12;488.0
2007-02-12;488.0
2007-02-12;489.0
2007-02-13;483.0
2007-02-13;481.0
2007-02-13;482.0
2007-02-13;482.0
2007-02-14;474.0
2007-02-14;474.0
2007-02-14;476.0
2007-02-14;471.0
2007-02-15;466.0
2007-02-15;469.0
2007-02-15;463.0
2007-02-15;466.0
2007-02-16;461.0
2007-02-16;458.0
2007-02-16;463.0
2007-02-16;461.0
2007-02-17;450.0
2007-02-17;452.0
2007-02-17;454.0
2007-02-17;452.0
2007-02-18;446.0
2007-02-18;446.0
2007-02-18;444.0
2007-02-18;448.0
2007-02-19;442.0
2007-02-19;439.0
2007-02-19;440.0
2007-02-19;441.0
2007-02-20;433.0
2007-02-20;435.0
2007-02-20;432.0
2007-02-20;430.0
2007-02-21;425.0
2007-02-21;428.0
2007-02-21;427.0
2007-02-21;426.0
2007-02-22;420.0
2007-02-22;418.0
2007-02-22;419.0
2007-02-22;419.0
2007-02-23;415.0
2007-02-23;415.0
2007-02-23;415.0
2007-02-23;415.0
2007-02-24;409.0
2007-02-24;409.0
2007-02-24;408.0
2007-02-24;410.0
2007-02-25;405.0
2007-02-25;406.0
2007-02-25;404.0
2007-02-25;405.0
2007-02-26;402.0
2007-02-26;403.0
2007-02-26;403.0
2007-02-26;403.0
2007-02-27;400.0
2007-02-27;400.0
2007-02-27;401.0
2007-02-27;401.0
2007-02-28;400.0
2007-02-28;400.0
2007-02-28;400.0
2007-02-28;400.0
2007-03-01;394.0
2007-03-01;394.0
2007-03-01;399.0
2007-03-01;388.0
2007-03-02;404.0
2007-03-02;404.0
2007-03-02;404.0
2007-03-02;404.0
2007-03-03;408.0
2007-03-03;410.0
2007-03-03;411.0
2007-03-03;410.0
2007-03-04;414.0
2007-03-04;415.0
2007-03-04;414.0
2007-03-04;413.0
2007-03-05;417.0
2007-03-05;421.0
2007-03-05;419.0
2007-03-05;419.0
2007-03-06;430.0
2007-03-06;427.0
2007-03-06;432.0
2007-03-06;430.0
2007-03-07;439.0
2007-03-07;437.0
2007-03-07;441.0
2007-03-07;439.0
2007-03-08;454.0
2007-03-08;449.0
2007-03-08;452.0
2007-03-08;452.0
2007-03-09;487.0
2007-03-09;479.0
2007-03-09;470.0
2007-03-09;479.0
2007-03-10;507.0
2007-03-10;514.0
2007-03-10;499.0
2007-03-10;507.0
2007-03-11;548.0
2007-03-11;541.0
2007-03-11;541.0
2007-03-11;534.0
2007-03-12;571.0
2007-03-12;568.0
2007-03-12;564.0
2007-03-12;568.0
2007-03-13;571.0
2007-03-13;572.0
2007-03-13;569.0
2007-03-13;571.0
2007-03-14;559.0
2007-03-14;562.0
2007-03-14;562.0
2007-03-14;564.0
2007-03-15;550.0
2007-03-15;547.0
2007-03-15;552.0
2007-03-15;550.0
2007-03-16;544.0
2007-03-16;544.0
2007-03-16;544.0
2007-03-16;544.0
2007-03-17;545.0
2007-03-17;546.0
2007-03-17;546.0
2007-03-17;546.0
2007-03-18;548.0
2007-03-18;548.0
2007-03-18;548.0
2007-03-18;548.0
2007-03-19;546.0
2007-03-19;547.0
2007-03-19;545.0
2007-03-19;546.0
2007-03-20;544.0
2007-03-20;542.0
2007-03-20;544.0
2007-03-20;546.0
2007-03-21;564.0
2007-03-21;567.0
2007-03-21;564.0
2007-03-21;560.0
2007-03-22;577.0
2007-03-22;576.0
2007-03-22;578.0
2007-03-22;577.0
2007-03-23;593.0
2007-03-23;587.0
2007-03-23;599.0
2007-03-23;593.0
2007-03-24;618.0
2007-03-24;614.0
2007-03-24;616.0
2007-03-24;616.0
2007-03-25;650.0
2007-03-25;656.0
2007-03-25;644.0
2007-03-25;650.0
2007-03-26;658.0
2007-03-26;657.0
2007-03-26;656.0
2007-03-26;657.0
2007-03-27;664.0
2007-03-27;668.0
2007-03-27;664.0
2007-03-27;660.0
2007-03-28;701.0
2007-03-28;680.0
2007-03-28;691.0
2007-03-28;691.0
2007-03-29;735.0
2007-03-29;745.0
2007-03-29;725.0
2007-03-29;735.0
2007-03-30;760.0
2007-03-30;763.0
2007-03-30;757.0
2007-03-30;760.0
2007-03-31;769.0
2007-03-31;774.0
2007-03-31;769.0
2007-03-31;763.0
2007-04-01;751.0
2007-04-01;756.0
2007-04-01;746.0
2007-04-01;751.0
2007-04-02;744.0
2007-04-02;746.0
2007-04-02;742.0
2007-04-02;744.0
2007-04-03;739.0
2007-04-03;736.0
2007-04-03;739.0
2007-04-03;742.0
2007-04-04;720.0
2007-04-04;722.0
2007-04-04;724.0
2007-04-04;722.0
2007-04-05;723.0
2007-04-05;722.0
2007-04-05;720.0
2007-04-05;722.0
2007-04-06;726.0
2007-04-06;730.0
2007-04-06;728.0
2007-04-06;728.0
2007-04-07;735.0
2007-04-07;737.0
2007-04-07;737.0
2007-04-07;739.0
2007-04-08;744.0
2007-04-08;743.0
2007-04-08;744.0
2007-04-08;744.0
2007-04-09;742.0
2007-04-09;743.0
2007-04-09;743.0
2007-04-09;742.0
2007-04-10;772.0
2007-04-10;782.0
2007-04-10;762.0
2007-04-10;772.0
2007-04-11;809.0
2007-04-11;804.0
2007-04-11;805.0
2007-04-11;800.0
2007-04-12;811.0
2007-04-12;810.0
2007-04-12;812.0
2007-04-12;811.0
2007-04-13;799.0
2007-04-13;799.0
2007-04-13;801.0
2007-04-13;797.0
2007-04-14;780.0
2007-04-14;783.0
2007-04-14;783.0
2007-04-14;786.0
2007-04-15;773.0
2007-04-15;776.0
2007-04-15;778.0
2007-04-15;776.0
2007-04-16;783.0
2007-04-16;784.0
2007-04-16;785.0
2007-04-16;784.0
2007-04-17;783.0
2007-04-17;782.0
2007-04-17;781.0
2007-04-17;784.0
2007-04-18;771.0
2007-04-18;773.0
2007-04-18;773.0
2007-04-18;775.0
2007-04-19;771.0
2007-04-19;767.0
2007-04-19;775.0
2007-04-19;771.0
2007-04-20;788.0
2007-04-20;788.0
2007-04-20;792.0
2007-04-20;784.0
2007-04-21;794.0
2007-04-21;794.0
2007-04-21;794.0
2007-04-21;794.0
2007-04-22;789.0
2007-04-22;789.0
2007-04-22;787.0
2007-04-22;791.0
2007-04-23;774.0
2007-04-23;769.0
2007-04-23;774.0
2007-04-23;778.0
2007-04-24;756.0
2007-04-24;759.0
2007-04-24;754.0
2007-04-24;757.0
2007-04-25;741.0
2007-04-25;744.0
2007-04-25;741.0
2007-04-25;738.0
2007-04-26;735.0
2007-04-26;734.0
2007-04-26;736.0
2007-04-26;735.0
2007-04-27;734.0
2007-04-27;734.0
2007-04-27;735.0
2007-04-27;735.0
2007-04-28;736.0
2007-04-28;742.0
2007-04-28;739.0
2007-04-28;739.0
2007-04-29;768.0
2007-04-29;765.0
2007-04-29;772.0
2007-04-29;769.0
2007-04-30;797.0
2007-04-30;796.0
2007-04-30;791.0
2007-04-30;802.0
2007-05-01;838.0
2007-05-01;838.0
2007-05-01;824.0
2007-05-01;852.0
2007-05-02;860.0
2007-05-02;873.0
2007-05-02;866.0
2007-05-02;867.0
2007-05-03;888.0
2007-05-03;888.0
2007-05-03;883.0
2007-05-03;892.0
2007-05-04;902.0
2007-05-04;900.0
2007-05-04;905.0
2007-05-04;903.0
2007-05-05;914.0
2007-05-05;914.0
2007-05-05;911.0
2007-05-05;916.0
2007-05-06;916.0
2007-05-06;916.0
2007-05-06;916.0
2007-05-06;916.0
2007-05-07;908.0
2007-05-07;902.0
2007-05-07;908.0
2007-05-07;914.0
2007-05-08;894.0
2007-05-08;890.0
2007-05-08;891.0
2007-05-08;887.0
2007-05-09;868.0
2007-05-09;875.0
2007-05-09;862.0
2007-05-09;869.0
2007-05-10;862.0
2007-05-10;859.0
2007-05-10;866.0
2007-05-10;863.0
2007-05-11;873.0
2007-05-11;872.0
2007-05-11;870.0
2007-05-11;875.0
2007-05-12;882.0
2007-05-12;882.0
2007-05-12;882.0
2007-05-12;881.0
2007-05-13;887.0
2007-05-13;887.0
2007-05-13;887.0
2007-05-13;887.0
2007-05-14;887.0
2007-05-14;887.0
2007-05-14;886.0
2007-05-14;886.0
2007-05-15;882.0
2007-05-15;882.0
2007-05-15;884.0
2007-05-15;880.0
2007-05-16;879.0
2007-05-16;878.0
2007-05-16;880.0
2007-05-16;879.0
2007-05-17;872.0
2007-05-17;875.0
2007-05-17;874.0
2007-05-17;874.0
2007-05-18;869.0
2007-05-18;869.0
2007-05-18;870.0
2007-05-18;868.0
2007-05-19;865.0
2007-05-19;865.0
2007-05-19;866.0
2007-05-19;866.0
2007-05-20;865.0
2007-05-20;867.0
2007-05-20;864.0
2007-05-20;866.0
2007-05-21;878.0
2007-05-21;882.0
2007-05-21;875.0
2007-05-21;879.0
2007-05-22;890.0
2007-05-22;890.0
2007-05-22;891.0
2007-05-22;889.0
2007-05-23;893.0
2007-05-23;893.0
2007-05-23;893.0
2007-05-23;892.0
2007-05-24;902.0
2007-05-24;914.0
2007-05-24;908.0
2007-05-24;908.0
2007-05-25;936.0
2007-05-25;943.0
2007-05-25;950.0
2007-05-25;943.0
2007-05-26;960.0
2007-05-26;960.0
2007-05-26;960.0
2007-05-26;959.0
2007-05-27;950.0
2007-05-27;945.0
2007-05-27;945.0
2007-05-27;940.0
2007-05-28;932.0
2007-05-28;929.0
2007-05-28;934.0
2007-05-28;932.0
2007-05-29;922.0
2007-05-29;921.0
2007-05-29;924.0
2007-05-29;923.0
2007-05-30;921.0
2007-05-30;921.0
2007-05-30;921.0
2007-05-30;921.0
2007-05-31;916.0
2007-05-31;919.0
2007-05-31;918.0
2007-05-31;918.0
2007-06-01;914.0
2007-06-01;915.0
2007-06-01;914.0
2007-06-01;915.0
2007-06-02;909.0
2007-06-02;908.0
2007-06-02;909.0
2007-06-02;909.0
2007-06-03;914.0
2007-06-03;913.0
2007-06-03;913.0
2007-06-03;912.0
2007-06-04;922.0
2007-06-04;924.0
2007-06-04;920.0
2007-06-04;922.0
2007-06-05;926.0
2007-06-05;926.0
2007-06-05;924.0
2007-06-05;927.0
2007-06-06;923.0
2007-06-06;923.0
2007-06-06;923.0
2007-06-06;923.0
2007-06-07;924.0
2007-06-07;924.0
2007-06-07;925.0
2007-06-07;925.0
2007-06-08;918.0
2007-06-08;915.0
2007-06-08;920.0
2007-06-08;918.0
2007-06-09;914.0
2007-06-09;914.0
2007-06-09;913.0
2007-06-09;914.0
2007-06-10;913.0
2007-06-10;914.0
2007-06-10;914.0
2007-06-10;915.0
2007-06-11;917.0
2007-06-11;918.0
2007-06-11;918.0
2007-06-11;918.0
2007-06-12;919.0
2007-06-12;919.0
2007-06-12;918.0
2007-06-12;918.0
2007-06-13;915.0
2007-06-13;914.0
2007-06-13;917.0
2007-06-13;916.0
2007-06-14;910.0
2007-06-14;910.0
2007-06-14;909.0
2007-06-14;910.0
2007-06-15;913.0
2007-06-15;914.0
2007-06-15;912.0
2007-06-15;911.0
2007-06-16;927.0
2007-06-16;930.0
2007-06-16;924.0
2007-06-16;927.0
2007-06-17;949.0
2007-06-17;944.0
2007-06-17;953.0
2007-06-17;948.0
2007-06-18;970.0
2007-06-18;970.0
2007-06-18;980.0
2007-06-18;959.0
2007-06-19;1000.0
2007-06-19;996.0
2007-06-19;998.0
2007-06-19;998.0
2007-06-20;996.0
2007-06-20;994.0
2007-06-20;998.0
2007-06-20;996.0
2007-06-21;978.0
2007-06-21;975.0
2007-06-21;980.0
2007-06-21;978.0
2007-06-22;968.0
2007-06-22;969.0
2007-06-22;970.0
2007-06-22;967.0
2007-06-23;990.0
2007-06-23;1000.0
2007-06-23;980.0
2007-06-23;990.0
2007-06-24;1037.0
2007-06-24;1045.0
2007-06-24;1037.0
2007-06-24;1029.0
2007-06-25;1075.0
2007-06-25;1075.0
2007-06-25;1082.0
2007-06-25;1068.0
2007-06-26;1101.0
2007-06-26;1095.0
2007-06-26;1098.0
2007-06-26;1098.0
2007-06-27;1104.0
2007-06-27;1104.0
2007-06-27;1103.0
2007-06-27;1104.0
2007-06-28;1109.0
2007-06-28;1107.0
2007-06-28;1110.0
2007-06-28;1108.0
2007-06-29;1120.0
2007-06-29;1116.0
2007-06-29;1123.0
2007-06-29;1120.0
2007-06-30;1150.0
2007-06-30;1144.0
2007-06-30;1138.0
2007-06-30;1144.0
2007-07-01;1160.0
2007-07-01;1160.0
2007-07-01;1160.0
2007-07-01;1159.0
2007-07-02;1157.0
2007-07-02;1160.0
2007-07-02;1158.0
2007-07-02;1159.0
2007-07-03;1146.0
2007-07-03;1146.0
2007-07-03;1142.0
2007-07-03;1149.0
2007-07-04;1137.0
2007-07-04;1132.0
2007-07-04;1135.0
2007-07-04;1134.0
2007-07-05;1126.0
2007-07-05;1126.0
2007-07-05;1123.0
2007-07-05;1128.0
2007-07-06;1118.0
2007-07-06;1122.0
2007-07-06;1120.0
2007-07-06;1120.0
2007-07-07;1113.0
2007-07-07;1112.0
2007-07-07;1113.0
2007-07-07;1112.0
2007-07-08;1109.0
2007-07-08;1107.0
2007-07-08;1108.0
2007-07-08;1108.0
2007-07-09;1115.0
2007-07-09;1118.0
2007-07-09;1117.0
2007-07-09;1116.0
2007-07-10;1117.0
2007-07-10;1118.0
2007-07-10;1118.0
2007-07-10;1118.0
2007-07-11;1132.0
2007-07-11;1140.0
2007-07-11;1123.0
2007-07-11;1132.0
2007-07-12;1167.0
2007-07-12;1162.0
2007-07-12;1162.0
2007-07-12;1157.0
2007-07-13;1190.0
2007-07-13;1180.0
2007-07-13;1185.0
2007-07-13;1185.0
2007-07-14;1197.0
2007-07-14;1197.0
2007-07-14;1197.0
2007-07-14;1197.0
2007-07-15;1188.0
2007-07-15;1191.0
2007-07-15;1185.0
2007-07-15;1188.0
2007-07-16;1171.0
2007-07-16;1175.0
2007-07-16;1167.0
2007-07-16;1171.0
2007-07-17;1161.0
2007-07-17;1156.0
2007-07-17;1159.0
2007-07-17;1158.0
2007-07-18;1147.0
2007-07-18;1147.0
2007-07-18;1150.0
2007-07-18;1144.0
2007-07-19;1132.0
2007-07-19;1132.0
2007-07-19;1128.0
2007-07-19;1136.0
2007-07-20;1110.0
2007-07-20;1103.0
2007-07-20;1110.0
2007-07-20;1116.0
2007-07-21;1081.0
2007-07-21;1074.0
2007-07-21;1087.0
2007-07-21;1080.0
2007-07-22;1047.0
2007-07-22;1039.0
2007-07-22;1054.0
2007-07-22;1046.0
2007-07-23;1014.0
2007-07-23;1014.0
2007-07-23;1018.0
2007-07-23;1010.0
2007-07-24;981.0
2007-07-24;989.0
2007-07-24;988.0
2007-07-24;996.0
2007-07-25;964.0
2007-07-25;968.0
2007-07-25;961.0
2007-07-25;965.0
2007-07-26;960.0
2007-07-26;960.0
2007-07-26;959.0
2007-07-26;960.0
2007-07-27;953.0
2007-07-27;950.0
2007-07-27;956.0
2007-07-27;953.0
2007-07-28;949.0
2007-07-28;944.0
2007-07-28;946.0
2007-07-28;947.0
2007-07-29;924.0
2007-07-29;933.0
2007-07-29;928.0
2007-07-29;929.0
2007-07-30;914.0
2007-07-30;906.0
2007-07-30;898.0
2007-07-30;906.0
2007-07-31;880.0
2007-07-31;880.0
2007-07-31;874.0
2007-07-31;886.0
2007-08-01;854.0
2007-08-01;855.0
2007-08-01;849.0
2007-08-01;860.0
2007-08-02;828.0
2007-08-02;833.0
2007-08-02;823.0
2007-08-02;828.0
2007-08-03;803.0
2007-08-03;807.0
2007-08-03;807.0
2007-08-03;811.0
2007-08-04;798.0
2007-08-04;791.0
2007-08-04;795.0
2007-08-04;794.0
2007-08-05;787.0
2007-08-05;787.0
2007-08-05;787.0
2007-08-05;787.0
2007-08-06;786.0
2007-08-06;786.0
2007-08-06;786.0
2007-08-06;786.0
2007-08-07;788.0
2007-08-07;787.0
2007-08-07;789.0
2007-08-07;788.0
2007-08-08;804.0
2007-08-08;809.0
2007-08-08;798.0
2007-08-08;804.0
2007-08-09;828.0
2007-08-09;825.0
2007-08-09;830.0
2007-08-09;828.0
2007-08-10;836.0
2007-08-10;841.0
2007-08-10;842.0
2007-08-10;847.0
2007-08-11;852.0
2007-08-11;853.0
2007-08-11;852.0
2007-08-11;850.0
2007-08-12;854.0
2007-08-12;854.0
2007-08-12;854.0
2007-08-12;854.0
2007-08-13;858.0
2007-08-13;857.0
2007-08-13;859.0
2007-08-13;858.0
2007-08-14;859.0
2007-08-14;859.0
2007-08-14;859.0
2007-08-14;859.0
2007-08-15;858.0
2007-08-15;858.0
2007-08-15;858.0
2007-08-15;858.0
2007-08-16;854.0
2007-08-16;854.0
2007-08-16;853.0
2007-08-16;854.0
2007-08-17;852.0
2007-08-17;852.0
2007-08-17;854.0
2007-08-17;850.0
2007-08-18;847.0
2007-08-18;846.0
2007-08-18;846.0
2007-08-18;844.0
2007-08-19;842.0
2007-08-19;842.0
2007-08-19;842.0
2007-08-19;842.0
2007-08-20;841.0
2007-08-20;840.0
2007-08-20;841.0
2007-08-20;840.0
2007-08-21;842.0
2007-08-21;841.0
2007-08-21;841.0
2007-08-21;842.0
2007-08-22;841.0
2007-08-22;841.0
2007-08-22;841.0
2007-08-22;841.0
2007-08-23;841.0
2007-08-23;844.0
2007-08-23;844.0
2007-08-23;846.0
2007-08-24;856.0
2007-08-24;853.0
2007-08-24;855.0
2007-08-24;854.0
2007-08-25;856.0
2007-08-25;856.0
2007-08-25;857.0
2007-08-25;855.0
2007-08-26;850.0
2007-08-26;848.0
2007-08-26;850.0
2007-08-26;852.0
2007-08-27;835.0
2007-08-27;835.0
2007-08-27;840.0
2007-08-27;830.0
2007-08-28;821.0
2007-08-28;818.0
2007-08-28;821.0
2007-08-28;824.0
2007-08-29;815.0
2007-08-29;812.0
2007-08-29;814.0
2007-08-29;814.0
2007-08-30;808.0
2007-08-30;806.0
2007-08-30;807.0
2007-08-30;807.0
2007-08-31;805.0
2007-08-31;804.0
2007-08-31;806.0
2007-08-31;805.0
2007-09-01;801.0
2007-09-01;800.0
2007-09-01;801.0
2007-09-01;802.0
2007-09-02;800.0
2007-09-02;800.0
2007-09-02;800.0
2007-09-02;800.0
2007-09-03;795.0
2007-09-03;800.0
2007-09-03;789.0
2007-09-03;794.0
2007-09-04;793.0
2007-09-04;790.0
2007-09-04;793.0
2007-09-04;796.0
2007-09-05;785.0
2007-09-05;782.0
2007-09-05;788.0
2007-09-05;785.0
2007-09-06;784.0
2007-09-06;784.0
2007-09-06;784.0
2007-09-06;784.0
2007-09-07;787.0
2007-09-07;789.0
2007-09-07;788.0
2007-09-07;788.0
2007-09-08;790.0
2007-09-08;790.0
2007-09-08;789.0
2007-09-08;790.0
2007-09-09;789.0
2007-09-09;788.0
2007-09-09;788.0
2007-09-09;787.0
2007-09-10;786.0
2007-09-10;787.0
2007-09-10;786.0
2007-09-10;785.0
2007-09-11;792.0
2007-09-11;794.0
2007-09-11;793.0
2007-09-11;793.0
2007-09-12;790.0
2007-09-12;792.0
2007-09-12;791.0
2007-09-12;791.0
2007-09-13;783.0
2007-09-13;780.0
2007-09-13;785.0
2007-09-13;782.0
2007-09-14;793.0
2007-09-14;800.0
2007-09-14;786.0
2007-09-14;793.0
2007-09-15;822.0
2007-09-15;810.0
2007-09-15;816.0
2007-09-15;816.0
2007-09-16;821.0
2007-09-16;823.0
2007-09-16;819.0
2007-09-16;821.0
2007-09-17;808.0
2007-09-17;806.0
2007-09-17;803.0
2007-09-17;806.0
2007-09-18;781.0
2007-09-18;774.0
2007-09-18;788.0
2007-09-18;781.0
2007-09-19;756.0
2007-09-19;750.0
2007-09-19;753.0
2007-09-19;753.0
2007-09-20;740.0
2007-09-20;737.0
2007-09-20;737.0
2007-09-20;734.0
2007-09-21;726.0
2007-09-21;728.0
2007-09-21;726.0
2007-09-21;723.0
2007-09-22;714.0
2007-09-22;715.0
2007-09-22;715.0
2007-09-22;716.0
2007-09-23;718.0
2007-09-23;716.0
2007-09-23;718.0
2007-09-23;720.0
2007-09-24;727.0
2007-09-24;723.0
2007-09-24;726.0
2007-09-24;730.0
2007-09-25;737.0
2007-09-25;737.0
2007-09-25;736.0
2007-09-25;738.0
2007-09-26;740.0
2007-09-26;739.0
2007-09-26;740.0
2007-09-26;740.0
2007-09-27;742.0
2007-09-27;740.0
2007-09-27;741.0
2007-09-27;741.0
2007-09-28;743.0
2007-09-28;743.0
2007-09-28;743.0
2007-09-28;743.0
2007-09-29;739.0
2007-09-29;743.0
2007-09-29;741.0
2007-09-29;741.0
2007-09-30;736.0
2007-09-30;735.0
2007-09-30;734.0
2007-09-30;735.0
2007-10-01;739.0
2007-10-01;739.0
2007-10-01;738.0
2007-10-01;738.0
2007-10-02;746.0
2007-10-02;746.0
2007-10-02;743.0
2007-10-02;748.0
2007-10-03;758.0
2007-10-03;757.0
2007-10-03;756.0
2007-10-03;757.0
2007-10-04;761.0
2007-10-04;761.0
2007-10-04;762.0
2007-10-04;760.0
2007-10-05;761.0
2007-10-05;761.0
2007-10-05;760.0
2007-10-05;760.0
2007-10-06;756.0
2007-10-06;754.0
2007-10-06;758.0
2007-10-06;756.0
2007-10-07;743.0
2007-10-07;743.0
2007-10-07;743.0
2007-10-07;743.0
2007-10-08;744.0
2007-10-08;745.0
2007-10-08;749.0
2007-10-08;740.0
2007-10-09;768.0
2007-10-09;754.0
2007-10-09;761.0
2007-10-09;761.0
2007-10-10;775.0
2007-10-10;776.0
2007-10-10;774.0
2007-10-10;775.0
2007-10-11;789.0
2007-10-11;788.0
2007-10-11;789.0
2007-10-11;788.0
2007-10-12;780.0
2007-10-12;776.0
2007-10-12;784.0
2007-10-12;780.0
2007-10-13;760.0
2007-10-13;756.0
2007-10-13;760.0
2007-10-13;763.0
2007-10-14;757.0
2007-10-14;761.0
2007-10-14;761.0
2007-10-14;765.0
2007-10-15;766.0
2007-10-15;764.0
2007-10-15;769.0
2007-10-15;767.0
2007-10-16;760.0
2007-10-16;760.0
2007-10-16;760.0
2007-10-16;760.0
2007-10-17;756.0
2007-10-17;756.0
2007-10-17;754.0
2007-10-17;758.0
2007-10-18;750.0
2007-10-18;750.0
2007-10-18;750.0
2007-10-18;750.0
2007-10-19;747.0
2007-10-19;748.0
2007-10-19;748.0
2007-10-19;748.0
2007-10-20;749.0
2007-10-20;753.0
2007-10-20;751.0
2007-10-20;751.0
2007-10-21;763.0
2007-10-21;757.0
2007-10-21;768.0
2007-10-21;762.0
2007-10-22;780.0
2007-10-22;783.0
2007-10-22;780.0
2007-10-22;777.0
2007-10-23;788.0
2007-10-23;788.0
2007-10-23;788.0
2007-10-23;788.0
2007-10-24;788.0
2007-10-24;785.0
2007-10-24;790.0
2007-10-24;788.0
2007-10-25;794.0
2007-10-25;798.0
2007-10-25;795.0
2007-10-25;791.0
2007-10-26;800.0
2007-10-26;802.0
2007-10-26;800.0
2007-10-26;798.0
2007-10-27;792.0
2007-10-27;796.0
2007-10-27;794.0
2007-10-27;794.0
2007-10-28;786.0
2007-10-28;783.0
2007-10-28;785.0
2007-10-28;784.0
2007-10-29;770.0
2007-10-29;765.0
2007-10-29;760.0
2007-10-29;765.0
2007-10-30;746.0
2007-10-30;747.0
2007-10-30;748.0
2007-10-30;747.0
2007-10-31;731.0
2007-10-31;735.0
2007-10-31;735.0
2007-10-31;739.0
2007-11-01;717.0
2007-11-01;722.0
2007-11-01;712.0
2007-11-01;717.0
2007-11-02;688.0
2007-11-02;693.0
2007-11-02;698.0
2007-11-02;693.0
2007-11-03;672.0
2007-11-03;677.0
2007-11-03;668.0
2007-11-03;673.0
2007-11-04;657.0
2007-11-04;659.0
2007-11-04;654.0
2007-11-04;656.0
2007-11-05;646.0
2007-11-05;648.0
2007-11-05;644.0
2007-11-05;646.0
2007-11-06;640.0
2007-11-06;639.0
2007-11-06;637.0
2007-11-06;638.0
2007-11-07;638.0
2007-11-07;636.0
2007-11-07;635.0
2007-11-07;637.0
2007-11-08;647.0
2007-11-08;654.0
2007-11-08;640.0
2007-11-08;647.0
2007-11-09;668.0
2007-11-09;672.0
2007-11-09;664.0
2007-11-09;668.0
2007-11-10;677.0
2007-11-10;678.0
2007-11-10;678.0
2007-11-10;678.0
2007-11-11;680.0
2007-11-11;679.0
2007-11-11;680.0
2007-11-11;680.0
2007-11-12;683.0
2007-11-12;681.0
2007-11-12;682.0
2007-11-12;682.0
2007-11-13;689.0
2007-11-13;694.0
2007-11-13;684.0
2007-11-13;689.0
2007-11-14;712.0
2007-11-14;713.0
2007-11-14;712.0
2007-11-14;710.0
2007-11-15;714.0
2007-11-15;716.0
2007-11-15;712.0
2007-11-15;714.0
2007-11-16;702.0
2007-11-16;698.0
2007-11-16;706.0
2007-11-16;702.0
2007-11-17;694.0
2007-11-17;693.0
2007-11-17;695.0
2007-11-17;694.0
2007-11-18;694.0
2007-11-18;693.0
2007-11-18;694.0
2007-11-18;695.0
2007-11-19;702.0
2007-11-19;700.0
2007-11-19;704.0
2007-11-19;702.0
2007-11-20;703.0
2007-11-20;706.0
2007-11-20;706.0
2007-11-20;708.0
2007-11-21;722.0
2007-11-21;717.0
2007-11-21;722.0
2007-11-21;726.0
2007-11-22;735.0
2007-11-22;732.0
2007-11-22;734.0
2007-11-22;734.0
2007-11-23;735.0
2007-11-23;738.0
2007-11-23;736.0
2007-11-23;737.0
2007-11-24;733.0
2007-11-24;730.0
2007-11-24;733.0
2007-11-24;736.0
2007-11-25;730.0
2007-11-25;728.0
2007-11-25;728.0
2007-11-25;726.0
2007-11-26;717.0
2007-11-26;713.0
2007-11-26;721.0
2007-11-26;717.0
2007-11-27;698.0
2007-11-27;689.0
2007-11-27;694.0
2007-11-27;694.0
2007-11-28;677.0
2007-11-28;680.0
2007-11-28;673.0
2007-11-28;676.0
2007-11-29;660.0
2007-11-29;662.0
2007-11-29;663.0
2007-11-29;665.0
2007-11-30;653.0
2007-11-30;651.0
2007-11-30;649.0
2007-11-30;651.0
2007-12-01;642.0
2007-12-01;644.0
2007-12-01;639.0
2007-12-01;642.0
2007-12-02;624.0
2007-12-02;626.0
2007-12-02;628.0
2007-12-02;626.0
2007-12-03;612.0
2007-12-03;609.0
2007-12-03;614.0
2007-12-03;612.0
2007-12-04;593.0
2007-12-04;589.0
2007-12-04;593.0
2007-12-04;597.0
2007-12-05;576.0
2007-12-05;573.0
2007-12-05;577.0
2007-12-05;580.0
2007-12-06;559.0
2007-12-06;565.0
2007-12-06;562.0
2007-12-06;562.0
2007-12-07;547.0
2007-12-07;552.0
2007-12-07;550.0
2007-12-07;550.0
2007-12-08;540.0
2007-12-08;535.0
2007-12-08;538.0
2007-12-08;538.0
2007-12-09;530.0
2007-12-09;528.0
2007-12-09;529.0
2007-12-09;529.0
2007-12-10;523.0
2007-12-10;522.0
2007-12-10;524.0
2007-12-10;523.0
2007-12-11;525.0
2007-12-11;524.0
2007-12-11;525.0
2007-12-11;526.0
2007-12-12;529.0
2007-12-12;528.0
2007-12-12;530.0
2007-12-12;529.0
2007-12-13;548.0
2007-12-13;542.0
2007-12-13;542.0
2007-12-13;535.0
2007-12-14;552.0
2007-12-14;553.0
2007-12-14;552.0
2007-12-14;550.0
2007-12-15;568.0
2007-12-15;562.0
2007-12-15;568.0
2007-12-15;573.0
2007-12-16;590.0
2007-12-16;590.0
2007-12-16;595.0
2007-12-16;584.0
2007-12-17;606.0
2007-12-17;609.0
2007-12-17;604.0
2007-12-17;607.0
2007-12-18;613.0
2007-12-18;619.0
2007-12-18;616.0
2007-12-18;616.0
2007-12-19;632.0
2007-12-19;627.0
2007-12-19;636.0
2007-12-19;632.0
2007-12-20;647.0
2007-12-20;648.0
2007-12-20;646.0
2007-12-20;645.0
2007-12-21;657.0
2007-12-21;650.0
2007-12-21;664.0
2007-12-21;657.0
2007-12-22;666.0
2007-12-22;668.0
2007-12-22;664.0
2007-12-22;666.0
2007-12-23;670.0
2007-12-23;676.0
2007-12-23;673.0
2007-12-23;673.0
2007-12-24;684.0
2007-12-24;684.0
2007-12-24;684.0
2007-12-24;684.0
2007-12-25;686.0
2007-12-25;682.0
2007-12-25;689.0
2007-12-25;686.0
2007-12-26;662.0
2007-12-26;667.0
2007-12-26;667.0
2007-12-26;672.0
2007-12-27;667.0
2007-12-27;661.0
2007-12-27;666.0
2007-12-27;672.0
2007-12-28;680.0
2007-12-28;681.0
2007-12-28;679.0
2007-12-28;680.0
2007-12-29;674.0
2007-12-29;675.0
2007-12-29;672.0
2007-12-29;674.0
2007-12-30;670.0
2007-12-30;669.0
2007-12-30;670.0
2007-12-30;670.0
2007-12-31;673.0
2007-12-31;672.0
2007-12-31;673.0
2007-12-31;672.0
2008-01-01;674.0
2008-01-01;674.0
2008-01-01;674.0
2008-01-01;674.0
2008-01-02;673.0
2008-01-02;672.0
2008-01-02;675.0
2008-01-02;670.0
2008-01-03;665.0
2008-01-03;668.0
2008-01-03;662.0
2008-01-03;665.0
2008-01-04;648.0
2008-01-04;651.0
2008-01-04;653.0
2008-01-04;650.0
2008-01-05;656.0
2008-01-05;646.0
2008-01-05;651.0
2008-01-05;651.0
2008-01-06;686.0
2008-01-06;692.0
2008-01-06;686.0
2008-01-06;680.0
2008-01-07;725.0
2008-01-07;717.0
2008-01-07;716.0
2008-01-07;708.0
2008-01-08;748.0
2008-01-08;751.0
2008-01-08;751.0
2008-01-08;754.0
2008-01-09;780.0
2008-01-09;775.0
2008-01-09;778.0
2008-01-09;778.0
2008-01-10;781.0
2008-01-10;782.0
2008-01-10;779.0
2008-01-10;780.0
2008-01-11;768.0
2008-01-11;772.0
2008-01-11;765.0
2008-01-11;769.0
2008-01-12;753.0
2008-01-12;756.0
2008-01-12;750.0
2008-01-12;753.0
2008-01-13;747.0
2008-01-13;756.0
2008-01-13;756.0
2008-01-13;764.0
2008-01-14;780.0
2008-01-14;780.0
2008-01-14;787.0
2008-01-14;772.0
2008-01-15;811.0
2008-01-15;816.0
2008-01-15;806.0
2008-01-15;811.0
2008-01-16;834.0
2008-01-16;831.0
2008-01-16;830.0
2008-01-16;827.0
2008-01-17;837.0
2008-01-17;838.0
2008-01-17;838.0
2008-01-17;838.0
2008-01-18;836.0
2008-01-18;834.0
2008-01-18;837.0
2008-01-18;836.0
2008-01-19;830.0
2008-01-19;825.0
2008-01-19;828.0
2008-01-19;828.0
2008-01-20;812.0
2008-01-20;808.0
2008-01-20;812.0
2008-01-20;815.0
2008-01-21;792.0
2008-01-21;796.0
2008-01-21;799.0
2008-01-21;796.0
2008-01-22;776.0
2008-01-22;776.0
2008-01-22;780.0
2008-01-22;772.0
2008-01-23;759.0
2008-01-23;762.0
2008-01-23;758.0
2008-01-23;755.0
2008-01-24;743.0
2008-01-24;748.0
2008-01-24;746.0
2008-01-24;746.0
2008-01-25;735.0
2008-01-25;742.0
2008-01-25;727.0
2008-01-25;734.0
2008-01-26;707.0
2008-01-26;711.0
2008-01-26;715.0
2008-01-26;711.0
2008-01-27;686.0
2008-01-27;690.0
2008-01-27;691.0
2008-01-27;695.0
2008-01-28;674.0
2008-01-28;662.0
2008-01-28;668.0
2008-01-28;668.0
2008-01-29;644.0
2008-01-29;639.0
2008-01-29;650.0
2008-01-29;645.0
2008-01-30;623.0
2008-01-30;618.0
2008-01-30;627.0
2008-01-30;622.0
2008-01-31;600.0
2008-01-31;606.0
2008-01-31;593.0
2008-01-31;600.0
2008-02-01;578.0
2008-02-01;583.0
2008-02-01;572.0
2008-02-01;578.0
2008-02-02;558.0
2008-02-02;563.0
2008-02-02;554.0
2008-02-02;559.0
2008-02-03;539.0
2008-02-03;543.0
2008-02-03;535.0
2008-02-03;539.0
2008-02-04;522.0
2008-02-04;519.0
2008-02-04;522.0
2008-02-04;525.0
2008-02-05;510.0
2008-02-05;504.0
2008-02-05;507.0
2008-02-05;507.0
2008-02-06;494.0
2008-02-06;494.0
2008-02-06;490.0
2008-02-06;498.0
2008-02-07;484.0
2008-02-07;482.0
2008-02-07;480.0
2008-02-07;482.0
2008-02-08;468.0
2008-02-08;463.0
2008-02-08;473.0
2008-02-08;468.0
2008-02-09;466.0
2008-02-09;466.0
2008-02-09;466.0
2008-02-09;466.0
2008-02-10;470.0
2008-02-10;474.0
2008-02-10;472.0
2008-02-10;472.0
2008-02-11;478.0
2008-02-11;478.0
2008-02-11;477.0
2008-02-11;478.0
2008-02-12;481.0
2008-02-12;481.0
2008-02-12;481.0
2008-02-12;481.0
2008-02-13;490.0
2008-02-13;495.0
2008-02-13;485.0
2008-02-13;490.0
2008-02-14;520.0
2008-02-14;511.0
2008-02-14;530.0
2008-02-14;521.0
2008-02-15;560.0
2008-02-15;566.0
2008-02-15;563.0
2008-02-15;563.0
2008-02-16;585.0
2008-02-16;580.0
2008-02-16;582.0
2008-02-16;583.0
2008-02-17;586.0
2008-02-17;586.0
2008-02-17;587.0
2008-02-17;587.0
2008-02-18;588.0
2008-02-18;592.0
2008-02-18;590.0
2008-02-18;590.0
2008-02-19;589.0
2008-02-19;591.0
2008-02-19;589.0
2008-02-19;587.0
2008-02-20;578.0
2008-02-20;574.0
2008-02-20;581.0
2008-02-20;578.0
2008-02-21;559.0
2008-02-21;554.0
2008-02-21;564.0
2008-02-21;559.0
2008-02-22;543.0
2008-02-22;545.0
2008-02-22;542.0
2008-02-22;540.0
2008-02-23;540.0
2008-02-23;536.0
2008-02-23;543.0
2008-02-23;540.0
2008-02-24;576.0
2008-02-24;556.0
2008-02-24;566.0
2008-02-24;566.0
2008-02-25;592.0
2008-02-25;584.0
2008-02-25;592.0
2008-02-25;600.0
2008-02-26;651.0
2008-02-26;641.0
2008-02-26;641.0
2008-02-26;631.0
2008-02-27;701.0
2008-02-27;670.0
2008-02-27;686.0
2008-02-27;686.0
2008-02-28;706.0
2008-02-28;706.0
2008-02-28;706.0
2008-02-28;706.0
2008-02-29;706.0
2008-02-29;705.0
2008-02-29;706.0
2008-02-29;706.0
2008-03-01;704.0
2008-03-01;705.0
2008-03-01;703.0
2008-03-01;704.0
2008-03-02;695.0
2008-03-02;697.0
2008-03-02;696.0
2008-03-02;696.0
2008-03-03;690.0
2008-03-03;690.0
2008-03-03;690.0
2008-03-03;690.0
2008-03-04;683.0
2008-03-04;680.0
2008-03-04;683.0
2008-03-04;686.0
2008-03-05;665.0
2008-03-05;654.0
2008-03-05;676.0
2008-03-05;665.0
2008-03-06;653.0
2008-03-06;652.0
2008-03-06;654.0
2008-03-06;653.0
2008-03-07;628.0
2008-03-07;628.0
2008-03-07;624.0
2008-03-07;632.0
2008-03-08;594.0
2008-03-08;590.0
2008-03-08;598.0
2008-03-08;594.0
2008-03-09;579.0
2008-03-09;574.0
2008-03-09;584.0
2008-03-09;579.0
2008-03-10;564.0
2008-03-10;563.0
2008-03-10;564.0
2008-03-10;564.0
2008-03-11;560.0
2008-03-11;561.0
2008-03-11;562.0
2008-03-11;561.0
2008-03-12;555.0
2008-03-12;551.0
2008-03-12;558.0
2008-03-12;554.0
2008-03-13;552.0
2008-03-13;550.0
2008-03-13;547.0
2008-03-13;550.0
2008-03-14;566.0
2008-03-14;572.0
2008-03-14;560.0
2008-03-14;566.0
2008-03-15;608.0
2008-03-15;592.0
2008-03-15;600.0
2008-03-15;600.0
2008-03-16;624.0
2008-03-16;620.0
2008-03-16;627.0
2008-03-16;624.0
2008-03-17;632.0
2008-03-17;631.0
2008-03-17;632.0
2008-03-17;632.0
2008-03-18;626.0
2008-03-18;623.0
2008-03-18;628.0
2008-03-18;626.0
2008-03-19;615.0
2008-03-19;616.0
2008-03-19;614.0
2008-03-19;615.0
2008-03-20;622.0
2008-03-20;628.0
2008-03-20;625.0
2008-03-20;625.0
2008-03-21;639.0
2008-03-21;640.0
2008-03-21;638.0
2008-03-21;639.0
2008-03-22;645.0
2008-03-22;645.0
2008-03-22;648.0
2008-03-22;642.0
2008-03-23;658.0
2008-03-23;656.0
2008-03-23;654.0
2008-03-23;656.0
2008-03-24;659.0
2008-03-24;658.0
2008-03-24;658.0
2008-03-24;659.0
2008-03-25;654.0
2008-03-25;656.0
2008-03-25;655.0
2008-03-25;655.0
2008-03-26;650.0
2008-03-26;648.0
2008-03-26;648.0
2008-03-26;646.0
2008-03-27;644.0
2008-03-27;644.0
2008-03-27;645.0
2008-03-27;645.0
2008-03-28;647.0
2008-03-28;646.0
2008-03-28;647.0
2008-03-28;646.0
2008-03-29;638.0
2008-03-29;643.0
2008-03-29;640.0
2008-03-29;641.0
2008-03-30;645.0
2008-03-30;642.0
2008-03-30;648.0
2008-03-30;645.0
2008-03-31;650.0
2008-03-31;650.0
2008-03-31;650.0
2008-03-31;650.0
2008-04-01;637.0
2008-04-01;637.0
2008-04-01;636.0
2008-04-01;638.0
2008-04-02;617.0
2008-04-02;611.0
2008-04-02;623.0
2008-04-02;617.0
2008-04-03;580.0
2008-04-03;589.0
2008-04-03;598.0
2008-04-03;589.0
2008-04-04;562.0
2008-04-04;566.0
2008-04-04;562.0
2008-04-04;558.0
2008-04-05;549.0
2008-04-05;550.0
2008-04-05;548.0
2008-04-05;549.0
2008-04-06;543.0
2008-04-06;541.0
2008-04-06;544.0
2008-04-06;542.0
2008-04-07;539.0
2008-04-07;538.0
2008-04-07;540.0
2008-04-07;539.0
2008-04-08;535.0
2008-04-08;532.0
2008-04-08;534.0
2008-04-08;534.0
2008-04-09;534.0
2008-04-09;536.0
2008-04-09;534.0
2008-04-09;532.0
2008-04-10;530.0
2008-04-10;530.0
2008-04-10;533.0
2008-04-10;527.0
2008-04-11;518.0
2008-04-11;520.0
2008-04-11;518.0
2008-04-11;515.0
2008-04-12;510.0
2008-04-12;510.0
2008-04-12;510.0
2008-04-12;510.0
2008-04-13;513.0
2008-04-13;512.0
2008-04-13;511.0
2008-04-13;514.0
2008-04-14;522.0
2008-04-14;525.0
2008-04-14;528.0
2008-04-14;525.0
2008-04-15;534.0
2008-04-15;538.0
2008-04-15;536.0
2008-04-15;536.0
2008-04-16;549.0
2008-04-16;554.0
2008-04-16;549.0
2008-04-16;544.0
2008-04-17;569.0
2008-04-17;571.0
2008-04-17;568.0
2008-04-17;566.0
2008-04-18;598.0
2008-04-18;593.0
2008-04-18;588.0
2008-04-18;593.0
2008-04-19;610.0
2008-04-19;613.0
2008-04-19;612.0
2008-04-19;615.0
2008-04-20;620.0
2008-04-20;624.0
2008-04-20;629.0
2008-04-20;625.0
2008-04-21;674.0
2008-04-21;686.0
2008-04-21;662.0
2008-04-21;674.0
2008-04-22;744.0
2008-04-22;720.0
2008-04-22;732.0
2008-04-22;732.0
2008-04-23;774.0
2008-04-23;768.0
2008-04-23;763.0
2008-04-23;769.0
2008-04-24;787.0
2008-04-24;789.0
2008-04-24;787.0
2008-04-24;785.0
2008-04-25;787.0
2008-04-25;787.0
2008-04-25;790.0
2008-04-25;784.0
2008-04-26;776.0
2008-04-26;778.0
2008-04-26;779.0
2008-04-26;778.0
2008-04-27;772.0
2008-04-27;774.0
2008-04-27;772.0
2008-04-27;770.0
2008-04-28;763.0
2008-04-28;763.0
2008-04-28;766.0
2008-04-28;760.0
2008-04-29;750.0
2008-04-29;756.0
2008-04-29;744.0
2008-04-29;750.0
2008-04-30;724.0
2008-04-30;734.0
2008-04-30;729.0
2008-04-30;729.0
2008-05-01;711.0
2008-05-01;714.0
2008-05-01;708.0
2008-05-01;711.0
2008-05-02;703.0
2008-05-02;703.0
2008-05-02;702.0
2008-05-02;704.0
2008-05-03;716.0
2008-05-03;712.0
2008-05-03;713.0
2008-05-03;709.0
2008-05-04;722.0
2008-05-04;721.0
2008-05-04;721.0
2008-05-04;720.0
2008-05-05;712.0
2008-05-05;708.0
2008-05-05;716.0
2008-05-05;712.0
2008-05-06;696.0
2008-05-06;687.0
2008-05-06;705.0
2008-05-06;696.0
2008-05-07;672.0
2008-05-07;667.0
2008-05-07;677.0
2008-05-07;672.0
2008-05-08;655.0
2008-05-08;655.0
2008-05-08;658.0
2008-05-08;652.0
2008-05-09;652.0
2008-05-09;652.0
2008-05-09;652.0
2008-05-09;652.0
2008-05-10;642.0
2008-05-10;639.0
2008-05-10;643.0
2008-05-10;646.0
2008-05-11;636.0
2008-05-11;635.0
2008-05-11;636.0
2008-05-11;637.0
2008-05-12;634.0
2008-05-12;633.0
2008-05-12;635.0
2008-05-12;634.0
2008-05-13;640.0
2008-05-13;640.0
2008-05-13;640.0
2008-05-13;640.0
2008-05-14;652.0
2008-05-14;655.0
2008-05-14;655.0
2008-05-14;658.0
2008-05-15;668.0
2008-05-15;679.0
2008-05-15;679.0
2008-05-15;690.0
2008-05-16;712.0
2008-05-16;712.0
2008-05-16;707.0
2008-05-16;717.0
2008-05-17;739.0
2008-05-17;734.0
2008-05-17;735.0
2008-05-17;730.0
2008-05-18;771.0
2008-05-18;749.0
2008-05-18;760.0
2008-05-18;760.0
2008-05-19;816.0
2008-05-19;816.0
2008-05-19;825.0
2008-05-19;807.0
2008-05-20;842.0
2008-05-20;844.0
2008-05-20;839.0
2008-05-20;841.0
2008-05-21;851.0
2008-05-21;851.0
2008-05-21;846.0
2008-05-21;855.0
2008-05-22;866.0
2008-05-22;868.0
2008-05-22;871.0
2008-05-22;869.0
2008-05-23;875.0
2008-05-23;878.0
2008-05-23;877.0
2008-05-23;876.0
2008-05-24;880.0
2008-05-24;880.0
2008-05-24;881.0
2008-05-24;879.0
2008-05-25;893.0
2008-05-25;895.0
2008-05-25;893.0
2008-05-25;890.0
2008-05-26;918.0
2008-05-26;922.0
2008-05-26;925.0
2008-05-26;922.0
2008-05-27;932.0
2008-05-27;932.0
2008-05-27;932.0
2008-05-27;931.0
2008-05-28;933.0
2008-05-28;934.0
2008-05-28;932.0
2008-05-28;933.0
2008-05-29;932.0
2008-05-29;932.0
2008-05-29;932.0
2008-05-29;932.0
2008-05-30;932.0
2008-05-30;931.0
2008-05-30;932.0
2008-05-30;932.0
2008-05-31;930.0
2008-05-31;929.0
2008-05-31;930.0
2008-05-31;931.0
2008-06-01;918.0
2008-06-01;921.0
2008-06-01;918.0
2008-06-01;915.0
2008-06-02;909.0
2008-06-02;909.0
2008-06-02;909.0
2008-06-02;909.0
2008-06-03;903.0
2008-06-03;904.0
2008-06-03;903.0
2008-06-03;902.0
2008-06-04;900.0
2008-06-04;900.0
2008-06-04;900.0
2008-06-04;900.0
2008-06-05;897.0
2008-06-05;893.0
2008-06-05;895.0
2008-06-05;895.0
2008-06-06;884.0
2008-06-06;886.0
2008-06-06;881.0
2008-06-06;884.0
2008-06-07;884.0
2008-06-07;890.0
2008-06-07;890.0
2008-06-07;895.0
2008-06-08;918.0
2008-06-08;912.0
2008-06-08;923.0
2008-06-08;918.0
2008-06-09;936.0
2008-06-09;938.0
2008-06-09;933.0
2008-06-09;936.0
2008-06-10;942.0
2008-06-10;942.0
2008-06-10;942.0
2008-06-10;942.0
2008-06-11;933.0
2008-06-11;936.0
2008-06-11;936.0
2008-06-11;939.0
2008-06-12;922.0
2008-06-12;918.0
2008-06-12;918.0
2008-06-12;913.0
2008-06-13;896.0
2008-06-13;884.0
2008-06-13;890.0
2008-06-13;890.0
2008-06-14;871.0
2008-06-14;866.0
2008-06-14;869.0
2008-06-14;868.0
2008-06-15;847.0
2008-06-15;844.0
2008-06-15;850.0
2008-06-15;847.0
2008-06-16;842.0
2008-06-16;846.0
2008-06-16;846.0
2008-06-16;850.0
2008-06-17;863.0
2008-06-17;860.0
2008-06-17;866.0
2008-06-17;863.0
2008-06-18;873.0
2008-06-18;873.0
2008-06-18;870.0
2008-06-18;876.0
2008-06-19;872.0
2008-06-19;874.0
2008-06-19;870.0
2008-06-19;872.0
2008-06-20;861.0
2008-06-20;857.0
2008-06-20;860.0
2008-06-20;864.0
2008-06-21;877.0
2008-06-21;858.0
2008-06-21;868.0
2008-06-21;868.0
2008-06-22;890.0
2008-06-22;887.0
2008-06-22;892.0
2008-06-22;890.0
2008-06-23;901.0
2008-06-23;899.0
2008-06-23;902.0
2008-06-23;901.0
2008-06-24;916.0
2008-06-24;915.0
2008-06-24;912.0
2008-06-24;919.0
2008-06-25;939.0
2008-06-25;942.0
2008-06-25;939.0
2008-06-25;936.0
2008-06-26;969.0
2008-06-26;968.0
2008-06-26;975.0
2008-06-26;962.0
2008-06-27;983.0
2008-06-27;982.0
2008-06-27;984.0
2008-06-27;983.0
2008-06-28;984.0
2008-06-28;983.0
2008-06-28;984.0
2008-06-28;984.0
2008-06-29;980.0
2008-06-29;981.0
2008-06-29;982.0
2008-06-29;979.0
2008-06-30;982.0
2008-06-30;982.0
2008-06-30;982.0
2008-06-30;981.0
2008-07-01;986.0
2008-07-01;988.0
2008-07-01;984.0
2008-07-01;986.0
2008-07-02;985.0
2008-07-02;985.0
2008-07-02;986.0
2008-07-02;984.0
2008-07-03;986.0
2008-07-03;988.0
2008-07-03;984.0
2008-07-03;986.0
2008-07-04;998.0
2008-07-04;1002.0
2008-07-04;1000.0
2008-07-04;1000.0
2008-07-05;1015.0
2008-07-05;1015.0
2008-07-05;1012.0
2008-07-05;1018.0
2008-07-06;1029.0
2008-07-06;1032.0
2008-07-06;1028.0
2008-07-06;1025.0
2008-07-07;1042.0
2008-07-07;1040.0
2008-07-07;1042.0
2008-07-07;1044.0
2008-07-08;1040.0
2008-07-08;1040.0
2008-07-08;1038.0
2008-07-08;1042.0
2008-07-09;1027.0
2008-07-09;1030.0
2008-07-09;1024.0
2008-07-09;1027.0
2008-07-10;1024.0
2008-07-10;1024.0
2008-07-10;1024.0
2008-07-10;1024.0
2008-07-11;1028.0
2008-07-11;1030.0
2008-07-11;1028.0
2008-07-11;1026.0
2008-07-12;1046.0
2008-07-12;1042.0
2008-07-12;1038.0
2008-07-12;1042.0
2008-07-13;1056.0
2008-07-13;1058.0
2008-07-13;1058.0
2008-07-13;1060.0
2008-07-14;1065.0
2008-07-14;1065.0
2008-07-14;1064.0
2008-07-14;1064.0
2008-07-15;1079.0
2008-07-15;1075.0
2008-07-15;1077.0
2008-07-15;1077.0
2008-07-16;1085.0
2008-07-16;1085.0
2008-07-16;1085.0
2008-07-16;1085.0
2008-07-17;1083.0
2008-07-17;1084.0
2008-07-17;1084.0
2008-07-17;1085.0
2008-07-18;1076.0
2008-07-18;1073.0
2008-07-18;1078.0
2008-07-18;1076.0
2008-07-19;1060.0
2008-07-19;1065.0
2008-07-19;1054.0
2008-07-19;1060.0
2008-07-20;1044.0
2008-07-20;1041.0
2008-07-20;1044.0
2008-07-20;1047.0
2008-07-21;1022.0
2008-07-21;1017.0
2008-07-21;1026.0
2008-07-21;1022.0
2008-07-22;999.0
2008-07-22;999.0
2008-07-22;1004.0
2008-07-22;994.0
2008-07-23;982.0
2008-07-23;979.0
2008-07-23;979.0
2008-07-23;976.0
2008-07-24;966.0
2008-07-24;964.0
2008-07-24;968.0
2008-07-24;966.0
2008-07-25;968.0
2008-07-25;966.0
2008-07-25;964.0
2008-07-25;966.0
2008-07-26;971.0
2008-07-26;974.0
2008-07-26;968.0
2008-07-26;971.0
2008-07-27;980.0
2008-07-27;979.0
2008-07-27;980.0
2008-07-27;980.0
2008-07-28;982.0
2008-07-28;982.0
2008-07-28;983.0
2008-07-28;983.0
2008-07-29;982.0
2008-07-29;983.0
2008-07-29;983.0
2008-07-29;984.0
2008-07-30;997.0
2008-07-30;1002.0
2008-07-30;992.0
2008-07-30;997.0
2008-07-31;1012.0
2008-07-31;1012.0
2008-07-31;1011.0
2008-07-31;1012.0
2008-08-01;996.0
2008-08-01;1001.0
2008-08-01;1001.0
2008-08-01;1006.0
2008-08-02;979.0
2008-08-02;984.0
2008-08-02;974.0
2008-08-02;979.0
2008-08-03;951.0
2008-08-03;956.0
2008-08-03;946.0
2008-08-03;951.0
2008-08-04;926.0
2008-08-04;922.0
2008-08-04;926.0
2008-08-04;930.0
2008-08-05;900.0
2008-08-05;905.0
2008-08-05;910.0
2008-08-05;905.0
2008-08-06;894.0
2008-08-06;893.0
2008-08-06;894.0
2008-08-06;894.0
2008-08-07;895.0
2008-08-07;894.0
2008-08-07;894.0
2008-08-07;895.0
2008-08-08;884.0
2008-08-08;884.0
2008-08-08;881.0
2008-08-08;886.0
2008-08-09;876.0
2008-08-09;876.0
2008-08-09;876.0
2008-08-09;876.0
2008-08-10;866.0
2008-08-10;867.0
2008-08-10;866.0
2008-08-10;867.0
2008-08-11;866.0
2008-08-11;866.0
2008-08-11;866.0
2008-08-11;866.0
2008-08-12;866.0
2008-08-12;868.0
2008-08-12;868.0
2008-08-12;869.0
2008-08-13;869.0
2008-08-13;870.0
2008-08-13;869.0
2008-08-13;868.0
2008-08-14;858.0
2008-08-14;863.0
2008-08-14;860.0
2008-08-14;861.0
2008-08-15;845.0
2008-08-15;841.0
2008-08-15;844.0
2008-08-15;848.0
2008-08-16;831.0
2008-08-16;828.0
2008-08-16;824.0
2008-08-16;828.0
2008-08-17;813.0
2008-08-17;813.0
2008-08-17;810.0
2008-08-17;816.0
2008-08-18;804.0
2008-08-18;805.0
2008-08-18;802.0
2008-08-18;804.0
2008-08-19;804.0
2008-08-19;804.0
2008-08-19;804.0
2008-08-19;803.0
2008-08-20;815.0
2008-08-20;811.0
2008-08-20;813.0
2008-08-20;813.0
2008-08-21;814.0
2008-08-21;815.0
2008-08-21;816.0
2008-08-21;815.0
2008-08-22;806.0
2008-08-22;810.0
2008-08-22;806.0
2008-08-22;802.0
2008-08-23;798.0
2008-08-23;796.0
2008-08-23;796.0
2008-08-23;794.0
2008-08-24;788.0
2008-08-24;785.0
2008-08-24;787.0
2008-08-24;786.0
2008-08-25;782.0
2008-08-25;780.0
2008-08-25;783.0
2008-08-25;782.0
2008-08-26;773.0
2008-08-26;770.0
2008-08-26;776.0
2008-08-26;773.0
2008-08-27;764.0
2008-08-27;761.0
2008-08-27;763.0
2008-08-27;762.0
2008-08-28;751.0
2008-08-28;747.0
2008-08-28;750.0
2008-08-28;754.0
2008-08-29;739.0
2008-08-29;737.0
2008-08-29;740.0
2008-08-29;738.0
2008-08-30;736.0
2008-08-30;737.0
2008-08-30;737.0
2008-08-30;738.0
2008-08-31;748.0
2008-08-31;750.0
2008-08-31;748.0
2008-08-31;746.0
2008-09-01;759.0
2008-09-01;757.0
2008-09-01;758.0
2008-09-01;758.0
2008-09-02;778.0
2008-09-02;777.0
2008-09-02;776.0
2008-09-02;777.0
2008-09-03;794.0
2008-09-03;794.0
2008-09-03;794.0
2008-09-03;794.0
2008-09-04;796.0
2008-09-04;796.0
2008-09-04;796.0
2008-09-04;796.0
2008-09-05;806.0
2008-09-05;804.0
2008-09-05;807.0
2008-09-05;809.0
2008-09-06;808.0
2008-09-06;809.0
2008-09-06;809.0
2008-09-06;809.0
2008-09-07;810.0
2008-09-07;818.0
2008-09-07;825.0
2008-09-07;818.0
2008-09-08;838.0
2008-09-08;836.0
2008-09-08;840.0
2008-09-08;838.0
2008-09-09;846.0
2008-09-09;846.0
2008-09-09;848.0
2008-09-09;844.0
2008-09-10;853.0
2008-09-10;852.0
2008-09-10;854.0
2008-09-10;853.0
2008-09-11;858.0
2008-09-11;857.0
2008-09-11;855.0
2008-09-11;856.0
2008-09-12;866.0
2008-09-12;870.0
2008-09-12;870.0
2008-09-12;873.0
2008-09-13;879.0
2008-09-13;878.0
2008-09-13;879.0
2008-09-13;878.0
2008-09-14;881.0
2008-09-14;881.0
2008-09-14;883.0
2008-09-14;879.0
2008-09-15;886.0
2008-09-15;889.0
2008-09-15;891.0
2008-09-15;888.0
2008-09-16;886.0
2008-09-16;872.0
2008-09-16;879.0
2008-09-16;879.0
2008-09-17;857.0
2008-09-17;853.0
2008-09-17;862.0
2008-09-17;858.0
2008-09-18;842.0
2008-09-18;831.0
2008-09-18;836.0
2008-09-18;837.0
2008-09-19;818.0
2008-09-19;823.0
2008-09-19;818.0
2008-09-19;812.0
2008-09-20;805.0
2008-09-20;810.0
2008-09-20;800.0
2008-09-20;805.0
2008-09-21;787.0
2008-09-21;791.0
2008-09-21;783.0
2008-09-21;787.0
2008-09-22;773.0
2008-09-22;773.0
2008-09-22;773.0
2008-09-22;773.0
2008-09-23;770.0
2008-09-23;771.0
2008-09-23;772.0
2008-09-23;771.0
2008-09-24;754.0
2008-09-24;755.0
2008-09-24;758.0
2008-09-24;751.0
2008-09-25;746.0
2008-09-25;747.0
2008-09-25;746.0
2008-09-25;744.0
2008-09-26;741.0
2008-09-26;742.0
2008-09-26;740.0
2008-09-26;741.0
2008-09-27;743.0
2008-09-27;743.0
2008-09-27;743.0
2008-09-27;743.0
2008-09-28;742.0
2008-09-28;739.0
2008-09-28;739.0
2008-09-28;736.0
2008-09-29;727.0
2008-09-29;730.0
2008-09-29;724.0
2008-09-29;727.0
2008-09-30;714.0
2008-09-30;711.0
2008-09-30;708.0
2008-09-30;711.0
2008-10-01;699.0
2008-10-01;698.0
2008-10-01;700.0
2008-10-01;699.0
2008-10-02;696.0
2008-10-02;694.0
2008-10-02;692.0
2008-10-02;694.0
2008-10-03;686.0
2008-10-03;683.0
2008-10-03;688.0
2008-10-03;686.0
2008-10-04;674.0
2008-10-04;671.0
2008-10-04;674.0
2008-10-04;676.0
2008-10-05;663.0
2008-10-05;666.0
2008-10-05;660.0
2008-10-05;663.0
2008-10-06;648.0
2008-10-06;656.0
2008-10-06;652.0
2008-10-06;652.0
2008-10-07;653.0
2008-10-07;646.0
2008-10-07;650.0
2008-10-07;650.0
2008-10-08;666.0
2008-10-08;672.0
2008-10-08;678.0
2008-10-08;672.0
2008-10-09;692.0
2008-10-09;696.0
2008-10-09;700.0
2008-10-09;696.0
2008-10-10;711.0
2008-10-10;714.0
2008-10-10;708.0
2008-10-10;711.0
2008-10-11;713.0
2008-10-11;713.0
2008-10-11;712.0
2008-10-11;712.0
2008-10-12;713.0
2008-10-12;713.0
2008-10-12;713.0
2008-10-12;713.0
2008-10-13;714.0
2008-10-13;714.0
2008-10-13;715.0
2008-10-13;715.0
2008-10-14;718.0
2008-10-14;720.0
2008-10-14;719.0
2008-10-14;719.0
2008-10-15;726.0
2008-10-15;724.0
2008-10-15;725.0
2008-10-15;725.0
2008-10-16;752.0
2008-10-16;752.0
2008-10-16;734.0
2008-10-16;770.0
2008-10-17;788.0
2008-10-17;786.0
2008-10-17;788.0
2008-10-17;790.0
2008-10-18;799.0
2008-10-18;799.0
2008-10-18;799.0
2008-10-18;799.0
2008-10-19;791.0
2008-10-19;785.0
2008-10-19;796.0
2008-10-19;790.0
2008-10-20;776.0
2008-10-20;778.0
2008-10-20;773.0
2008-10-20;776.0
2008-10-21;783.0
2008-10-21;783.0
2008-10-21;780.0
2008-10-21;786.0
2008-10-22;796.0
2008-10-22;792.0
2008-10-22;799.0
2008-10-22;796.0
2008-10-23;805.0
2008-10-23;805.0
2008-10-23;805.0
2008-10-23;805.0
2008-10-24;792.0
2008-10-24;784.0
2008-10-24;799.0
2008-10-24;792.0
2008-10-25;783.0
2008-10-25;783.0
2008-10-25;783.0
2008-10-25;783.0
2008-10-26;779.0
2008-10-26;781.0
2008-10-26;780.0
2008-10-26;780.0
2008-10-27;773.0
2008-10-27;772.0
2008-10-27;776.0
2008-10-27;769.0
2008-10-28;785.0
2008-10-28;779.0
2008-10-28;785.0
2008-10-28;791.0
2008-10-29;812.0
2008-10-29;824.0
2008-10-29;818.0
2008-10-29;818.0
2008-10-30;840.0
2008-10-30;836.0
2008-10-30;836.0
2008-10-30;831.0
2008-10-31;856.0
2008-10-31;863.0
2008-10-31;860.0
2008-10-31;860.0
2008-11-01;868.0
2008-11-01;868.0
2008-11-01;868.0
2008-11-01;868.0
2008-11-02;864.0
2008-11-02;864.0
2008-11-02;864.0
2008-11-02;864.0
2008-11-03;863.0
2008-11-03;862.0
2008-11-03;864.0
2008-11-03;863.0
2008-11-04;869.0
2008-11-04;869.0
2008-11-04;869.0
2008-11-04;869.0
2008-11-05;868.0
2008-11-05;867.0
2008-11-05;867.0
2008-11-05;866.0
2008-11-06;854.0
2008-11-06;854.0
2008-11-06;859.0
2008-11-06;849.0
2008-11-07;820.0
2008-11-07;842.0
2008-11-07;831.0
2008-11-07;831.0
2008-11-08;793.0
2008-11-08;808.0
2008-11-08;801.0
2008-11-08;801.0
2008-11-09;760.0
2008-11-09;772.0
2008-11-09;783.0
2008-11-09;772.0
2008-11-10;743.0
2008-11-10;747.0
2008-11-10;738.0
2008-11-10;743.0
2008-11-11;720.0
2008-11-11;724.0
2008-11-11;722.0
2008-11-11;722.0
2008-11-12;705.0
2008-11-12;705.0
2008-11-12;709.0
2008-11-12;700.0
2008-11-13;688.0
2008-11-13;692.0
2008-11-13;688.0
2008-11-13;684.0
2008-11-14;669.0
2008-11-14;664.0
2008-11-14;674.0
2008-11-14;669.0
2008-11-15;674.0
2008-11-15;664.0
2008-11-15;669.0
2008-11-15;669.0
2008-11-16;692.0
2008-11-16;692.0
2008-11-16;682.0
2008-11-16;701.0
2008-11-17;716.0
2008-11-17;713.0
2008-11-17;715.0
2008-11-17;715.0
2008-11-18;716.0
2008-11-18;715.0
2008-11-18;715.0
2008-11-18;713.0
2008-11-19;702.0
2008-11-19;699.0
2008-11-19;705.0
2008-11-19;702.0
2008-11-20;690.0
2008-11-20;690.0
2008-11-20;691.0
2008-11-20;688.0
2008-11-21;684.0
2008-11-21;686.0
2008-11-21;688.0
2008-11-21;686.0
2008-11-22;678.0
2008-11-22;677.0
2008-11-22;678.0
2008-11-22;678.0
2008-11-23;670.0
2008-11-23;671.0
2008-11-23;671.0
2008-11-23;671.0
2008-11-24;666.0
2008-11-24;654.0
2008-11-24;660.0
2008-11-24;660.0
2008-11-25;653.0
2008-11-25;654.0
2008-11-25;653.0
2008-11-25;652.0
2008-11-26;653.0
2008-11-26;652.0
2008-11-26;653.0
2008-11-26;653.0
2008-11-27;653.0
2008-11-27;652.0
2008-11-27;651.0
2008-11-27;652.0
2008-11-28;647.0
2008-11-28;648.0
2008-11-28;648.0
2008-11-28;648.0
2008-11-29;645.0
2008-11-29;645.0
2008-11-29;645.0
2008-11-29;645.0
2008-11-30;644.0
2008-11-30;645.0
2008-11-30;645.0
2008-11-30;645.0
2008-12-01;645.0
2008-12-01;645.0
2008-12-01;645.0
2008-12-01;645.0
2008-12-02;646.0
2008-12-02;647.0
2008-12-02;646.0
2008-12-02;647.0
2008-12-03;645.0
2008-12-03;645.0
2008-12-03;645.0
2008-12-03;645.0
2008-12-04;645.0
2008-12-04;644.0
2008-12-04;645.0
2008-12-04;644.0
2008-12-05;643.0
2008-12-05;642.0
2008-12-05;643.0
2008-12-05;642.0
2008-12-06;660.0
2008-12-06;660.0
2008-12-06;647.0
2008-12-06;672.0
2008-12-07;687.0
2008-12-07;692.0
2008-12-07;682.0
2008-12-07;687.0
2008-12-08;689.0
2008-12-08;692.0
2008-12-08;690.0
2008-12-08;691.0
2008-12-09;682.0
2008-12-09;672.0
2008-12-09;677.0
2008-12-09;677.0
2008-12-10;662.0
2008-12-10;657.0
2008-12-10;662.0
2008-12-10;666.0
2008-12-11;635.0
2008-12-11;640.0
2008-12-11;640.0
2008-12-11;645.0
2008-12-12;629.0
2008-12-12;627.0
2008-12-12;626.0
2008-12-12;624.0
2008-12-13;624.0
2008-12-13;624.0
2008-12-13;623.0
2008-12-13;624.0
2008-12-14;622.0
2008-12-14;622.0
2008-12-14;621.0
2008-12-14;622.0
2008-12-15;632.0
2008-12-15;634.0
2008-12-15;632.0
2008-12-15;630.0
2008-12-16;638.0
2008-12-16;636.0
2008-12-16;634.0
2008-12-16;636.0
2008-12-17;637.0
2008-12-17;637.0
2008-12-17;637.0
2008-12-17;637.0
2008-12-18;637.0
2008-12-18;638.0
2008-12-18;638.0
2008-12-18;638.0
2008-12-19;638.0
2008-12-19;639.0
2008-12-19;640.0
2008-12-19;639.0
2008-12-20;638.0
2008-12-20;639.0
2008-12-20;639.0
2008-12-20;638.0
2008-12-21;634.0
2008-12-21;635.0
2008-12-21;636.0
2008-12-21;633.0
2008-12-22;619.0
2008-12-22;626.0
2008-12-22;623.0
2008-12-22;622.0
2008-12-23;615.0
2008-12-23;619.0
2008-12-23;614.0
2008-12-23;610.0
2008-12-24;614.0
2008-12-24;618.0
2008-12-24;614.0
2008-12-24;609.0
2008-12-25;633.0
2008-12-25;639.0
2008-12-25;632.0
2008-12-25;626.0
2008-12-26;645.0
2008-12-26;646.0
2008-12-26;643.0
2008-12-26;644.0
2008-12-27;635.0
2008-12-27;631.0
2008-12-27;634.0
2008-12-27;638.0
2008-12-28;618.0
2008-12-28;619.0
2008-12-28;616.0
2008-12-28;618.0
2008-12-29;608.0
2008-12-29;606.0
2008-12-29;607.0
2008-12-29;605.0
2008-12-30;602.0
2008-12-30;600.0
2008-12-30;601.0
2008-12-30;599.0
2008-12-31;590.0
2008-12-31;582.0
2008-12-31;598.0
2008-12-31;590.0
2009-01-01;569.0
2009-01-01;572.0
2009-01-01;566.0
2009-01-01;569.0
2009-01-02;548.0
2009-01-02;549.0
2009-01-02;552.0
2009-01-02;545.0
2009-01-03;535.0
2009-01-03;531.0
2009-01-03;530.0
2009-01-03;526.0
2009-01-04;530.0
2009-01-04;530.0
2009-01-04;536.0
2009-01-04;524.0
2009-01-05;546.0
2009-01-05;552.0
2009-01-05;549.0
2009-01-05;549.0
2009-01-06;562.0
2009-01-06;567.0
2009-01-06;563.0
2009-01-06;558.0
2009-01-07;572.0
2009-01-07;572.0
2009-01-07;572.0
2009-01-07;572.0
2009-01-08;566.0
2009-01-08;568.0
2009-01-08;564.0
2009-01-08;566.0
2009-01-09;573.0
2009-01-09;568.0
2009-01-09;564.0
2009-01-09;569.0
2009-01-10;631.0
2009-01-10;602.0
2009-01-10;617.0
2009-01-10;616.0
2009-01-11;676.0
2009-01-11;676.0
2009-01-11;681.0
2009-01-11;671.0
2009-01-12;688.0
2009-01-12;686.0
2009-01-12;687.0
2009-01-12;687.0
2009-01-13;690.0
2009-01-13;690.0
2009-01-13;689.0
2009-01-13;690.0
2009-01-14;698.0
2009-01-14;700.0
2009-01-14;698.0
2009-01-14;696.0
2009-01-15;738.0
2009-01-15;751.0
2009-01-15;726.0
2009-01-15;739.0
2009-01-16;780.0
2009-01-16;780.0
2009-01-16;775.0
2009-01-16;784.0
2009-01-17;786.0
2009-01-17;786.0
2009-01-17;788.0
2009-01-17;783.0
2009-01-18;775.0
2009-01-18;770.0
2009-01-18;764.0
2009-01-18;770.0
2009-01-19;744.0
2009-01-19;739.0
2009-01-19;750.0
2009-01-19;745.0
2009-01-20;720.0
2009-01-20;724.0
2009-01-20;715.0
2009-01-20;720.0
2009-01-21;704.0
2009-01-21;696.0
2009-01-21;700.0
2009-01-21;700.0
2009-01-22;672.0
2009-01-22;666.0
2009-01-22;678.0
2009-01-22;672.0
2009-01-23;645.0
2009-01-23;650.0
2009-01-23;639.0
2009-01-23;644.0
2009-01-24;620.0
2009-01-24;626.0
2009-01-24;623.0
2009-01-24;623.0
2009-01-25;614.0
2009-01-25;612.0
2009-01-25;612.0
2009-01-25;610.0
2009-01-26;601.0
2009-01-26;603.0
2009-01-26;601.0
2009-01-26;599.0
2009-01-27;592.0
2009-01-27;590.0
2009-01-27;590.0
2009-01-27;587.0
2009-01-28;599.0
2009-01-28;590.0
2009-01-28;594.0
2009-01-28;595.0
2009-01-29;611.0
2009-01-29;611.0
2009-01-29;614.0
2009-01-29;608.0
2009-01-30;636.0
2009-01-30;630.0
2009-01-30;631.0
2009-01-30;625.0
2009-01-31;645.0
2009-01-31;642.0
2009-01-31;648.0
2009-01-31;645.0
2009-02-01;658.0
2009-02-01;658.0
2009-02-01;654.0
2009-02-01;661.0
2009-02-02;664.0
2009-02-02;664.0
2009-02-02;663.0
2009-02-02;664.0
2009-02-03;658.0
2009-02-03;659.0
2009-02-03;661.0
2009-02-03;656.0
2009-02-04;641.0
2009-02-04;636.0
2009-02-04;640.0
2009-02-04;645.0
2009-02-05;626.0
2009-02-05;624.0
2009-02-05;626.0
2009-02-05;628.0
2009-02-06;618.0
2009-02-06;616.0
2009-02-06;618.0
2009-02-06;619.0
2009-02-07;617.0
2009-02-07;616.0
2009-02-07;616.0
2009-02-07;614.0
2009-02-08;618.0
2009-02-08;619.0
2009-02-08;619.0
2009-02-08;620.0
2009-02-09;622.0
2009-02-09;622.0
2009-02-09;622.0
2009-02-09;622.0
2009-02-10;622.0
2009-02-10;622.0
2009-02-10;622.0
2009-02-10;621.0
2009-02-11;631.0
2009-02-11;628.0
2009-02-11;634.0
2009-02-11;631.0
2009-02-12;650.0
2009-02-12;656.0
2009-02-12;644.0
2009-02-12;650.0
2009-02-13;691.0
2009-02-13;674.0
2009-02-13;682.0
2009-02-13;683.0
2009-02-14;713.0
2009-02-14;720.0
2009-02-14;726.0
2009-02-14;720.0
2009-02-15;730.0
2009-02-15;731.0
2009-02-15;731.0
2009-02-15;730.0
2009-02-16;720.0
2009-02-16;723.0
2009-02-16;716.0
2009-02-16;720.0
2009-02-17;699.0
2009-02-17;703.0
2009-02-17;695.0
2009-02-17;699.0
2009-02-18;676.0
2009-02-18;679.0
2009-02-18;679.0
2009-02-18;682.0
2009-02-19;661.0
2009-02-19;663.0
2009-02-19;665.0
2009-02-19;663.0
2009-02-20;651.0
2009-02-20;653.0
2009-02-20;655.0
2009-02-20;653.0
2009-02-21;649.0
2009-02-21;649.0
2009-02-21;648.0
2009-02-21;650.0
2009-02-22;652.0
2009-02-22;658.0
2009-02-22;655.0
2009-02-22;655.0
2009-02-23;666.0
2009-02-23;665.0
2009-02-23;665.0
2009-02-23;664.0
2009-02-24;679.0
2009-02-24;681.0
2009-02-24;677.0
2009-02-24;679.0
2009-02-25;680.0
2009-02-25;678.0
2009-02-25;681.0
2009-02-25;680.0
2009-02-26;666.0
2009-02-26;670.0
2009-02-26;666.0
2009-02-26;661.0
2009-02-27;651.0
2009-02-27;646.0
2009-02-27;655.0
2009-02-27;650.0
2009-02-28;649.0
2009-02-28;648.0
2009-02-28;646.0
2009-02-28;648.0
2009-03-01;637.0
2009-03-01;631.0
2009-03-01;634.0
2009-03-01;634.0
2009-03-02;625.0
2009-03-02;624.0
2009-03-02;622.0
2009-03-02;624.0
2009-03-03;619.0
2009-03-03;619.0
2009-03-03;619.0
2009-03-03;619.0
2009-03-04;622.0
2009-03-04;629.0
2009-03-04;636.0
2009-03-04;629.0
2009-03-05;646.0
2009-03-05;648.0
2009-03-05;644.0
2009-03-05;646.0
2009-03-06;655.0
2009-03-06;654.0
2009-03-06;656.0
2009-03-06;655.0
2009-03-07;659.0
2009-03-07;659.0
2009-03-07;659.0
2009-03-07;659.0
2009-03-08;662.0
2009-03-08;660.0
2009-03-08;661.0
2009-03-08;661.0
2009-03-09;665.0
2009-03-09;665.0
2009-03-09;665.0
2009-03-09;665.0
2009-03-10;667.0
2009-03-10;669.0
2009-03-10;670.0
2009-03-10;668.0
2009-03-11;684.0
2009-03-11;680.0
2009-03-11;682.0
2009-03-11;682.0
2009-03-12;682.0
2009-03-12;680.0
2009-03-12;683.0
2009-03-12;682.0
2009-03-13;676.0
2009-03-13;671.0
2009-03-13;671.0
2009-03-13;666.0
2009-03-14;656.0
2009-03-14;648.0
2009-03-14;640.0
2009-03-14;648.0
2009-03-15;626.0
2009-03-15;631.0
2009-03-15;636.0
2009-03-15;631.0
2009-03-16;618.0
2009-03-16;613.0
2009-03-16;613.0
2009-03-16;608.0
2009-03-17;599.0
2009-03-17;602.0
2009-03-17;596.0
2009-03-17;599.0
2009-03-18;592.0
2009-03-18;593.0
2009-03-18;592.0
2009-03-18;590.0
2009-03-19;586.0
2009-03-19;585.0
2009-03-19;586.0
2009-03-19;587.0
2009-03-20;585.0
2009-03-20;590.0
2009-03-20;588.0
2009-03-20;588.0
2009-03-21;593.0
2009-03-21;593.0
2009-03-21;593.0
2009-03-21;593.0
2009-03-22;592.0
2009-03-22;591.0
2009-03-22;590.0
2009-03-22;591.0
2009-03-23;592.0
2009-03-23;603.0
2009-03-23;598.0
2009-03-23;598.0
2009-03-24;636.0
2009-03-24;643.0
2009-03-24;629.0
2009-03-24;636.0
2009-03-25;676.0
2009-03-25;666.0
2009-03-25;671.0
2009-03-25;671.0
2009-03-26;680.0
2009-03-26;679.0
2009-03-26;680.0
2009-03-26;680.0
2009-03-27;673.0
2009-03-27;665.0
2009-03-27;669.0
2009-03-27;669.0
2009-03-28;657.0
2009-03-28;656.0
2009-03-28;655.0
2009-03-28;658.0
2009-03-29;662.0
2009-03-29;661.0
2009-03-29;664.0
2009-03-29;663.0
2009-03-30;670.0
2009-03-30;671.0
2009-03-30;670.0
2009-03-30;669.0
2009-03-31;663.0
2009-03-31;657.0
2009-03-31;663.0
2009-03-31;669.0
2009-04-01;652.0
2009-04-01;657.0
2009-04-01;654.0
2009-04-01;655.0
2009-04-02;647.0
2009-04-02;646.0
2009-04-02;647.0
2009-04-02;648.0
2009-04-03;640.0
2009-04-03;641.0
2009-04-03;639.0
2009-04-03;642.0
2009-04-04;635.0
2009-04-04;633.0
2009-04-04;636.0
2009-04-04;634.0
2009-04-05;639.0
2009-04-05;642.0
2009-04-05;635.0
2009-04-05;638.0
2009-04-06;649.0
2009-04-06;648.0
2009-04-06;649.0
2009-04-06;650.0
2009-04-07;646.0
2009-04-07;648.0
2009-04-07;647.0
2009-04-07;647.0
2009-04-08;648.0
2009-04-08;650.0
2009-04-08;649.0
2009-04-08;649.0
2009-04-09;688.0
2009-04-09;707.0
2009-04-09;670.0
2009-04-09;689.0
2009-04-10;756.0
2009-04-10;756.0
2009-04-10;747.0
2009-04-10;765.0
2009-04-11;789.0
2009-04-11;788.0
2009-04-11;782.0
2009-04-11;795.0
2009-04-12;816.0
2009-04-12;812.0
2009-04-12;821.0
2009-04-12;817.0
2009-04-13;829.0
2009-04-13;832.0
2009-04-13;832.0
2009-04-13;834.0
2009-04-14;844.0
2009-04-14;842.0
2009-04-14;845.0
2009-04-14;844.0
2009-04-15;846.0
2009-04-15;846.0
2009-04-15;846.0
2009-04-15;846.0
2009-04-16;840.0
2009-04-16;842.0
2009-04-16;840.0
2009-04-16;837.0
2009-04-17;846.0
2009-04-17;851.0
2009-04-17;847.0
2009-04-17;842.0
2009-04-18;859.0
2009-04-18;860.0
2009-04-18;860.0
2009-04-18;860.0
2009-04-19;859.0
2009-04-19;862.0
2009-04-19;856.0
2009-04-19;859.0
2009-04-20;849.0
2009-04-20;847.0
2009-04-20;848.0
2009-04-20;850.0
2009-04-21;826.0
2009-04-21;821.0
2009-04-21;831.0
2009-04-21;826.0
2009-04-22;803.0
2009-04-22;798.0
2009-04-22;807.0
2009-04-22;802.0
2009-04-23;786.0
2009-04-23;784.0
2009-04-23;788.0
2009-04-23;786.0
2009-04-24;783.0
2009-04-24;782.0
2009-04-24;783.0
2009-04-24;782.0
2009-04-25;779.0
2009-04-25;780.0
2009-04-25;780.0
2009-04-25;780.0
2009-04-26;776.0
2009-04-26;774.0
2009-04-26;777.0
2009-04-26;776.0
2009-04-27;770.0
2009-04-27;769.0
2009-04-27;770.0
2009-04-27;770.0
2009-04-28;766.0
2009-04-28;764.0
2009-04-28;767.0
2009-04-28;766.0
2009-04-29;756.0
2009-04-29;758.0
2009-04-29;757.0
2009-04-29;755.0
2009-04-30;759.0
2009-04-30;760.0
2009-04-30;757.0
2009-04-30;758.0
2009-05-01;770.0
2009-05-01;766.0
2009-05-01;771.0
2009-05-01;775.0
2009-05-02;818.0
2009-05-02;835.0
2009-05-02;818.0
2009-05-02;801.0
2009-05-03;889.0
2009-05-03;881.0
2009-05-03;881.0
2009-05-03;873.0
2009-05-04;897.0
2009-05-04;899.0
2009-05-04;898.0
2009-05-04;900.0
2009-05-05;900.0
2009-05-05;898.0
2009-05-05;896.0
2009-05-05;898.0
2009-05-06;886.0
2009-05-06;887.0
2009-05-06;885.0
2009-05-06;886.0
2009-05-07;906.0
2009-05-07;892.0
2009-05-07;899.0
2009-05-07;899.0
2009-05-08;944.0
2009-05-08;938.0
2009-05-08;932.0
2009-05-08;938.0
2009-05-09;953.0
2009-05-09;952.0
2009-05-09;954.0
2009-05-09;953.0
2009-05-10;943.0
2009-05-10;949.0
2009-05-10;936.0
2009-05-10;943.0
2009-05-11;934.0
2009-05-11;934.0
2009-05-11;934.0
2009-05-11;934.0
2009-05-12;930.0
2009-05-12;930.0
2009-05-12;930.0
2009-05-12;929.0
2009-05-13;909.0
2009-05-13;915.0
2009-05-13;909.0
2009-05-13;903.0
2009-05-14;880.0
2009-05-14;860.0
2009-05-14;870.0
2009-05-14;870.0
2009-05-15;847.0
2009-05-15;847.0
2009-05-15;847.0
2009-05-15;847.0
2009-05-16;851.0
2009-05-16;852.0
2009-05-16;852.0
2009-05-16;852.0
2009-05-17;836.0
2009-05-17;834.0
2009-05-17;836.0
2009-05-17;838.0
2009-05-18;821.0
2009-05-18;821.0
2009-05-18;818.0
2009-05-18;824.0
2009-05-19;812.0
2009-05-19;812.0
2009-05-19;813.0
2009-05-19;813.0
2009-05-20;813.0
2009-05-20;812.0
2009-05-20;812.0
2009-05-20;813.0
2009-05-21;814.0
2009-05-21;814.0
2009-05-21;813.0
2009-05-21;814.0
2009-05-22;822.0
2009-05-22;822.0
2009-05-22;819.0
2009-05-22;824.0
2009-05-23;830.0
2009-05-23;831.0
2009-05-23;831.0
2009-05-23;830.0
2009-05-24;831.0
2009-05-24;832.0
2009-05-24;832.0
2009-05-24;832.0
2009-05-25;831.0
2009-05-25;830.0
2009-05-25;830.0
2009-05-25;831.0
2009-05-26;826.0
2009-05-26;825.0
2009-05-26;827.0
2009-05-26;826.0
2009-05-27;828.0
2009-05-27;828.0
2009-05-27;827.0
2009-05-27;828.0
2009-05-28;830.0
2009-05-28;832.0
2009-05-28;831.0
2009-05-28;831.0
2009-05-29;862.0
2009-05-29;842.0
2009-05-29;852.0
2009-05-29;852.0
2009-05-30;877.0
2009-05-30;882.0
2009-05-30;872.0
2009-05-30;877.0
2009-05-31;893.0
2009-05-31;891.0
2009-05-31;892.0
2009-05-31;892.0
2009-06-01;894.0
2009-06-01;893.0
2009-06-01;894.0
2009-06-01;894.0
2009-06-02;885.0
2009-06-02;890.0
2009-06-02;888.0
2009-06-02;888.0
2009-06-03;878.0
2009-06-03;877.0
2009-06-03;880.0
2009-06-03;879.0
2009-06-04;886.0
2009-06-04;880.0
2009-06-04;886.0
2009-06-04;892.0
2009-06-05;913.0
2009-06-05;913.0
2009-06-05;906.0
2009-06-05;920.0
2009-06-06;979.0
2009-06-06;968.0
2009-06-06;989.0
2009-06-06;978.0
2009-06-07;1003.0
2009-06-07;1004.0
2009-06-07;1003.0
2009-06-07;1002.0
2009-06-08;994.0
2009-06-08;990.0
2009-06-08;998.0
2009-06-08;994.0
2009-06-09;980.0
2009-06-09;979.0
2009-06-09;980.0
2009-06-09;980.0
2009-06-10;974.0
2009-06-10;972.0
2009-06-10;972.0
2009-06-10;970.0
2009-06-11;969.0
2009-06-11;969.0
2009-06-11;970.0
2009-06-11;968.0
2009-06-12;961.0
2009-06-12;963.0
2009-06-12;960.0
2009-06-12;958.0
2009-06-13;970.0
2009-06-13;974.0
2009-06-13;967.0
2009-06-13;971.0
2009-06-14;990.0
2009-06-14;998.0
2009-06-14;998.0
2009-06-14;1005.0
2009-06-15;1037.0
2009-06-15;1037.0
2009-06-15;1030.0
2009-06-15;1044.0
2009-06-16;1060.0
2009-06-16;1062.0
2009-06-16;1060.0
2009-06-16;1058.0
2009-06-17;1060.0
2009-06-17;1060.0
2009-06-17;1060.0
2009-06-17;1060.0
2009-06-18;1052.0
2009-06-18;1047.0
2009-06-18;1058.0
2009-06-18;1053.0
2009-06-19;1030.0
2009-06-19;1040.0
2009-06-19;1035.0
2009-06-19;1035.0
2009-06-20;1022.0
2009-06-20;1023.0
2009-06-20;1013.0
2009-06-20;1032.0
2009-06-21;1007.0
2009-06-21;1010.0
2009-06-21;1005.0
2009-06-21;1008.0
2009-06-22;1014.0
2009-06-22;1015.0
2009-06-22;1016.0
2009-06-22;1013.0
2009-06-23;1021.0
2009-06-23;1020.0
2009-06-23;1020.0
2009-06-23;1021.0
2009-06-24;1014.0
2009-06-24;1010.0
2009-06-24;1017.0
2009-06-24;1014.0
2009-06-25;998.0
2009-06-25;1001.0
2009-06-25;995.0
2009-06-25;998.0
2009-06-26;980.0
2009-06-26;984.0
2009-06-26;975.0
2009-06-26;980.0
2009-06-27;951.0
2009-06-27;950.0
2009-06-27;951.0
2009-06-27;951.0
2009-06-28;932.0
2009-06-28;932.0
2009-06-28;928.0
2009-06-28;935.0
2009-06-29;921.0
2009-06-29;920.0
2009-06-29;921.0
2009-06-29;922.0
2009-06-30;931.0
2009-06-30;928.0
2009-06-30;933.0
2009-06-30;930.0
2009-07-01;948.0
2009-07-01;944.0
2009-07-01;948.0
2009-07-01;951.0
2009-07-02;975.0
2009-07-02;965.0
2009-07-02;985.0
2009-07-02;975.0
2009-07-03;1026.0
2009-07-03;1016.0
2009-07-03;1035.0
2009-07-03;1026.0
2009-07-04;1054.0
2009-07-04;1062.0
2009-07-04;1045.0
2009-07-04;1054.0
2009-07-05;1065.0
2009-07-05;1070.0
2009-07-05;1068.0
2009-07-05;1068.0
2009-07-06;1074.0
2009-07-06;1074.0
2009-07-06;1074.0
2009-07-06;1074.0
2009-07-07;1069.0
2009-07-07;1071.0
2009-07-07;1069.0
2009-07-07;1067.0
2009-07-08;1060.0
2009-07-08;1064.0
2009-07-08;1056.0
2009-07-08;1060.0
2009-07-09;1054.0
2009-07-09;1054.0
2009-07-09;1055.0
2009-07-09;1055.0
2009-07-10;1060.0
2009-07-10;1063.0
2009-07-10;1060.0
2009-07-10;1057.0
2009-07-11;1066.0
2009-07-11;1067.0
2009-07-11;1066.0
2009-07-11;1067.0
2009-07-12;1076.0
2009-07-12;1073.0
2009-07-12;1070.0
2009-07-12;1073.0
2009-07-13;1080.0
2009-07-13;1081.0
2009-07-13;1080.0
2009-07-13;1081.0
2009-07-14;1076.0
2009-07-14;1076.0
2009-07-14;1076.0
2009-07-14;1076.0
2009-07-15;1076.0
2009-07-15;1074.0
2009-07-15;1072.0
2009-07-15;1074.0
2009-07-16;1064.0
2009-07-16;1061.0
2009-07-16;1064.0
2009-07-16;1066.0
2009-07-17;1050.0
2009-07-17;1047.0
2009-07-17;1052.0
2009-07-17;1050.0
2009-07-18;1041.0
2009-07-18;1040.0
2009-07-18;1041.0
2009-07-18;1040.0
2009-07-19;1034.0
2009-07-19;1035.0
2009-07-19;1032.0
2009-07-19;1037.0
2009-07-20;1026.0
2009-07-20;1022.0
2009-07-20;1026.0
2009-07-20;1029.0
2009-07-21;1009.0
2009-07-21;1016.0
2009-07-21;1012.0
2009-07-21;1013.0
2009-07-22;986.0
2009-07-22;996.0
2009-07-22;991.0
2009-07-22;991.0
2009-07-23;965.0
2009-07-23;970.0
2009-07-23;965.0
2009-07-23;960.0
2009-07-24;941.0
2009-07-24;946.0
2009-07-24;936.0
2009-07-24;941.0
2009-07-25;919.0
2009-07-25;924.0
2009-07-25;914.0
2009-07-25;919.0
2009-07-26;900.0
2009-07-26;904.0
2009-07-26;904.0
2009-07-26;907.0
2009-07-27;884.0
2009-07-27;886.0
2009-07-27;885.0
2009-07-27;885.0
2009-07-28;873.0
2009-07-28;869.0
2009-07-28;876.0
2009-07-28;872.0
2009-07-29;860.0
2009-07-29;854.0
2009-07-29;857.0
2009-07-29;857.0
2009-07-30;843.0
2009-07-30;844.0
2009-07-30;842.0
2009-07-30;843.0
2009-07-31;844.0
2009-07-31;844.0
2009-07-31;846.0
2009-07-31;842.0
2009-08-01;858.0
2009-08-01;854.0
2009-08-01;856.0
2009-08-01;856.0
2009-08-02;857.0
2009-08-02;856.0
2009-08-02;858.0
2009-08-02;857.0
2009-08-03;843.0
2009-08-03;847.0
2009-08-03;838.0
2009-08-03;843.0
2009-08-04;819.0
2009-08-04;824.0
2009-08-04;814.0
2009-08-04;819.0
2009-08-05;799.0
2009-08-05;796.0
2009-08-05;799.0
2009-08-05;802.0
2009-08-06;799.0
2009-08-06;802.0
2009-08-06;796.0
2009-08-06;799.0
2009-08-07;842.0
2009-08-07;856.0
2009-08-07;827.0
2009-08-07;841.0
2009-08-08;885.0
2009-08-08;884.0
2009-08-08;886.0
2009-08-08;885.0
2009-08-09;902.0
2009-08-09;907.0
2009-08-09;902.0
2009-08-09;897.0
2009-08-10;899.0
2009-08-10;902.0
2009-08-10;905.0
2009-08-10;902.0
2009-08-11;894.0
2009-08-11;893.0
2009-08-11;895.0
2009-08-11;894.0
2009-08-12;886.0
2009-08-12;884.0
2009-08-12;884.0
2009-08-12;881.0
2009-08-13;876.0
2009-08-13;870.0
2009-08-13;870.0
2009-08-13;864.0
2009-08-14;878.0
2009-08-14;880.0
2009-08-14;880.0
2009-08-14;882.0
2009-08-15;899.0
2009-08-15;894.0
2009-08-15;895.0
2009-08-15;890.0
2009-08-16;906.0
2009-08-16;908.0
2009-08-16;910.0
2009-08-16;908.0
2009-08-17;906.0
2009-08-17;910.0
2009-08-17;908.0
2009-08-17;908.0
2009-08-18;893.0
2009-08-18;897.0
2009-08-18;888.0
2009-08-18;893.0
2009-08-19;870.0
2009-08-19;877.0
2009-08-19;874.0
2009-08-19;874.0
2009-08-20;856.0
2009-08-20;859.0
2009-08-20;857.0
2009-08-20;858.0
2009-08-21;850.0
2009-08-21;850.0
2009-08-21;850.0
2009-08-21;850.0
2009-08-22;855.0
2009-08-22;855.0
2009-08-22;860.0
2009-08-22;850.0
2009-08-23;860.0
2009-08-23;860.0
2009-08-23;860.0
2009-08-23;860.0
2009-08-24;861.0
2009-08-24;854.0
2009-08-24;868.0
2009-08-24;861.0
2009-08-25;841.0
2009-08-25;844.0
2009-08-25;845.0
2009-08-25;848.0
2009-08-26;836.0
2009-08-26;835.0
2009-08-26;836.0
2009-08-26;837.0
2009-08-27;825.0
2009-08-27;825.0
2009-08-27;824.0
2009-08-27;824.0
2009-08-28;819.0
2009-08-28;821.0
2009-08-28;817.0
2009-08-28;819.0
2009-08-29;814.0
2009-08-29;814.0
2009-08-29;814.0
2009-08-29;813.0
2009-08-30;815.0
2009-08-30;814.0
2009-08-30;817.0
2009-08-30;816.0
2009-08-31;821.0
2009-08-31;825.0
2009-08-31;823.0
2009-08-31;823.0
2009-09-01;836.0
2009-09-01;835.0
2009-09-01;837.0
2009-09-01;838.0
2009-09-02;845.0
2009-09-02;845.0
2009-09-02;844.0
2009-09-02;846.0
2009-09-03;843.0
2009-09-03;841.0
2009-09-03;844.0
2009-09-03;843.0
2009-09-04;830.0
2009-09-04;830.0
2009-09-04;833.0
2009-09-04;827.0
2009-09-05;814.0
2009-09-05;818.0
2009-09-05;818.0
2009-09-05;821.0
2009-09-06;805.0
2009-09-06;802.0
2009-09-06;802.0
2009-09-06;798.0
2009-09-07;789.0
2009-09-07;790.0
2009-09-07;791.0
2009-09-07;790.0
2009-09-08;786.0
2009-09-08;785.0
2009-09-08;787.0
2009-09-08;786.0
2009-09-09;782.0
2009-09-09;782.0
2009-09-09;781.0
2009-09-09;782.0
2009-09-10;779.0
2009-09-10;778.0
2009-09-10;776.0
2009-09-10;778.0
2009-09-11;768.0
2009-09-11;771.0
2009-09-11;768.0
2009-09-11;765.0
2009-09-12;757.0
2009-09-12;757.0
2009-09-12;756.0
2009-09-12;756.0
2009-09-13;751.0
2009-09-13;747.0
2009-09-13;754.0
2009-09-13;750.0
2009-09-14;734.0
2009-09-14;730.0
2009-09-14;734.0
2009-09-14;737.0
2009-09-15;720.0
2009-09-15;724.0
2009-09-15;722.0
2009-09-15;722.0
2009-09-16;713.0
2009-09-16;711.0
2009-09-16;713.0
2009-09-16;715.0
2009-09-17;706.0
2009-09-17;705.0
2009-09-17;706.0
2009-09-17;706.0
2009-09-18;704.0
2009-09-18;704.0
2009-09-18;704.0
2009-09-18;704.0
2009-09-19;706.0
2009-09-19;706.0
2009-09-19;705.0
2009-09-19;706.0
2009-09-20;708.0
2009-09-20;708.0
2009-09-20;708.0
2009-09-20;707.0
2009-09-21;712.0
2009-09-21;713.0
2009-09-21;712.0
2009-09-21;710.0
2009-09-22;720.0
2009-09-22;718.0
2009-09-22;723.0
2009-09-22;721.0
2009-09-23;738.0
2009-09-23;731.0
2009-09-23;734.0
2009-09-23;735.0
2009-09-24;747.0
2009-09-24;750.0
2009-09-24;744.0
2009-09-24;747.0
2009-09-25;755.0
2009-09-25;755.0
2009-09-25;755.0
2009-09-25;755.0
2009-09-26;751.0
2009-09-26;749.0
2009-09-26;752.0
2009-09-26;750.0
2009-09-27;748.0
2009-09-27;747.0
2009-09-27;748.0
2009-09-27;749.0
2009-09-28;744.0
2009-09-28;744.0
2009-09-28;745.0
2009-09-28;745.0
2009-09-29;740.0
2009-09-29;741.0
2009-09-29;740.0
2009-09-29;741.0
2009-09-30;736.0
2009-09-30;737.0
2009-09-30;738.0
2009-09-30;737.0
2009-10-01;743.0
2009-10-01;745.0
2009-10-01;744.0
2009-10-01;746.0
2009-10-02;748.0
2009-10-02;750.0
2009-10-02;749.0
2009-10-02;749.0
2009-10-03;764.0
2009-10-03;760.0
2009-10-03;764.0
2009-10-03;768.0
2009-10-04;764.0
2009-10-04;766.0
2009-10-04;762.0
2009-10-04;764.0
2009-10-05;760.0
2009-10-05;760.0
2009-10-05;760.0
2009-10-05;759.0
2009-10-06;759.0
2009-10-06;759.0
2009-10-06;758.0
2009-10-06;758.0
2009-10-07;761.0
2009-10-07;761.0
2009-10-07;761.0
2009-10-07;761.0
2009-10-08;761.0
2009-10-08;760.0
2009-10-08;760.0
2009-10-08;759.0
2009-10-09;753.0
2009-10-09;757.0
2009-10-09;755.0
2009-10-09;755.0
2009-10-10;747.0
2009-10-10;749.0
2009-10-10;744.0
2009-10-10;746.0
2009-10-11;739.0
2009-10-11;737.0
2009-10-11;740.0
2009-10-11;738.0
2009-10-12;740.0
2009-10-12;744.0
2009-10-12;736.0
2009-10-12;740.0
2009-10-13;750.0
2009-10-13;750.0
2009-10-13;749.0
2009-10-13;751.0
2009-10-14;742.0
2009-10-14;738.0
2009-10-14;742.0
2009-10-14;745.0
2009-10-15;727.0
2009-10-15;716.0
2009-10-15;722.0
2009-10-15;722.0
2009-10-16;706.0
2009-10-16;700.0
2009-10-16;703.0
2009-10-16;703.0
2009-10-17;692.0
2009-10-17;699.0
2009-10-17;699.0
2009-10-17;706.0
2009-10-18;726.0
2009-10-18;733.0
2009-10-18;732.0
2009-10-18;739.0
2009-10-19;749.0
2009-10-19;749.0
2009-10-19;750.0
2009-10-19;748.0
2009-10-20;745.0
2009-10-20;740.0
2009-10-20;745.0
2009-10-20;750.0
2009-10-21;729.0
2009-10-21;736.0
2009-10-21;722.0
2009-10-21;729.0
2009-10-22;712.0
2009-10-22;709.0
2009-10-22;706.0
2009-10-22;709.0
2009-10-23;700.0
2009-10-23;694.0
2009-10-23;697.0
2009-10-23;697.0
2009-10-24;687.0
2009-10-24;688.0
2009-10-24;686.0
2009-10-24;687.0
2009-10-25;683.0
2009-10-25;684.0
2009-10-25;682.0
2009-10-25;683.0
2009-10-26;677.0
2009-10-26;674.0
2009-10-26;671.0
2009-10-26;674.0
2009-10-27;662.0
2009-10-27;663.0
2009-10-27;662.0
2009-10-27;663.0
2009-10-28;660.0
2009-10-28;661.0
2009-10-28;659.0
2009-10-28;660.0
2009-10-29;652.0
2009-10-29;652.0
2009-10-29;649.0
2009-10-29;654.0
2009-10-30;636.0
2009-10-30;632.0
2009-10-30;639.0
2009-10-30;636.0
2009-10-31;622.0
2009-10-31;620.0
2009-10-31;622.0
2009-10-31;624.0
2009-11-01;612.0
2009-11-01;612.0
2009-11-01;614.0
2009-11-01;610.0
2009-11-02;599.0
2009-11-02;602.0
2009-11-02;596.0
2009-11-02;599.0
2009-11-03;586.0
2009-11-03;590.0
2009-11-03;587.0
2009-11-03;583.0
2009-11-04;575.0
2009-11-04;572.0
2009-11-04;577.0
2009-11-04;574.0
2009-11-05;560.0
2009-11-05;566.0
2009-11-05;563.0
2009-11-05;563.0
2009-11-06;552.0
2009-11-06;550.0
2009-11-06;552.0
2009-11-06;553.0
2009-11-07;545.0
2009-11-07;546.0
2009-11-07;545.0
2009-11-07;544.0
2009-11-08;538.0
2009-11-08;541.0
2009-11-08;540.0
2009-11-08;540.0
2009-11-09;532.0
2009-11-09;532.0
2009-11-09;530.0
2009-11-09;534.0
2009-11-10;526.0
2009-11-10;526.0
2009-11-10;527.0
2009-11-10;524.0
2009-11-11;519.0
2009-11-11;518.0
2009-11-11;520.0
2009-11-11;519.0
2009-11-12;515.0
2009-11-12;516.0
2009-11-12;514.0
2009-11-12;515.0
2009-11-13;514.0
2009-11-13;514.0
2009-11-13;515.0
2009-11-13;512.0
2009-11-14;524.0
2009-11-14;521.0
2009-11-14;527.0
2009-11-14;524.0
2009-11-15;532.0
2009-11-15;531.0
2009-11-15;531.0
2009-11-15;530.0
2009-11-16;539.0
2009-11-16;539.0
2009-11-16;543.0
2009-11-16;535.0
2009-11-17;540.0
2009-11-17;541.0
2009-11-17;540.0
2009-11-17;541.0
2009-11-18;539.0
2009-11-18;538.0
2009-11-18;539.0
2009-11-18;538.0
2009-11-19;539.0
2009-11-19;539.0
2009-11-19;538.0
2009-11-19;538.0
2009-11-20;540.0
2009-11-20;548.0
2009-11-20;544.0
2009-11-20;544.0
2009-11-21;552.0
2009-11-21;555.0
2009-11-21;555.0
2009-11-21;558.0
2009-11-22;564.0
2009-11-22;567.0
2009-11-22;564.0
2009-11-22;560.0
2009-11-23;575.0
2009-11-23;578.0
2009-11-23;575.0
2009-11-23;572.0
2009-11-24;584.0
2009-11-24;582.0
2009-11-24;585.0
2009-11-24;584.0
2009-11-25;587.0
2009-11-25;587.0
2009-11-25;587.0
2009-11-25;587.0
2009-11-26;587.0
2009-11-26;587.0
2009-11-26;587.0
2009-11-26;587.0
2009-11-27;586.0
2009-11-27;587.0
2009-11-27;586.0
2009-11-27;587.0
2009-11-28;584.0
2009-11-28;584.0
2009-11-28;584.0
2009-11-28;584.0
2009-11-29;584.0
2009-11-29;584.0
2009-11-29;583.0
2009-11-29;584.0
2009-11-30;587.0
2009-11-30;590.0
2009-11-30;590.0
2009-11-30;592.0
2009-12-01;602.0
2009-12-01;602.0
2009-12-01;600.0
2009-12-01;603.0
2009-12-02;609.0
2009-12-02;606.0
2009-12-02;608.0
2009-12-02;608.0
2009-12-03;612.0
2009-12-03;614.0
2009-12-03;615.0
2009-12-03;614.0
2009-12-04;623.0
2009-12-04;626.0
2009-12-04;620.0
2009-12-04;623.0
2009-12-05;633.0
2009-12-05;631.0
2009-12-05;632.0
2009-12-05;634.0
2009-12-06;637.0
2009-12-06;637.0
2009-12-06;637.0
2009-12-06;637.0
2009-12-07;633.0
2009-12-07;635.0
2009-12-07;634.0
2009-12-07;636.0
2009-12-08;622.0
2009-12-08;625.0
2009-12-08;628.0
2009-12-08;625.0
2009-12-09;614.0
2009-12-09;616.0
2009-12-09;611.0
2009-12-09;614.0
2009-12-10;604.0
2009-12-10;601.0
2009-12-10;606.0
2009-12-10;604.0
2009-12-11;592.0
2009-12-11;596.0
2009-12-11;594.0
2009-12-11;594.0
2009-12-12;584.0
2009-12-12;587.0
2009-12-12;586.0
2009-12-12;586.0
2009-12-13;583.0
2009-12-13;583.0
2009-12-13;583.0
2009-12-13;583.0
2009-12-14;590.0
2009-12-14;595.0
2009-12-14;592.0
2009-12-14;593.0
2009-12-15;613.0
2009-12-15;613.0
2009-12-15;619.0
2009-12-15;607.0
2009-12-16;628.0
2009-12-16;633.0
2009-12-16;623.0
2009-12-16;628.0
2009-12-17;633.0
2009-12-17;632.0
2009-12-17;634.0
2009-12-17;633.0
2009-12-18;624.0
2009-12-18;625.0
2009-12-18;625.0
2009-12-18;624.0
2009-12-19;618.0
2009-12-19;619.0
2009-12-19;616.0
2009-12-19;618.0
2009-12-20;613.0
2009-12-20;612.0
2009-12-20;610.0
2009-12-20;612.0
2009-12-21;607.0
2009-12-21;608.0
2009-12-21;606.0
2009-12-21;607.0
2009-12-22;603.0
2009-12-22;603.0
2009-12-22;603.0
2009-12-22;603.0
2009-12-23;602.0
2009-12-23;602.0
2009-12-23;602.0
2009-12-23;602.0
2009-12-24;598.0
2009-12-24;600.0
2009-12-24;601.0
2009-12-24;600.0
2009-12-25;590.0
2009-12-25;588.0
2009-12-25;592.0
2009-12-25;590.0
2009-12-26;580.0
2009-12-26;580.0
2009-12-26;581.0
2009-12-26;579.0
2009-12-27;582.0
2009-12-27;586.0
2009-12-27;584.0
2009-12-27;584.0
2009-12-28;591.0
2009-12-28;590.0
2009-12-28;590.0
2009-12-28;591.0
2009-12-29;588.0
2009-12-29;586.0
2009-12-29;590.0
2009-12-29;588.0
2009-12-30;576.0
2009-12-30;578.0
2009-12-30;580.0
2009-12-30;578.0
2009-12-31;567.0
2009-12-31;566.0
2009-12-31;569.0
2009-12-31;564.0
2010-01-01;555.0
2010-01-01;550.0
2010-01-01;553.0
2010-01-01;552.0
2010-01-02;540.0
2010-01-02;540.0
2010-01-02;536.0
2010-01-02;543.0
2010-01-03;528.0
2010-01-03;526.0
2010-01-03;523.0
2010-01-03;526.0
2010-01-04;516.0
2010-01-04;514.0
2010-01-04;514.0
2010-01-04;511.0
2010-01-05;503.0
2010-01-05;505.0
2010-01-05;503.0
2010-01-05;501.0
2010-01-06;492.0
2010-01-06;493.0
2010-01-06;490.0
2010-01-06;495.0
2010-01-07;488.0
2010-01-07;488.0
2010-01-07;489.0
2010-01-07;489.0
2010-01-08;497.0
2010-01-08;498.0
2010-01-08;496.0
2010-01-08;495.0
2010-01-09;498.0
2010-01-09;498.0
2010-01-09;498.0
2010-01-09;498.0
2010-01-10;497.0
2010-01-10;497.0
2010-01-10;497.0
2010-01-10;497.0
2010-01-11;486.0
2010-01-11;483.0
2010-01-11;489.0
2010-01-11;486.0
2010-01-12;473.0
2010-01-12;469.0
2010-01-12;477.0
2010-01-12;473.0
2010-01-13;466.0
2010-01-13;460.0
2010-01-13;463.0
2010-01-13;463.0
2010-01-14;454.0
2010-01-14;451.0
2010-01-14;449.0
2010-01-14;452.0
2010-01-15;456.0
2010-01-15;451.0
2010-01-15;447.0
2010-01-15;452.0
2010-01-16;465.0
2010-01-16;460.0
2010-01-16;460.0
2010-01-16;455.0
2010-01-17;494.0
2010-01-17;484.0
2010-01-17;504.0
2010-01-17;494.0
2010-01-18;531.0
2010-01-18;526.0
2010-01-18;530.0
2010-01-18;535.0
2010-01-19;539.0
2010-01-19;537.0
2010-01-19;538.0
2010-01-19;540.0
2010-01-20;526.0
2010-01-20;530.0
2010-01-20;522.0
2010-01-20;526.0
2010-01-21;505.0
2010-01-21;508.0
2010-01-21;508.0
2010-01-21;510.0
2010-01-22;494.0
2010-01-22;497.0
2010-01-22;494.0
2010-01-22;491.0
2010-01-23;477.0
2010-01-23;480.0
2010-01-23;480.0
2010-01-23;483.0
2010-01-24;467.0
2010-01-24;463.0
2010-01-24;465.0
2010-01-24;465.0
2010-01-25;460.0
2010-01-25;459.0
2010-01-25;460.0
2010-01-25;461.0
2010-01-26;473.0
2010-01-26;478.0
2010-01-26;468.0
2010-01-26;473.0
2010-01-27;485.0
2010-01-27;487.0
2010-01-27;486.0
2010-01-27;486.0
2010-01-28;486.0
2010-01-28;486.0
2010-01-28;487.0
2010-01-28;485.0
2010-01-29;483.0
2010-01-29;484.0
2010-01-29;484.0
2010-01-29;484.0
2010-01-30;488.0
2010-01-30;489.0
2010-01-30;488.0
2010-01-30;489.0
2010-01-31;482.0
2010-01-31;484.0
2010-01-31;480.0
2010-01-31;482.0
2010-02-01;473.0
2010-02-01;468.0
2010-02-01;471.0
2010-02-01;470.0
2010-02-02;464.0
2010-02-02;464.0
2010-02-02;464.0
2010-02-02;464.0
2010-02-03;468.0
2010-02-03;467.0
2010-02-03;466.0
2010-02-03;467.0
2010-02-04;467.0
2010-02-04;466.0
2010-02-04;468.0
2010-02-04;467.0
2010-02-05;458.0
2010-02-05;460.0
2010-02-05;456.0
2010-02-05;458.0
2010-02-06;456.0
2010-02-06;456.0
2010-02-06;456.0
2010-02-06;456.0
2010-02-07;463.0
2010-02-07;465.0
2010-02-07;462.0
2010-02-07;460.0
2010-02-08;473.0
2010-02-08;475.0
2010-02-08;470.0
2010-02-08;472.0
2010-02-09;479.0
2010-02-09;480.0
2010-02-09;477.0
2010-02-09;478.0
2010-02-10;479.0
2010-02-10;479.0
2010-02-10;478.0
2010-02-10;478.0
2010-02-11;476.0
2010-02-11;476.0
2010-02-11;477.0
2010-02-11;477.0
2010-02-12;474.0
2010-02-12;474.0
2010-02-12;473.0
2010-02-12;475.0
2010-02-13;470.0
2010-02-13;471.0
2010-02-13;469.0
2010-02-13;470.0
2010-02-14;470.0
2010-02-14;470.0
2010-02-14;469.0
2010-02-14;470.0
2010-02-15;477.0
2010-02-15;476.0
2010-02-15;479.0
2010-02-15;474.0
2010-02-16;481.0
2010-02-16;482.0
2010-02-16;482.0
2010-02-16;482.0
2010-02-17;481.0
2010-02-17;480.0
2010-02-17;481.0
2010-02-17;480.0
2010-02-18;488.0
2010-02-18;490.0
2010-02-18;488.0
2010-02-18;485.0
2010-02-19;492.0
2010-02-19;491.0
2010-02-19;492.0
2010-02-19;492.0
2010-02-20;494.0
2010-02-20;494.0
2010-02-20;493.0
2010-02-20;493.0
2010-02-21;496.0
2010-02-21;497.0
2010-02-21;498.0
2010-02-21;499.0
2010-02-22;505.0
2010-02-22;509.0
2010-02-22;507.0
2010-02-22;507.0
2010-02-23;510.0
2010-02-23;510.0
2010-02-23;509.0
2010-02-23;510.0
2010-02-24;506.0
2010-02-24;506.0
2010-02-24;506.0
2010-02-24;506.0
2010-02-25;506.0
2010-02-25;506.0
2010-02-25;506.0
2010-02-25;506.0
2010-02-26;513.0
2010-02-26;507.0
2010-02-26;510.0
2010-02-26;510.0
2010-02-27;516.0
2010-02-27;516.0
2010-02-27;516.0
2010-02-27;516.0
2010-02-28;514.0
2010-02-28;512.0
2010-02-28;513.0
2010-02-28;511.0
2010-03-01;508.0
2010-03-01;509.0
2010-03-01;509.0
2010-03-01;508.0
2010-03-02;501.0
2010-03-02;505.0
2010-03-02;501.0
2010-03-02;497.0
2010-03-03;508.0
2010-03-03;504.0
2010-03-03;509.0
2010-03-03;513.0
2010-03-04;522.0
2010-03-04;522.0
2010-03-04;522.0
2010-03-04;522.0
2010-03-05;518.0
2010-03-05;521.0
2010-03-05;520.0
2010-03-05;520.0
2010-03-06;510.0
2010-03-06;513.0
2010-03-06;516.0
2010-03-06;513.0
2010-03-07;511.0
2010-03-07;511.0
2010-03-07;511.0
2010-03-07;511.0
2010-03-08;512.0
2010-03-08;512.0
2010-03-08;512.0
2010-03-08;512.0
2010-03-09;513.0
2010-03-09;514.0
2010-03-09;512.0
2010-03-09;513.0
2010-03-10;524.0
2010-03-10;519.0
2010-03-10;519.0
2010-03-10;514.0
2010-03-11;554.0
2010-03-11;539.0
2010-03-11;546.0
2010-03-11;547.0
2010-03-12;564.0
2010-03-12;572.0
2010-03-12;568.0
2010-03-12;568.0
2010-03-13;585.0
2010-03-13;583.0
2010-03-13;583.0
2010-03-13;581.0
2010-03-14;590.0
2010-03-14;586.0
2010-03-14;593.0
2010-03-14;590.0
2010-03-15;606.0
2010-03-15;605.0
2010-03-15;604.0
2010-03-15;605.0
2010-03-16;612.0
2010-03-16;610.0
2010-03-16;612.0
2010-03-16;614.0
2010-03-17;615.0
2010-03-17;614.0
2010-03-17;615.0
2010-03-17;614.0
2010-03-18;610.0
2010-03-18;610.0
2010-03-18;609.0
2010-03-18;611.0
2010-03-19;613.0
2010-03-19;610.0
2010-03-19;616.0
2010-03-19;613.0
2010-03-20;633.0
2010-03-20;630.0
2010-03-20;630.0
2010-03-20;626.0
2010-03-21;640.0
2010-03-21;637.0
2010-03-21;642.0
2010-03-21;640.0
2010-03-22;644.0
2010-03-22;644.0
2010-03-22;644.0
2010-03-22;644.0
2010-03-23;641.0
2010-03-23;640.0
2010-03-23;639.0
2010-03-23;642.0
2010-03-24;642.0
2010-03-24;641.0
2010-03-24;643.0
2010-03-24;642.0
2010-03-25;649.0
2010-03-25;646.0
2010-03-25;652.0
2010-03-25;649.0
2010-03-26;659.0
2010-03-26;658.0
2010-03-26;658.0
2010-03-26;659.0
2010-03-27;658.0
2010-03-27;658.0
2010-03-27;657.0
2010-03-27;658.0
2010-03-28;661.0
2010-03-28;656.0
2010-03-28;660.0
2010-03-28;665.0
2010-03-29;666.0
2010-03-29;667.0
2010-03-29;668.0
2010-03-29;667.0
2010-03-30;659.0
2010-03-30;656.0
2010-03-30;652.0
2010-03-30;656.0
2010-03-31;646.0
2010-03-31;639.0
2010-03-31;631.0
2010-03-31;638.0
2010-04-01;638.0
2010-04-01;629.0
2010-04-01;634.0
2010-04-01;634.0
2010-04-02;608.0
2010-04-02;613.0
2010-04-02;613.0
2010-04-02;618.0
2010-04-03;587.0
2010-04-03;592.0
2010-04-03;592.0
2010-04-03;596.0
2010-04-04;574.0
2010-04-04;579.0
2010-04-04;570.0
2010-04-04;575.0
2010-04-05;579.0
2010-04-05;569.0
2010-04-05;574.0
2010-04-05;574.0
2010-04-06;602.0
2010-04-06;598.0
2010-04-06;594.0
2010-04-06;598.0
2010-04-07;616.0
2010-04-07;626.0
2010-04-07;636.0
2010-04-07;626.0
2010-04-08;689.0
2010-04-08;660.0
2010-04-08;674.0
2010-04-08;675.0
2010-04-09;736.0
2010-04-09;706.0
2010-04-09;721.0
2010-04-09;721.0
2010-04-10;751.0
2010-04-10;742.0
2010-04-10;760.0
2010-04-10;751.0
2010-04-11;799.0
2010-04-11;809.0
2010-04-11;799.0
2010-04-11;789.0
2010-04-12;851.0
2010-04-12;865.0
2010-04-12;865.0
2010-04-12;879.0
2010-04-13;921.0
2010-04-13;928.0
2010-04-13;914.0
2010-04-13;921.0
2010-04-14;962.0
2010-04-14;972.0
2010-04-14;962.0
2010-04-14;952.0
2010-04-15;1004.0
2010-04-15;993.0
2010-04-15;999.0
2010-04-15;998.0
2010-04-16;1007.0
2010-04-16;1008.0
2010-04-16;1009.0
2010-04-16;1008.0
2010-04-17;1001.0
2010-04-17;998.0
2010-04-17;995.0
2010-04-17;998.0
2010-04-18;976.0
2010-04-18;979.0
2010-04-18;979.0
2010-04-18;982.0
2010-04-19;954.0
2010-04-19;948.0
2010-04-19;960.0
2010-04-19;954.0
2010-04-20;921.0
2010-04-20;920.0
2010-04-20;928.0
2010-04-20;913.0
2010-04-21;891.0
2010-04-21;873.0
2010-04-21;882.0
2010-04-21;882.0
2010-04-22;846.0
2010-04-22;851.0
2010-04-22;855.0
2010-04-22;851.0
2010-04-23;834.0
2010-04-23;834.0
2010-04-23;834.0
2010-04-23;834.0
2010-04-24;832.0
2010-04-24;832.0
2010-04-24;832.0
2010-04-24;832.0
2010-04-25;831.0
2010-04-25;831.0
2010-04-25;831.0
2010-04-25;831.0
2010-04-26;849.0
2010-04-26;842.0
2010-04-26;841.0
2010-04-26;834.0
2010-04-27;872.0
2010-04-27;868.0
2010-04-27;868.0
2010-04-27;863.0
2010-04-28;886.0
2010-04-28;882.0
2010-04-28;889.0
2010-04-28;886.0
2010-04-29;893.0
2010-04-29;893.0
2010-04-29;893.0
2010-04-29;893.0
2010-04-30;886.0
2010-04-30;886.0
2010-04-30;888.0
2010-04-30;884.0
2010-05-01;875.0
2010-05-01;875.0
2010-05-01;876.0
2010-05-01;874.0
2010-05-02;863.0
2010-05-02;865.0
2010-05-02;864.0
2010-05-02;864.0
2010-05-03;865.0
2010-05-03;860.0
2010-05-03;863.0
2010-05-03;862.0
2010-05-04;881.0
2010-05-04;876.0
2010-05-04;886.0
2010-05-04;881.0
2010-05-05;896.0
2010-05-05;901.0
2010-05-05;901.0
2010-05-05;905.0
2010-05-06;915.0
2010-05-06;914.0
2010-05-06;915.0
2010-05-06;916.0
2010-05-07;919.0
2010-05-07;919.0
2010-05-07;920.0
2010-05-07;918.0
2010-05-08;914.0
2010-05-08;914.0
2010-05-08;914.0
2010-05-08;914.0
2010-05-09;917.0
2010-05-09;918.0
2010-05-09;917.0
2010-05-09;916.0
2010-05-10;921.0
2010-05-10;923.0
2010-05-10;922.0
2010-05-10;922.0
2010-05-11;924.0
2010-05-11;923.0
2010-05-11;924.0
2010-05-11;924.0
2010-05-12;919.0
2010-05-12;919.0
2010-05-12;921.0
2010-05-12;917.0
2010-05-13;909.0
2010-05-13;906.0
2010-05-13;909.0
2010-05-13;911.0
2010-05-14;895.0
2010-05-14;898.0
2010-05-14;895.0
2010-05-14;892.0
2010-05-15;884.0
2010-05-15;882.0
2010-05-15;886.0
2010-05-15;884.0
2010-05-16;875.0
2010-05-16;877.0
2010-05-16;879.0
2010-05-16;877.0
2010-05-17;870.0
2010-05-17;868.0
2010-05-17;870.0
2010-05-17;872.0
2010-05-18;865.0
2010-05-18;865.0
2010-05-18;866.0
2010-05-18;864.0
2010-05-19;878.0
2010-05-19;868.0
2010-05-19;873.0
2010-05-19;873.0
2010-05-20;899.0
2010-05-20;897.0
2010-05-20;898.0
2010-05-20;900.0
2010-05-21;912.0
2010-05-21;912.0
2010-05-21;909.0
2010-05-21;914.0
2010-05-22;917.0
2010-05-22;917.0
2010-05-22;916.0
2010-05-22;916.0
2010-05-23;916.0
2010-05-23;916.0
2010-05-23;916.0
2010-05-23;916.0
2010-05-24;915.0
2010-05-24;913.0
2010-05-24;914.0
2010-05-24;914.0
2010-05-25;905.0
2010-05-25;900.0
2010-05-25;904.0
2010-05-25;909.0
2010-05-26;885.0
2010-05-26;890.0
2010-05-26;894.0
2010-05-26;890.0
2010-05-27;878.0
2010-05-27;877.0
2010-05-27;879.0
2010-05-27;880.0
2010-05-28;866.0
2010-05-28;871.0
2010-05-28;868.0
2010-05-28;869.0
2010-05-29;858.0
2010-05-29;860.0
2010-05-29;858.0
2010-05-29;856.0
2010-05-30;856.0
2010-05-30;858.0
2010-05-30;854.0
2010-05-30;856.0
2010-05-31;864.0
2010-05-31;861.0
2010-05-31;862.0
2010-05-31;863.0
2010-06-01;873.0
2010-06-01;876.0
2010-06-01;870.0
2010-06-01;873.0
2010-06-02;895.0
2010-06-02;885.0
2010-06-02;890.0
2010-06-02;890.0
2010-06-03;903.0
2010-06-03;905.0
2010-06-03;902.0
2010-06-03;900.0
2010-06-04;935.0
2010-06-04;942.0
2010-06-04;928.0
2010-06-04;935.0
2010-06-05;952.0
2010-06-05;953.0
2010-06-05;953.0
2010-06-05;952.0
2010-06-06;977.0
2010-06-06;982.0
2010-06-06;972.0
2010-06-06;977.0
2010-06-07;993.0
2010-06-07;992.0
2010-06-07;991.0
2010-06-07;990.0
2010-06-08;997.0
2010-06-08;995.0
2010-06-08;997.0
2010-06-08;999.0
2010-06-09;1000.0
2010-06-09;999.0
2010-06-09;1001.0
2010-06-09;1000.0
2010-06-10;993.0
2010-06-10;995.0
2010-06-10;995.0
2010-06-10;997.0
2010-06-11;988.0
2010-06-11;990.0
2010-06-11;989.0
2010-06-11;987.0
2010-06-12;980.0
2010-06-12;979.0
2010-06-12;981.0
2010-06-12;982.0
2010-06-13;978.0
2010-06-13;977.0
2010-06-13;978.0
2010-06-13;978.0
2010-06-14;980.0
2010-06-14;981.0
2010-06-14;982.0
2010-06-14;981.0
2010-06-15;984.0
2010-06-15;984.0
2010-06-15;984.0
2010-06-15;984.0
2010-06-16;987.0
2010-06-16;986.0
2010-06-16;986.0
2010-06-16;985.0
2010-06-17;997.0
2010-06-17;1000.0
2010-06-17;997.0
2010-06-17;994.0
2010-06-18;1008.0
2010-06-18;1008.0
2010-06-18;1008.0
2010-06-18;1008.0
2010-06-19;1010.0
2010-06-19;1011.0
2010-06-19;1011.0
2010-06-19;1010.0
2010-06-20;1011.0
2010-06-20;1012.0
2010-06-20;1012.0
2010-06-20;1012.0
2010-06-21;1013.0
2010-06-21;1013.0
2010-06-21;1012.0
2010-06-21;1012.0
2010-06-22;1015.0
2010-06-22;1016.0
2010-06-22;1013.0
2010-06-22;1014.0
2010-06-23;1020.0
2010-06-23;1019.0
2010-06-23;1021.0
2010-06-23;1020.0
2010-06-24;1019.0
2010-06-24;1018.0
2010-06-24;1020.0
2010-06-24;1019.0
2010-06-25;1010.0
2010-06-25;1007.0
2010-06-25;1013.0
2010-06-25;1010.0
2010-06-26;999.0
2010-06-26;1001.0
2010-06-26;999.0
2010-06-26;997.0
2010-06-27;989.0
2010-06-27;986.0
2010-06-27;989.0
2010-06-27;992.0
2010-06-28;988.0
2010-06-28;993.0
2010-06-28;998.0
2010-06-28;993.0
2010-06-29;1018.0
2010-06-29;1018.0
2010-06-29;1024.0
2010-06-29;1012.0
2010-06-30;1036.0
2010-06-30;1034.0
2010-06-30;1039.0
2010-06-30;1037.0
2010-07-01;1050.0
2010-07-01;1048.0
2010-07-01;1048.0
2010-07-01;1045.0
2010-07-02;1050.0
2010-07-02;1051.0
2010-07-02;1050.0
2010-07-02;1048.0
2010-07-03;1043.0
2010-07-03;1041.0
2010-07-03;1043.0
2010-07-03;1045.0
2010-07-04;1040.0
2010-07-04;1035.0
2010-07-04;1038.0
2010-07-04;1038.0
2010-07-05;1028.0
2010-07-05;1024.0
2010-07-05;1025.0
2010-07-05;1021.0
2010-07-06;1010.0
2010-07-06;1006.0
2010-07-06;1006.0
2010-07-06;1001.0
2010-07-07;989.0
2010-07-07;985.0
2010-07-07;985.0
2010-07-07;980.0
2010-07-08;966.0
2010-07-08;969.0
2010-07-08;963.0
2010-07-08;966.0
2010-07-09;951.0
2010-07-09;951.0
2010-07-09;949.0
2010-07-09;953.0
2010-07-10;949.0
2010-07-10;947.0
2010-07-10;948.0
2010-07-10;950.0
2010-07-11;958.0
2010-07-11;956.0
2010-07-11;953.0
2010-07-11;956.0
2010-07-12;964.0
2010-07-12;963.0
2010-07-12;965.0
2010-07-12;964.0
2010-07-13;963.0
2010-07-13;965.0
2010-07-13;961.0
2010-07-13;963.0
2010-07-14;948.0
2010-07-14;954.0
2010-07-14;941.0
2010-07-14;948.0
2010-07-15;941.0
2010-07-15;940.0
2010-07-15;940.0
2010-07-15;941.0
2010-07-16;953.0
2010-07-16;950.0
2010-07-16;956.0
2010-07-16;953.0
2010-07-17;967.0
2010-07-17;969.0
2010-07-17;970.0
2010-07-17;968.0
2010-07-18;969.0
2010-07-18;972.0
2010-07-18;966.0
2010-07-18;969.0
2010-07-19;957.0
2010-07-19;954.0
2010-07-19;960.0
2010-07-19;957.0
2010-07-20;938.0
2010-07-20;933.0
2010-07-20;942.0
2010-07-20;938.0
2010-07-21;914.0
2010-07-21;914.0
2010-07-21;919.0
2010-07-21;908.0
2010-07-22;885.0
2010-07-22;892.0
2010-07-22;888.0
2010-07-22;889.0
2010-07-23;865.0
2010-07-23;873.0
2010-07-23;869.0
2010-07-23;869.0
2010-07-24;850.0
2010-07-24;850.0
2010-07-24;846.0
2010-07-24;854.0
2010-07-25;835.0
2010-07-25;832.0
2010-07-25;835.0
2010-07-25;838.0
2010-07-26;830.0
2010-07-26;830.0
2010-07-26;829.0
2010-07-26;830.0
2010-07-27;845.0
2010-07-27;842.0
2010-07-27;847.0
2010-07-27;844.0
2010-07-28;854.0
2010-07-28;855.0
2010-07-28;855.0
2010-07-28;854.0
2010-07-29;857.0
2010-07-29;857.0
2010-07-29;856.0
2010-07-29;858.0
2010-07-30;863.0
2010-07-30;864.0
2010-07-30;862.0
2010-07-30;863.0
2010-07-31;865.0
2010-07-31;866.0
2010-07-31;866.0
2010-07-31;865.0
2010-08-01;860.0
2010-08-01;864.0
2010-08-01;862.0
2010-08-01;862.0
2010-08-02;851.0
2010-08-02;847.0
2010-08-02;855.0
2010-08-02;851.0
2010-08-03;833.0
2010-08-03;829.0
2010-08-03;837.0
2010-08-03;833.0
2010-08-04;814.0
2010-08-04;820.0
2010-08-04;817.0
2010-08-04;817.0
2010-08-05;807.0
2010-08-05;804.0
2010-08-05;802.0
2010-08-05;805.0
2010-08-06;800.0
2010-08-06;799.0
2010-08-06;800.0
2010-08-06;800.0
2010-08-07;807.0
2010-08-07;810.0
2010-08-07;807.0
2010-08-07;804.0
2010-08-08;818.0
2010-08-08;818.0
2010-08-08;818.0
2010-08-08;818.0
2010-08-09;820.0
2010-08-09;822.0
2010-08-09;821.0
2010-08-09;821.0
2010-08-10;818.0
2010-08-10;816.0
2010-08-10;819.0
2010-08-10;818.0
2010-08-11;807.0
2010-08-11;809.0
2010-08-11;811.0
2010-08-11;809.0
2010-08-12;802.0
2010-08-12;802.0
2010-08-12;802.0
2010-08-12;802.0
2010-08-13;801.0
2010-08-13;801.0
2010-08-13;803.0
2010-08-13;799.0
2010-08-14;819.0
2010-08-14;814.0
2010-08-14;810.0
2010-08-14;815.0
2010-08-15;831.0
2010-08-15;835.0
2010-08-15;835.0
2010-08-15;839.0
2010-08-16;851.0
2010-08-16;854.0
2010-08-16;851.0
2010-08-16;848.0
2010-08-17;864.0
2010-08-17;866.0
2010-08-17;862.0
2010-08-17;864.0
2010-08-18;870.0
2010-08-18;870.0
2010-08-18;870.0
2010-08-18;870.0
2010-08-19;864.0
2010-08-19;865.0
2010-08-19;865.0
2010-08-19;864.0
2010-08-20;847.0
2010-08-20;840.0
2010-08-20;854.0
2010-08-20;847.0
2010-08-21;833.0
2010-08-21;825.0
2010-08-21;829.0
2010-08-21;829.0
2010-08-22;819.0
2010-08-22;820.0
2010-08-22;818.0
2010-08-22;819.0
2010-08-23;809.0
2010-08-23;812.0
2010-08-23;806.0
2010-08-23;809.0
2010-08-24;795.0
2010-08-24;792.0
2010-08-24;797.0
2010-08-24;794.0
2010-08-25;784.0
2010-08-25;788.0
2010-08-25;786.0
2010-08-25;786.0
2010-08-26;776.0
2010-08-26;778.0
2010-08-26;776.0
2010-08-26;773.0
2010-08-27;766.0
2010-08-27;767.0
2010-08-27;766.0
2010-08-27;764.0
2010-08-28;766.0
2010-08-28;765.0
2010-08-28;767.0
2010-08-28;766.0
2010-08-29;769.0
2010-08-29;768.0
2010-08-29;768.0
2010-08-29;769.0
2010-08-30;783.0
2010-08-30;777.0
2010-08-30;789.0
2010-08-30;783.0
2010-08-31;802.0
2010-08-31;800.0
2010-08-31;804.0
2010-08-31;802.0
2010-09-01;806.0
2010-09-01;805.0
2010-09-01;806.0
2010-09-01;806.0
2010-09-02;797.0
2010-09-02;797.0
2010-09-02;800.0
2010-09-02;794.0
2010-09-03;780.0
2010-09-03;778.0
2010-09-03;783.0
2010-09-03;781.0
2010-09-04;766.0
2010-09-04;768.0
2010-09-04;770.0
2010-09-04;768.0
2010-09-05;748.0
2010-09-05;736.0
2010-09-05;748.0
2010-09-05;760.0
2010-09-06;745.0
2010-09-06;740.0
2010-09-06;750.0
2010-09-06;745.0
2010-09-07;770.0
2010-09-07;745.0
2010-09-07;758.0
2010-09-07;758.0
2010-09-08;814.0
2010-09-08;825.0
2010-09-08;803.0
2010-09-08;814.0
2010-09-09;865.0
2010-09-09;858.0
2010-09-09;851.0
2010-09-09;858.0
2010-09-10;870.0
2010-09-10;870.0
2010-09-10;870.0
2010-09-10;870.0
2010-09-11;867.0
2010-09-11;860.0
2010-09-11;864.0
2010-09-11;864.0
2010-09-12;852.0
2010-09-12;852.0
2010-09-12;851.0
2010-09-12;852.0
2010-09-13;840.0
2010-09-13;842.0
2010-09-13;838.0
2010-09-13;840.0
2010-09-14;830.0
2010-09-14;828.0
2010-09-14;832.0
2010-09-14;830.0
2010-09-15;818.0
2010-09-15;813.0
2010-09-15;808.0
2010-09-15;813.0
2010-09-16;799.0
2010-09-16;794.0
2010-09-16;794.0
2010-09-16;788.0
2010-09-17;770.0
2010-09-17;778.0
2010-09-17;771.0
2010-09-17;763.0
2010-09-18;744.0
2010-09-18;749.0
2010-09-18;744.0
2010-09-18;739.0
2010-09-19;715.0
2010-09-19;721.0
2010-09-19;726.0
2010-09-19;720.0
2010-09-20;700.0
2010-09-20;696.0
2010-09-20;705.0
2010-09-20;701.0
2010-09-21;679.0
2010-09-21;684.0
2010-09-21;674.0
2010-09-21;679.0
2010-09-22;662.0
2010-09-22;662.0
2010-09-22;658.0
2010-09-22;665.0
2010-09-23;650.0
2010-09-23;651.0
2010-09-23;652.0
2010-09-23;649.0
2010-09-24;650.0
2010-09-24;650.0
2010-09-24;650.0
2010-09-24;650.0
2010-09-25;648.0
2010-09-25;648.0
2010-09-25;646.0
2010-09-25;649.0
2010-09-26;636.0
2010-09-26;642.0
2010-09-26;630.0
2010-09-26;636.0
2010-09-27;624.0
2010-09-27;621.0
2010-09-27;624.0
2010-09-27;626.0
2010-09-28;606.0
2010-09-28;609.0
2010-09-28;612.0
2010-09-28;609.0
2010-09-29;599.0
2010-09-29;598.0
2010-09-29;600.0
2010-09-29;599.0
2010-09-30;594.0
2010-09-30;592.0
2010-09-30;595.0
2010-09-30;594.0
2010-10-01;585.0
2010-10-01;588.0
2010-10-01;586.0
2010-10-01;587.0
2010-10-02;580.0
2010-10-02;582.0
2010-10-02;578.0
2010-10-02;580.0
2010-10-03;572.0
2010-10-03;574.0
2010-10-03;570.0
2010-10-03;572.0
2010-10-04;566.0
2010-10-04;567.0
2010-10-04;567.0
2010-10-04;566.0
2010-10-05;566.0
2010-10-05;568.0
2010-10-05;566.0
2010-10-05;564.0
2010-10-06;576.0
2010-10-06;582.0
2010-10-06;583.0
2010-10-06;589.0
2010-10-07;600.0
2010-10-07;601.0
2010-10-07;600.0
2010-10-07;598.0
2010-10-08;598.0
2010-10-08;598.0
2010-10-08;595.0
2010-10-08;600.0
2010-10-09;588.0
2010-10-09;588.0
2010-10-09;586.0
2010-10-09;589.0
2010-10-10;582.0
2010-10-10;581.0
2010-10-10;581.0
2010-10-10;580.0
2010-10-11;578.0
2010-10-11;578.0
2010-10-11;579.0
2010-10-11;579.0
2010-10-12;580.0
2010-10-12;580.0
2010-10-12;580.0
2010-10-12;580.0
2010-10-13;582.0
2010-10-13;582.0
2010-10-13;581.0
2010-10-13;582.0
2010-10-14;590.0
2010-10-14;588.0
2010-10-14;588.0
2010-10-14;585.0
2010-10-15;608.0
2010-10-15;608.0
2010-10-15;601.0
2010-10-15;615.0
2010-10-16;625.0
2010-10-16;648.0
2010-10-16;636.0
2010-10-16;637.0
2010-10-17;670.0
2010-10-17;675.0
2010-10-17;664.0
2010-10-17;670.0
2010-10-18;682.0
2010-10-18;682.0
2010-10-18;682.0
2010-10-18;682.0
2010-10-19;676.0
2010-10-19;679.0
2010-10-19;676.0
2010-10-19;673.0
2010-10-20;661.0
2010-10-20;664.0
2010-10-20;662.0
2010-10-20;663.0
2010-10-21;656.0
2010-10-21;658.0
2010-10-21;655.0
2010-10-21;657.0
2010-10-22;656.0
2010-10-22;656.0
2010-10-22;656.0
2010-10-22;656.0
2010-10-23;653.0
2010-10-23;650.0
2010-10-23;655.0
2010-10-23;652.0
2010-10-24;640.0
2010-10-24;643.0
2010-10-24;636.0
2010-10-24;640.0
2010-10-25;624.0
2010-10-25;628.0
2010-10-25;624.0
2010-10-25;620.0
2010-10-26;603.0
2010-10-26;606.0
2010-10-26;610.0
2010-10-26;607.0
2010-10-27;595.0
2010-10-27;595.0
2010-10-27;592.0
2010-10-27;598.0
2010-10-28;583.0
2010-10-28;582.0
2010-10-28;586.0
2010-10-28;579.0
2010-10-29;572.0
2010-10-29;573.0
2010-10-29;573.0
2010-10-29;574.0
2010-10-30;574.0
2010-10-30;574.0
2010-10-30;574.0
2010-10-30;574.0
2010-10-31;572.0
2010-10-31;573.0
2010-10-31;572.0
2010-10-31;570.0
2010-11-01;550.0
2010-11-01;558.0
2010-11-01;558.0
2010-11-01;565.0
2010-11-02;544.0
2010-11-02;548.0
2010-11-02;546.0
2010-11-02;546.0
2010-11-03;536.0
2010-11-03;538.0
2010-11-03;533.0
2010-11-03;536.0
2010-11-04;526.0
2010-11-04;528.0
2010-11-04;528.0
2010-11-04;529.0
2010-11-05;523.0
2010-11-05;522.0
2010-11-05;522.0
2010-11-05;523.0
2010-11-06;522.0
2010-11-06;523.0
2010-11-06;522.0
2010-11-06;521.0
2010-11-07;531.0
2010-11-07;533.0
2010-11-07;528.0
2010-11-07;530.0
2010-11-08;544.0
2010-11-08;544.0
2010-11-08;547.0
2010-11-08;541.0
2010-11-09;566.0
2010-11-09;557.0
2010-11-09;562.0
2010-11-09;562.0
2010-11-10;585.0
2010-11-10;573.0
2010-11-10;579.0
2010-11-10;579.0
2010-11-11;592.0
2010-11-11;592.0
2010-11-11;591.0
2010-11-11;592.0
2010-11-12;591.0
2010-11-12;591.0
2010-11-12;591.0
2010-11-12;591.0
2010-11-13;600.0
2010-11-13;603.0
2010-11-13;601.0
2010-11-13;598.0
2010-11-14;610.0
2010-11-14;610.0
2010-11-14;608.0
2010-11-14;611.0
2010-11-15;617.0
2010-11-15;618.0
2010-11-15;615.0
2010-11-15;616.0
2010-11-16;618.0
2010-11-16;619.0
2010-11-16;618.0
2010-11-16;619.0
2010-11-17;620.0
2010-11-17;621.0
2010-11-17;620.0
2010-11-17;619.0
2010-11-18;627.0
2010-11-18;631.0
2010-11-18;635.0
2010-11-18;631.0
2010-11-19;650.0
2010-11-19;654.0
2010-11-19;645.0
2010-11-19;650.0
2010-11-20;673.0
2010-11-20;669.0
2010-11-20;668.0
2010-11-20;664.0
2010-11-21;702.0
2010-11-21;690.0
2010-11-21;696.0
2010-11-21;696.0
2010-11-22;723.0
2010-11-22;725.0
2010-11-22;720.0
2010-11-22;722.0
2010-11-23;741.0
2010-11-23;738.0
2010-11-23;741.0
2010-11-23;744.0
2010-11-24;746.0
2010-11-24;745.0
2010-11-24;746.0
2010-11-24;746.0
2010-11-25;736.0
2010-11-25;737.0
2010-11-25;735.0
2010-11-25;738.0
2010-11-26;718.0
2010-11-26;726.0
2010-11-26;722.0
2010-11-26;722.0
2010-11-27;706.0
2010-11-27;698.0
2010-11-27;702.0
2010-11-27;702.0
2010-11-28;692.0
2010-11-28;692.0
2010-11-28;688.0
2010-11-28;696.0
2010-11-29;664.0
2010-11-29;679.0
2010-11-29;672.0
2010-11-29;672.0
2010-11-30;654.0
2010-11-30;651.0
2010-11-30;654.0
2010-11-30;656.0
2010-12-01;643.0
2010-12-01;641.0
2010-12-01;643.0
2010-12-01;645.0
2010-12-02;641.0
2010-12-02;641.0
2010-12-02;640.0
2010-12-02;640.0
2010-12-03;644.0
2010-12-03;638.0
2010-12-03;650.0
2010-12-03;644.0
2010-12-04;659.0
2010-12-04;659.0
2010-12-04;660.0
2010-12-04;658.0
2010-12-05;663.0
2010-12-05;664.0
2010-12-05;665.0
2010-12-05;664.0
2010-12-06;673.0
2010-12-06;675.0
2010-12-06;671.0
2010-12-06;673.0
2010-12-07;679.0
2010-12-07;678.0
2010-12-07;679.0
2010-12-07;680.0
2010-12-08;670.0
2010-12-08;666.0
2010-12-08;674.0
2010-12-08;670.0
2010-12-09;650.0
2010-12-09;655.0
2010-12-09;645.0
2010-12-09;650.0
2010-12-10;636.0
2010-12-10;633.0
2010-12-10;633.0
2010-12-10;630.0
2010-12-11;618.0
2010-12-11;620.0
2010-12-11;621.0
2010-12-11;623.0
2010-12-12;610.0
2010-12-12;610.0
2010-12-12;608.0
2010-12-12;611.0
2010-12-13;602.0
2010-12-13;604.0
2010-12-13;600.0
2010-12-13;602.0
2010-12-14;596.0
2010-12-14;592.0
2010-12-14;594.0
2010-12-14;594.0
2010-12-15;593.0
2010-12-15;591.0
2010-12-15;595.0
2010-12-15;593.0
2010-12-16;598.0
2010-12-16;599.0
2010-12-16;598.0
2010-12-16;599.0
2010-12-17;585.0
2010-12-17;591.0
2010-12-17;588.0
2010-12-17;588.0
2010-12-18;587.0
2010-12-18;587.0
2010-12-18;587.0
2010-12-18;587.0
2010-12-19;579.0
2010-12-19;582.0
2010-12-19;576.0
2010-12-19;579.0
2010-12-20;566.0
2010-12-20;569.0
2010-12-20;562.0
2010-12-20;566.0
2010-12-21;545.0
2010-12-21;552.0
2010-12-21;548.0
2010-12-21;549.0
2010-12-22;543.0
2010-12-22;539.0
2010-12-22;547.0
2010-12-22;543.0
2010-12-23;566.0
2010-12-23;558.0
2010-12-23;562.0
2010-12-23;562.0
2010-12-24;564.0
2010-12-24;564.0
2010-12-24;566.0
2010-12-24;561.0
2010-12-25;570.0
2010-12-25;560.0
2010-12-25;565.0
2010-12-25;565.0
2010-12-26;578.0
2010-12-26;579.0
2010-12-26;575.0
2010-12-26;582.0
2010-12-27;579.0
2010-12-27;579.0
2010-12-27;579.0
2010-12-27;579.0
2010-12-28;574.0
2010-12-28;572.0
2010-12-28;575.0
2010-12-28;574.0
2010-12-29;577.0
2010-12-29;576.0
2010-12-29;578.0
2010-12-29;577.0
2010-12-30;589.0
2010-12-30;592.0
2010-12-30;588.0
2010-12-30;585.0
2010-12-31;601.0
2010-12-31;597.0
2010-12-31;605.0
2010-12-31;601.0
2011-01-01;595.0
2011-01-01;590.0
2011-01-01;585.0
2011-01-01;590.0
2011-01-02;570.0
2011-01-02;563.0
2011-01-02;567.0
2011-01-02;566.0
2011-01-03;551.0
2011-01-03;543.0
2011-01-03;547.0
2011-01-03;547.0
2011-01-04;536.0
2011-01-04;537.0
2011-01-04;536.0
2011-01-04;537.0
2011-01-05;529.0
2011-01-05;530.0
2011-01-05;528.0
2011-01-05;529.0
2011-01-06;544.0
2011-01-06;537.0
2011-01-06;540.0
2011-01-06;541.0
2011-01-07;556.0
2011-01-07;553.0
2011-01-07;550.0
2011-01-07;553.0
2011-01-08;560.0
2011-01-08;560.0
2011-01-08;559.0
2011-01-08;560.0
2011-01-09;558.0
2011-01-09;561.0
2011-01-09;560.0
2011-01-09;561.0
2011-01-10;563.0
2011-01-10;558.0
2011-01-10;559.0
2011-01-10;559.0
2011-01-11;561.0
2011-01-11;560.0
2011-01-11;564.0
2011-01-11;562.0
2011-01-12;567.0
2011-01-12;568.0
2011-01-12;565.0
2011-01-12;574.0
2011-01-13;571.0
2011-01-13;580.0
2011-01-13;570.0
2011-01-13;571.0
2011-01-14;569.0
2011-01-14;584.0
2011-01-14;570.0
2011-01-14;568.0
2011-01-15;564.0
2011-01-15;586.0
2011-01-15;565.0
2011-01-15;562.0
2011-01-16;557.0
2011-01-16;558.0
2011-01-16;558.0
2011-01-16;584.0
2011-01-17;568.0
2011-01-17;571.0
2011-01-17;584.0
2011-01-17;564.0
2011-01-18;582.0
2011-01-18;584.0
2011-01-18;585.0
2011-01-18;586.0
2011-01-19;585.0
2011-01-19;586.0
2011-01-19;586.0
2011-01-19;599.0
2011-01-20;613.0
2011-01-20;584.0
2011-01-20;583.0
2011-01-20;584.0
2011-01-21;582.0
2011-01-21;626.0
2011-01-21;581.0
2011-01-21;580.0
2011-01-22;639.0
2011-01-22;576.0
2011-01-22;574.0
2011-01-22;578.0
2011-01-23;639.0
2011-01-23;560.0
2011-01-23;564.0
2011-01-23;568.0
2011-01-24;634.0
2011-01-24;550.0
2011-01-24;547.0
2011-01-24;553.0
2011-01-25;534.0
2011-01-25;629.0
2011-01-25;540.0
2011-01-25;537.0
2011-01-26;619.0
2011-01-26;527.0
2011-01-26;522.0
2011-01-26;525.0
2011-01-27;608.0
2011-01-27;515.0
2011-01-27;511.0
2011-01-27;513.0
2011-01-28;502.0
2011-01-28;500.0
2011-01-28;504.0
2011-01-28;591.0
2011-01-29;576.0
2011-01-29;495.0
2011-01-29;496.0
2011-01-29;493.0
2011-01-30;495.0
2011-01-30;500.0
2011-01-30;559.0
2011-01-30;498.0
2011-01-31;503.0
2011-01-31;503.0
2011-01-31;502.0
2011-01-31;548.0
2011-02-01;497.0
2011-02-01;535.0
2011-02-01;494.0
2011-02-01;499.0
2011-02-02;492.0
2011-02-02;491.0
2011-02-02;522.0
2011-02-02;492.0
2011-02-03;492.0
2011-02-03;517.0
2011-02-03;495.0
2011-02-03;498.0
2011-02-04;547.0
2011-02-04;528.0
2011-02-04;521.0
2011-02-04;538.0
2011-02-05;529.0
2011-02-05;545.0
2011-02-05;545.0
2011-02-05;545.0
2011-02-06;539.0
2011-02-06;539.0
2011-02-06;532.0
2011-02-06;536.0
2011-02-07;514.0
2011-02-07;522.0
2011-02-07;549.0
2011-02-07;518.0
2011-02-08;506.0
2011-02-08;498.0
2011-02-08;502.0
2011-02-08;559.0
2011-02-09;490.0
2011-02-09;572.0
2011-02-09;483.0
2011-02-09;487.0
2011-02-10;585.0
2011-02-10;480.0
2011-02-10;478.0
2011-02-10;479.0
2011-02-11;603.0
2011-02-11;479.0
2011-02-11;478.0
2011-02-11;479.0
2011-02-12;470.0
2011-02-12;614.0
2011-02-12;475.0
2011-02-12;473.0
2011-02-13;464.0
2011-02-13;462.0
2011-02-13;466.0
2011-02-13;616.0
2011-02-14;616.0
2011-02-14;459.0
2011-02-14;459.0
2011-02-14;459.0
2011-02-15;468.0
2011-02-15;612.0
2011-02-15;465.0
2011-02-15;462.0
2011-02-16;487.0
2011-02-16;492.0
2011-02-16;482.0
2011-02-16;606.0
2011-02-17;498.0
2011-02-17;596.0
2011-02-17;502.0
2011-02-17;500.0
2011-02-18;515.0
2011-02-18;522.0
2011-02-18;586.0
2011-02-18;507.0
2011-02-19;531.0
2011-02-19;538.0
2011-02-19;577.0
2011-02-19;535.0
2011-02-20;543.0
2011-02-20;570.0
2011-02-20;543.0
2011-02-20;543.0
2011-02-21;568.0
2011-02-21;536.0
2011-02-21;531.0
2011-02-21;534.0
2011-02-22;572.0
2011-02-22;523.0
2011-02-22;517.0
2011-02-22;520.0
2011-02-23;510.0
2011-02-23;580.0
2011-02-23;511.0
2011-02-23;508.0
2011-02-24;590.0
2011-02-24;510.0
2011-02-24;511.0
2011-02-24;509.0
2011-02-25;512.0
2011-02-25;512.0
2011-02-25;600.0
2011-02-25;512.0
2011-02-26;522.0
2011-02-26;530.0
2011-02-26;513.0
2011-02-26;610.0
2011-02-27;550.0
2011-02-27;554.0
2011-02-27;546.0
2011-02-27;619.0
2011-02-28;572.0
2011-02-28;586.0
2011-02-28;629.0
2011-02-28;579.0
2011-03-01;640.0
2011-03-01;603.0
2011-03-01;610.0
2011-03-01;607.0
2011-03-02;679.0
2011-03-02;615.0
2011-03-02;618.0
2011-03-02;617.0
2011-03-03;691.0
2011-03-03;618.0
2011-03-03;620.0
2011-03-03;619.0
2011-03-04;704.0
2011-03-04;626.0
2011-03-04;628.0
2011-03-04;627.0
2011-03-05;713.0
2011-03-05;625.0
2011-03-05;627.0
2011-03-05;626.0
2011-03-06;722.0
2011-03-06;634.0
2011-03-06;637.0
2011-03-06;636.0
2011-03-07;632.0
2011-03-07;634.0
2011-03-07;726.0
2011-03-07;630.0
2011-03-08;726.0
2011-03-08;632.0
2011-03-08;631.0
2011-03-08;630.0
2011-03-09;625.0
2011-03-09;626.0
2011-03-09;626.0
2011-03-09;721.0
2011-03-10;719.0
2011-03-10;624.0
2011-03-10;624.0
2011-03-10;623.0
2011-03-11;703.0
2011-03-11;637.0
2011-03-11;633.0
2011-03-11;640.0
2011-03-12;691.0
2011-03-12;645.0
2011-03-12;646.0
2011-03-12;646.0
2011-03-13;640.0
2011-03-13;677.0
2011-03-13;635.0
2011-03-13;629.0
2011-03-14;670.0
2011-03-14;615.0
2011-03-14;609.0
2011-03-14;603.0
2011-03-15;586.0
2011-03-15;668.0
2011-03-15;591.0
2011-03-15;580.0
2011-03-16;559.0
2011-03-16;564.0
2011-03-16;667.0
2011-03-16;568.0
2011-03-17;550.0
2011-03-17;549.0
2011-03-17;551.0
2011-03-17;668.0
2011-03-18;550.0
2011-03-18;547.0
2011-03-18;670.0
2011-03-18;552.0
2011-03-19;561.0
2011-03-19;571.0
2011-03-19;672.0
2011-03-19;566.0
2011-03-20;677.0
2011-03-20;590.0
2011-03-20;600.0
2011-03-20;595.0
2011-03-21;678.0
2011-03-21;611.0
2011-03-21;617.0
2011-03-21;614.0
2011-03-22;643.0
2011-03-22;638.0
2011-03-22;675.0
2011-03-22;632.0
2011-03-23;648.0
2011-03-23;662.0
2011-03-23;649.0
2011-03-23;650.0
2011-03-24;635.0
2011-03-24;653.0
2011-03-24;639.0
2011-03-24;630.0
2011-03-25;651.0
2011-03-25;642.0
2011-03-25;665.0
2011-03-25;654.0
2011-03-26;685.0
2011-03-26;680.0
2011-03-26;675.0
2011-03-26;652.0
2011-03-27;714.0
2011-03-27;657.0
2011-03-27;711.0
2011-03-27;708.0
2011-03-28;715.0
2011-03-28;689.0
2011-03-28;713.0
2011-03-28;714.0
2011-03-29;710.0
2011-03-29;710.0
2011-03-29;710.0
2011-03-29;714.0
2011-03-30;724.0
2011-03-30;710.0
2011-03-30;710.0
2011-03-30;710.0
2011-03-31;711.0
2011-03-31;712.0
2011-03-31;709.0
2011-03-31;726.0
2011-04-01;714.0
2011-04-01;712.0
2011-04-01;713.0
2011-04-01;731.0
2011-04-02;699.0
2011-04-02;706.0
2011-04-02;735.0
2011-04-02;703.0
2011-04-03;691.0
2011-04-03;737.0
2011-04-03;688.0
2011-04-03;685.0
2011-04-04;678.0
2011-04-04;676.0
2011-04-04;680.0
2011-04-04;732.0
2011-04-05;667.0
2011-04-05;671.0
2011-04-05;725.0
2011-04-05;662.0
2011-04-06;655.0
2011-04-06;713.0
2011-04-06;650.0
2011-04-06;653.0
2011-04-07;701.0
2011-04-07;665.0
2011-04-07;678.0
2011-04-07;672.0
2011-04-08;680.0
2011-04-08;706.0
2011-04-08;715.0
2011-04-08;724.0
2011-04-09;743.0
2011-04-09;753.0
2011-04-09;748.0
2011-04-09;688.0
2011-04-10;737.0
2011-04-10;766.0
2011-04-10;770.0
2011-04-10;768.0
2011-04-11;762.0
2011-04-11;779.0
2011-04-11;789.0
2011-04-11;784.0
2011-04-12;804.0
2011-04-12;802.0
2011-04-12;776.0
2011-04-12;800.0
2011-04-13;791.0
2011-04-13;803.0
2011-04-13;800.0
2011-04-13;802.0
2011-04-14;805.0
2011-04-14;794.0
2011-04-14;787.0
2011-04-14;791.0
2011-04-15;774.0
2011-04-15;775.0
2011-04-15;775.0
2011-04-15;816.0
2011-04-16;777.0
2011-04-16;777.0
2011-04-16;823.0
2011-04-16;776.0
2011-04-17;795.0
2011-04-17;790.0
2011-04-17;800.0
2011-04-17;821.0
2011-04-18;806.0
2011-04-18;797.0
2011-04-18;796.0
2011-04-18;797.0
2011-04-19;786.0
2011-04-19;790.0
2011-04-19;790.0
2011-04-19;788.0
2011-04-20;778.0
2011-04-20;776.0
2011-04-20;772.0
2011-04-20;779.0
2011-04-21;767.0
2011-04-21;763.0
2011-04-21;761.0
2011-04-21;765.0
2011-04-22;781.0
2011-04-22;781.0
2011-04-22;787.0
2011-04-22;775.0
2011-04-23;784.0
2011-04-23;779.0
2011-04-23;774.0
2011-04-23;779.0
2011-04-24;788.0
2011-04-24;789.0
2011-04-24;786.0
2011-04-24;788.0
2011-04-25;776.0
2011-04-25;773.0
2011-04-25;776.0
2011-04-25;778.0
2011-04-26;767.0
2011-04-26;767.0
2011-04-26;768.0
2011-04-26;766.0
2011-04-27;756.0
2011-04-27;758.0
2011-04-27;758.0
2011-04-27;759.0
2011-04-28;744.0
2011-04-28;744.0
2011-04-28;740.0
2011-04-28;748.0
2011-04-29;726.0
2011-04-29;722.0
2011-04-29;730.0
2011-04-29;726.0
2011-04-30;706.0
2011-04-30;713.0
2011-04-30;710.0
2011-04-30;710.0
2011-05-01;693.0
2011-05-01;696.0
2011-05-01;698.0
2011-05-01;696.0
2011-05-02;688.0
2011-05-02;688.0
2011-05-02;688.0
2011-05-02;688.0
2011-05-03;710.0
2011-05-03;720.0
2011-05-03;699.0
2011-05-03;710.0
2011-05-04;797.0
2011-05-04;757.0
2011-05-04;777.0
2011-05-04;777.0
2011-05-05;828.0
2011-05-05;833.0
2011-05-05;822.0
2011-05-05;828.0
2011-05-06;839.0
2011-05-06;839.0
2011-05-06;839.0
2011-05-06;839.0
2011-05-07;847.0
2011-05-07;850.0
2011-05-07;844.0
2011-05-07;847.0
2011-05-08;864.0
2011-05-08;866.0
2011-05-08;866.0
2011-05-08;868.0
2011-05-09;875.0
2011-05-09;874.0
2011-05-09;875.0
2011-05-09;876.0
2011-05-10;884.0
2011-05-10;884.0
2011-05-10;884.0
2011-05-10;884.0
2011-05-11;875.0
2011-05-11;875.0
2011-05-11;876.0
2011-05-11;874.0
2011-05-12;865.0
2011-05-12;862.0
2011-05-12;862.0
2011-05-12;858.0
2011-05-13;840.0
2011-05-13;844.0
2011-05-13;835.0
2011-05-13;840.0
2011-05-14;819.0
2011-05-14;823.0
2011-05-14;819.0
2011-05-14;815.0
2011-05-15;803.0
2011-05-15;805.0
2011-05-15;800.0
2011-05-15;802.0
2011-05-16;788.0
2011-05-16;793.0
2011-05-16;793.0
2011-05-16;798.0
2011-05-17;803.0
2011-05-17;806.0
2011-05-17;800.0
2011-05-17;803.0
2011-05-18;814.0
2011-05-18;812.0
2011-05-18;817.0
2011-05-18;815.0
2011-05-19;836.0
2011-05-19;835.0
2011-05-19;836.0
2011-05-19;825.0
2011-05-20;836.0
2011-05-20;836.0
2011-05-20;836.0
2011-05-20;836.0
2011-05-21;834.0
2011-05-21;831.0
2011-05-21;832.0
2011-05-21;833.0
2011-05-22;842.0
2011-05-22;842.0
2011-05-22;839.0
2011-05-22;845.0
2011-05-23;852.0
2011-05-23;854.0
2011-05-23;850.0
2011-05-23;852.0
2011-05-24;865.0
2011-05-24;868.0
2011-05-24;862.0
2011-05-24;865.0
2011-05-25;874.0
2011-05-25;871.0
2011-05-25;876.0
2011-05-25;874.0
2011-05-26;876.0
2011-05-26;868.0
2011-05-26;873.0
2011-05-26;875.0
2011-05-27;866.0
2011-05-27;860.0
2011-05-27;863.0
2011-05-27;863.0
2011-05-28;854.0
2011-05-28;856.0
2011-05-28;853.0
2011-05-28;855.0
2011-05-29;852.0
2011-05-29;851.0
2011-05-29;852.0
2011-05-29;853.0
2011-05-30;860.0
2011-05-30;868.0
2011-05-30;860.0
2011-05-30;852.0
2011-05-31;893.0
2011-05-31;893.0
2011-05-31;898.0
2011-05-31;888.0
2011-06-01;918.0
2011-06-01;913.0
2011-06-01;922.0
2011-06-01;918.0
2011-06-02;982.0
2011-06-02;962.0
2011-06-02;972.0
2011-06-02;972.0
2011-06-03;1005.0
2011-06-03;998.0
2011-06-03;1002.0
2011-06-03;1002.0
2011-06-04;1016.0
2011-06-04;1013.0
2011-06-04;1019.0
2011-06-04;1016.0
2011-06-05;1026.0
2011-06-05;1026.0
2011-06-05;1027.0
2011-06-05;1025.0
2011-06-06;1029.0
2011-06-06;1028.0
2011-06-06;1030.0
2011-06-06;1029.0
2011-06-07;1035.0
2011-06-07;1034.0
2011-06-07;1034.0
2011-06-07;1033.0
2011-06-08;1040.0
2011-06-08;1040.0
2011-06-08;1041.0
2011-06-08;1041.0
2011-06-09;1043.0
2011-06-09;1044.0
2011-06-09;1045.0
2011-06-09;1044.0
2011-06-10;1051.0
2011-06-10;1050.0
2011-06-10;1050.0
2011-06-10;1051.0
2011-06-11;1062.0
2011-06-11;1059.0
2011-06-11;1062.0
2011-06-11;1065.0
2011-06-12;1068.0
2011-06-12;1068.0
2011-06-12;1068.0
2011-06-12;1068.0
2011-06-13;1070.0
2011-06-13;1070.0
2011-06-13;1071.0
2011-06-13;1071.0
2011-06-14;1078.0
2011-06-14;1081.0
2011-06-14;1074.0
2011-06-14;1078.0
2011-06-15;1084.0
2011-06-15;1084.0
2011-06-15;1084.0
2011-06-15;1084.0
2011-06-16;1087.0
2011-06-16;1088.0
2011-06-16;1089.0
2011-06-16;1088.0
2011-06-17;1094.0
2011-06-17;1094.0
2011-06-17;1093.0
2011-06-17;1094.0
2011-06-18;1096.0
2011-06-18;1094.0
2011-06-18;1095.0
2011-06-18;1095.0
2011-06-19;1085.0
2011-06-19;1088.0
2011-06-19;1088.0
2011-06-19;1091.0
2011-06-20;1071.0
2011-06-20;1075.0
2011-06-20;1070.0
2011-06-20;1066.0
2011-06-21;1048.0
2011-06-21;1054.0
2011-06-21;1051.0
2011-06-21;1051.0
2011-06-22;1030.0
2011-06-22;1037.0
2011-06-22;1034.0
2011-06-22;1034.0
2011-06-23;1012.0
2011-06-23;1016.0
2011-06-23;1019.0
2011-06-23;1015.0
2011-06-24;1000.0
2011-06-24;1001.0
2011-06-24;1002.0
2011-06-24;1001.0
2011-06-25;999.0
2011-06-25;994.0
2011-06-25;994.0
2011-06-25;988.0
2011-06-26;983.0
2011-06-26;984.0
2011-06-26;984.0
2011-06-26;984.0
2011-06-27;986.0
2011-06-27;986.0
2011-06-27;986.0
2011-06-27;986.0
2011-06-28;985.0
2011-06-28;985.0
2011-06-28;985.0
2011-06-28;985.0
2011-06-29;990.0
2011-06-29;989.0
2011-06-29;992.0
2011-06-29;991.0
2011-06-30;994.0
2011-06-30;995.0
2011-06-30;995.0
2011-06-30;994.0
2011-07-01;991.0
2011-07-01;992.0
2011-07-01;990.0
2011-07-01;991.0
2011-07-02;982.0
2011-07-02;980.0
2011-07-02;982.0
2011-07-02;984.0
2011-07-03;976.0
2011-07-03;974.0
2011-07-03;978.0
2011-07-03;976.0
2011-07-04;958.0
2011-07-04;964.0
2011-07-04;961.0
2011-07-04;961.0
2011-07-05;954.0
2011-07-05;948.0
2011-07-05;942.0
2011-07-05;948.0
2011-07-06;933.0
2011-07-06;933.0
2011-07-06;936.0
2011-07-06;930.0
2011-07-07;924.0
2011-07-07;922.0
2011-07-07;926.0
2011-07-07;924.0
2011-07-08;919.0
2011-07-08;920.0
2011-07-08;920.0
2011-07-08;920.0
2011-07-09;919.0
2011-07-09;919.0
2011-07-09;919.0
2011-07-09;919.0
2011-07-10;920.0
2011-07-10;921.0
2011-07-10;920.0
2011-07-10;921.0
2011-07-11;924.0
2011-07-11;923.0
2011-07-11;924.0
2011-07-11;925.0
2011-07-12;932.0
2011-07-12;928.0
2011-07-12;935.0
2011-07-12;932.0
2011-07-13;948.0
2011-07-13;951.0
2011-07-13;951.0
2011-07-13;954.0
2011-07-14;960.0
2011-07-14;959.0
2011-07-14;960.0
2011-07-14;960.0
2011-07-15;945.0
2011-07-15;949.0
2011-07-15;949.0
2011-07-15;953.0
2011-07-16;926.0
2011-07-16;932.0
2011-07-16;927.0
2011-07-16;921.0
2011-07-17;906.0
2011-07-17;906.0
2011-07-17;909.0
2011-07-17;902.0
2011-07-18;896.0
2011-07-18;898.0
2011-07-18;897.0
2011-07-18;897.0
2011-07-19;922.0
2011-07-19;910.0
2011-07-19;916.0
2011-07-19;916.0
2011-07-20;933.0
2011-07-20;935.0
2011-07-20;937.0
2011-07-20;935.0
2011-07-21;938.0
2011-07-21;936.0
2011-07-21;939.0
2011-07-21;938.0
2011-07-22;931.0
2011-07-22;930.0
2011-07-22;932.0
2011-07-22;931.0
2011-07-23;927.0
2011-07-23;928.0
2011-07-23;926.0
2011-07-23;927.0
2011-07-24;919.0
2011-07-24;920.0
2011-07-24;921.0
2011-07-24;922.0
2011-07-25;914.0
2011-07-25;912.0
2011-07-25;915.0
2011-07-25;914.0
2011-07-26;900.0
2011-07-26;892.0
2011-07-26;896.0
2011-07-26;896.0
2011-07-27;884.0
2011-07-27;883.0
2011-07-27;881.0
2011-07-27;882.0
2011-07-28;880.0
2011-07-28;880.0
2011-07-28;880.0
2011-07-28;880.0
2011-07-29;886.0
2011-07-29;885.0
2011-07-29;888.0
2011-07-29;887.0
2011-07-30;889.0
2011-07-30;889.0
2011-07-30;889.0
2011-07-30;889.0
2011-07-31;886.0
2011-07-31;884.0
2011-07-31;886.0
2011-07-31;887.0
2011-08-01;878.0
2011-08-01;875.0
2011-08-01;875.0
2011-08-01;872.0
2011-08-02;862.0
2011-08-02;859.0
2011-08-02;865.0
2011-08-02;862.0
2011-08-03;850.0
2011-08-03;855.0
2011-08-03;845.0
2011-08-03;850.0
2011-08-04;838.0
2011-08-04;835.0
2011-08-04;838.0
2011-08-04;840.0
2011-08-05;835.0
2011-08-05;834.0
2011-08-05;836.0
2011-08-05;835.0
2011-08-06;846.0
2011-08-06;849.0
2011-08-06;843.0
2011-08-06;846.0
2011-08-07;861.0
2011-08-07;860.0
2011-08-07;863.0
2011-08-07;858.0
2011-08-08;870.0
2011-08-08;868.0
2011-08-08;871.0
2011-08-08;870.0
2011-08-09;874.0
2011-08-09;875.0
2011-08-09;874.0
2011-08-09;875.0
2011-08-10;871.0
2011-08-10;873.0
2011-08-10;871.0
2011-08-10;869.0
2011-08-11;859.0
2011-08-11;859.0
2011-08-11;857.0
2011-08-11;860.0
2011-08-12;849.0
2011-08-12;851.0
2011-08-12;847.0
2011-08-12;849.0
2011-08-13;841.0
2011-08-13;836.0
2011-08-13;838.0
2011-08-13;839.0
2011-08-14;825.0
2011-08-14;821.0
2011-08-14;829.0
2011-08-14;825.0
2011-08-15;811.0
2011-08-15;807.0
2011-08-15;811.0
2011-08-15;815.0
2011-08-16;796.0
2011-08-16;798.0
2011-08-16;798.0
2011-08-16;800.0
2011-08-17;791.0
2011-08-17;790.0
2011-08-17;790.0
2011-08-17;788.0
2011-08-18;786.0
2011-08-18;787.0
2011-08-18;787.0
2011-08-18;788.0
2011-08-19;787.0
2011-08-19;788.0
2011-08-19;788.0
2011-08-19;788.0
2011-08-20;787.0
2011-08-20;787.0
2011-08-20;787.0
2011-08-20;787.0
2011-08-21;784.0
2011-08-21;784.0
2011-08-21;784.0
2011-08-21;784.0
2011-08-22;779.0
2011-08-22;780.0
2011-08-22;782.0
2011-08-22;781.0
2011-08-23;772.0
2011-08-23;772.0
2011-08-23;775.0
2011-08-23;768.0
2011-08-24;756.0
2011-08-24;756.0
2011-08-24;760.0
2011-08-24;752.0
2011-08-25;738.0
2011-08-25;741.0
2011-08-25;739.0
2011-08-25;736.0
2011-08-26;719.0
2011-08-26;722.0
2011-08-26;716.0
2011-08-26;719.0
2011-08-27;699.0
2011-08-27;706.0
2011-08-27;702.0
2011-08-27;703.0
2011-08-28;686.0
2011-08-28;690.0
2011-08-28;683.0
2011-08-28;687.0
2011-08-29;672.0
2011-08-29;676.0
2011-08-29;672.0
2011-08-29;668.0
2011-08-30;658.0
2011-08-30;660.0
2011-08-30;656.0
2011-08-30;658.0
2011-08-31;646.0
2011-08-31;647.0
2011-08-31;645.0
2011-08-31;646.0
2011-09-01;642.0
2011-09-01;645.0
2011-09-01;638.0
2011-09-01;642.0
2011-09-02;632.0
2011-09-02;630.0
2011-09-02;634.0
2011-09-02;632.0
2011-09-03;640.0
2011-09-03;640.0
2011-09-03;644.0
2011-09-03;636.0
2011-09-04;658.0
2011-09-04;656.0
2011-09-04;657.0
2011-09-04;655.0
2011-09-05;658.0
2011-09-05;668.0
2011-09-05;663.0
2011-09-05;663.0
2011-09-06;670.0
2011-09-06;671.0
2011-09-06;671.0
2011-09-06;670.0
2011-09-07;673.0
2011-09-07;672.0
2011-09-07;674.0
2011-09-07;673.0
2011-09-08;672.0
2011-09-08;670.0
2011-09-08;673.0
2011-09-08;672.0
2011-09-09;669.0
2011-09-09;668.0
2011-09-09;669.0
2011-09-09;668.0
2011-09-10;667.0
2011-09-10;667.0
2011-09-10;667.0
2011-09-10;667.0
2011-09-11;666.0
2011-09-11;665.0
2011-09-11;666.0
2011-09-11;667.0
2011-09-12;669.0
2011-09-12;670.0
2011-09-12;670.0
2011-09-12;670.0
2011-09-13;674.0
2011-09-13;674.0
2011-09-13;674.0
2011-09-13;673.0
2011-09-14;675.0
2011-09-14;675.0
2011-09-14;672.0
2011-09-14;678.0
2011-09-15;653.0
2011-09-15;656.0
2011-09-15;657.0
2011-09-15;660.0
2011-09-16;640.0
2011-09-16;635.0
2011-09-16;644.0
2011-09-16;640.0
2011-09-17;628.0
2011-09-17;629.0
2011-09-17;630.0
2011-09-17;629.0
2011-09-18;625.0
2011-09-18;625.0
2011-09-18;625.0
2011-09-18;625.0
2011-09-19;626.0
2011-09-19;625.0
2011-09-19;626.0
2011-09-19;626.0
2011-09-20;620.0
2011-09-20;621.0
2011-09-20;622.0
2011-09-20;621.0
2011-09-21;618.0
2011-09-21;617.0
2011-09-21;616.0
2011-09-21;615.0
2011-09-22;620.0
2011-09-22;621.0
2011-09-22;618.0
2011-09-22;620.0
2011-09-23;635.0
2011-09-23;628.0
2011-09-23;632.0
2011-09-23;632.0
2011-09-24;646.0
2011-09-24;648.0
2011-09-24;646.0
2011-09-24;644.0
2011-09-25;661.0
2011-09-25;668.0
2011-09-25;661.0
2011-09-25;654.0
2011-09-26;700.0
2011-09-26;708.0
2011-09-26;691.0
2011-09-26;700.0
2011-09-27;727.0
2011-09-27;737.0
2011-09-27;732.0
2011-09-27;732.0
2011-09-28;755.0
2011-09-28;750.0
2011-09-28;746.0
2011-09-28;751.0
2011-09-29;762.0
2011-09-29;760.0
2011-09-29;764.0
2011-09-29;762.0
2011-09-30;762.0
2011-09-30;762.0
2011-09-30;762.0
2011-09-30;762.0
2011-10-01;762.0
2011-10-01;761.0
2011-10-01;762.0
2011-10-01;762.0
2011-10-02;758.0
2011-10-02;760.0
2011-10-02;756.0
2011-10-02;758.0
2011-10-03;751.0
2011-10-03;750.0
2011-10-03;751.0
2011-10-03;752.0
2011-10-04;742.0
2011-10-04;742.0
2011-10-04;744.0
2011-10-04;739.0
2011-10-05;728.0
2011-10-05;732.0
2011-10-05;724.0
2011-10-05;728.0
2011-10-06;718.0
2011-10-06;721.0
2011-10-06;714.0
2011-10-06;718.0
2011-10-07;710.0
2011-10-07;710.0
2011-10-07;710.0
2011-10-07;710.0
2011-10-08;713.0
2011-10-08;713.0
2011-10-08;712.0
2011-10-08;712.0
2011-10-09;717.0
2011-10-09;716.0
2011-10-09;717.0
2011-10-09;716.0
2011-10-10;718.0
2011-10-10;723.0
2011-10-10;721.0
2011-10-10;720.0
2011-10-11;738.0
2011-10-11;747.0
2011-10-11;743.0
2011-10-11;742.0
2011-10-12;756.0
2011-10-12;759.0
2011-10-12;758.0
2011-10-12;758.0
2011-10-13;761.0
2011-10-13;762.0
2011-10-13;760.0
2011-10-13;761.0
2011-10-14;754.0
2011-10-14;752.0
2011-10-14;754.0
2011-10-14;756.0
2011-10-15;744.0
2011-10-15;738.0
2011-10-15;741.0
2011-10-15;741.0
2011-10-16;726.0
2011-10-16;727.0
2011-10-16;723.0
2011-10-16;730.0
2011-10-17;712.0
2011-10-17;710.0
2011-10-17;714.0
2011-10-17;712.0
2011-10-18;697.0
2011-10-18;700.0
2011-10-18;694.0
2011-10-18;697.0
2011-10-19;686.0
2011-10-19;691.0
2011-10-19;682.0
2011-10-19;687.0
2011-10-20;685.0
2011-10-20;684.0
2011-10-20;685.0
2011-10-20;684.0
2011-10-21;692.0
2011-10-21;691.0
2011-10-21;689.0
2011-10-21;690.0
2011-10-22;690.0
2011-10-22;692.0
2011-10-22;692.0
2011-10-22;693.0
2011-10-23;675.0
2011-10-23;671.0
2011-10-23;679.0
2011-10-23;675.0
2011-10-24;660.0
2011-10-24;662.0
2011-10-24;661.0
2011-10-24;661.0
2011-10-25;672.0
2011-10-25;668.0
2011-10-25;670.0
2011-10-25;670.0
2011-10-26;677.0
2011-10-26;677.0
2011-10-26;678.0
2011-10-26;676.0
2011-10-27;677.0
2011-10-27;676.0
2011-10-27;678.0
2011-10-27;677.0
2011-10-28;687.0
2011-10-28;697.0
2011-10-28;686.0
2011-10-28;676.0
2011-10-29;732.0
2011-10-29;725.0
2011-10-29;732.0
2011-10-29;738.0
2011-10-30;739.0
2011-10-30;737.0
2011-10-30;735.0
2011-10-30;737.0
2011-10-31;725.0
2011-10-31;720.0
2011-10-31;721.0
2011-10-31;716.0
2011-11-01;698.0
2011-11-01;703.0
2011-11-01;694.0
2011-11-01;699.0
2011-11-02;678.0
2011-11-02;674.0
2011-11-02;682.0
2011-11-02;678.0
2011-11-03;661.0
2011-11-03;657.0
2011-11-03;665.0
2011-11-03;661.0
2011-11-04;640.0
2011-11-04;644.0
2011-11-04;647.0
2011-11-04;644.0
2011-11-05;630.0
2011-11-05;632.0
2011-11-05;630.0
2011-11-05;628.0
2011-11-06;614.0
2011-11-06;617.0
2011-11-06;620.0
2011-11-06;617.0
2011-11-07;608.0
2011-11-07;602.0
2011-11-07;605.0
2011-11-07;605.0
2011-11-08;592.0
2011-11-08;596.0
2011-11-08;594.0
2011-11-08;594.0
2011-11-09;586.0
2011-11-09;588.0
2011-11-09;587.0
2011-11-09;587.0
2011-11-10;584.0
2011-11-10;582.0
2011-11-10;583.0
2011-11-10;583.0
2011-11-11;582.0
2011-11-11;581.0
2011-11-11;582.0
2011-11-11;582.0
2011-11-12;582.0
2011-11-12;583.0
2011-11-12;583.0
2011-11-12;582.0
2011-11-13;588.0
2011-11-13;588.0
2011-11-13;589.0
2011-11-13;586.0
2011-11-14;595.0
2011-11-14;595.0
2011-11-14;594.0
2011-11-14;594.0
2011-11-15;594.0
2011-11-15;593.0
2011-11-15;593.0
2011-11-15;592.0
2011-11-16;587.0
2011-11-16;582.0
2011-11-16;585.0
2011-11-16;584.0
2011-11-17;595.0
2011-11-17;591.0
2011-11-17;586.0
2011-11-17;590.0
2011-11-18;620.0
2011-11-18;623.0
2011-11-18;616.0
2011-11-18;620.0
2011-11-19;635.0
2011-11-19;636.0
2011-11-19;633.0
2011-11-19;634.0
2011-11-20;642.0
2011-11-20;644.0
2011-11-20;646.0
2011-11-20;644.0
2011-11-21;660.0
2011-11-21;656.0
2011-11-21;652.0
2011-11-21;656.0
2011-11-22;670.0
2011-11-22;678.0
2011-11-22;674.0
2011-11-22;674.0
2011-11-23;684.0
2011-11-23;684.0
2011-11-23;684.0
2011-11-23;683.0
2011-11-24;682.0
2011-11-24;680.0
2011-11-24;680.0
2011-11-24;677.0
2011-11-25;671.0
2011-11-25;668.0
2011-11-25;670.0
2011-11-25;670.0
2011-11-26;657.0
2011-11-26;652.0
2011-11-26;662.0
2011-11-26;657.0
2011-11-27;648.0
2011-11-27;646.0
2011-11-27;649.0
2011-11-27;648.0
2011-11-28;640.0
2011-11-28;638.0
2011-11-28;639.0
2011-11-28;637.0
2011-11-29;635.0
2011-11-29;634.0
2011-11-29;636.0
2011-11-29;635.0
2011-11-30;640.0
2011-11-30;639.0
2011-11-30;642.0
2011-11-30;641.0
2011-12-01;647.0
2011-12-01;650.0
2011-12-01;644.0
2011-12-01;647.0
2011-12-02;670.0
2011-12-02;680.0
2011-12-02;660.0
2011-12-02;670.0
2011-12-03;741.0
2011-12-03;729.0
2011-12-03;753.0
2011-12-03;741.0
2011-12-04;774.0
2011-12-04;778.0
2011-12-04;775.0
2011-12-04;771.0
2011-12-05;781.0
2011-12-05;780.0
2011-12-05;781.0
2011-12-05;780.0
2011-12-06;766.0
2011-12-06;761.0
2011-12-06;766.0
2011-12-06;771.0
2011-12-07;765.0
2011-12-07;762.0
2011-12-07;760.0
2011-12-07;763.0
2011-12-08;788.0
2011-12-08;780.0
2011-12-08;788.0
2011-12-08;795.0
2011-12-09;813.0
2011-12-09;802.0
2011-12-09;802.0
2011-12-09;790.0
2011-12-10;814.0
2011-12-10;813.0
2011-12-10;814.0
2011-12-10;814.0
2011-12-11;804.0
2011-12-11;799.0
2011-12-11;804.0
2011-12-11;808.0
2011-12-12;774.0
2011-12-12;775.0
2011-12-12;768.0
2011-12-12;781.0
2011-12-13;754.0
2011-12-13;748.0
2011-12-13;759.0
2011-12-13;754.0
2011-12-14;729.0
2011-12-14;729.0
2011-12-14;723.0
2011-12-14;735.0
2011-12-15;703.0
2011-12-15;708.0
2011-12-15;708.0
2011-12-15;713.0
2011-12-16;692.0
2011-12-16;692.0
2011-12-16;690.0
2011-12-16;694.0
2011-12-17;692.0
2011-12-17;695.0
2011-12-17;690.0
2011-12-17;693.0
2011-12-18;702.0
2011-12-18;701.0
2011-12-18;702.0
2011-12-18;702.0
2011-12-19;711.0
2011-12-19;711.0
2011-12-19;702.0
2011-12-19;720.0
2011-12-20;742.0
2011-12-20;746.0
2011-12-20;737.0
2011-12-20;742.0
2011-12-21;756.0
2011-12-21;758.0
2011-12-21;757.0
2011-12-21;757.0
2011-12-22;748.0
2011-12-22;753.0
2011-12-22;744.0
2011-12-22;749.0
2011-12-23;722.0
2011-12-23;728.0
2011-12-23;717.0
2011-12-23;723.0
2011-12-24;722.0
2011-12-24;721.0
2011-12-24;722.0
2011-12-24;722.0
2011-12-25;730.0
2011-12-25;740.0
2011-12-25;735.0
2011-12-25;735.0
2011-12-26;769.0
2011-12-26;764.0
2011-12-26;760.0
2011-12-26;765.0
2011-12-27;804.0
2011-12-27;797.0
2011-12-27;804.0
2011-12-27;811.0
2011-12-28;839.0
2011-12-28;833.0
2011-12-28;827.0
2011-12-28;833.0
2011-12-29;851.0
2011-12-29;856.0
2011-12-29;862.0
2011-12-29;857.0
2011-12-30;871.0
2011-12-30;870.0
2011-12-30;871.0
2011-12-30;872.0
2011-12-31;870.0
2011-12-31;870.0
2011-12-31;871.0
2011-12-31;869.0
2012-01-01;864.0
2012-01-01;858.0
2012-01-01;861.0
2012-01-01;861.0
2012-01-02;840.0
2012-01-02;845.0
2012-01-02;834.0
2012-01-02;840.0
2012-01-03;818.0
2012-01-03;820.0
2012-01-03;820.0
2012-01-03;822.0
2012-01-04;806.0
2012-01-04;803.0
2012-01-04;806.0
2012-01-04;808.0
2012-01-05;785.0
2012-01-05;792.0
2012-01-05;788.0
2012-01-05;789.0
2012-01-06;773.0
2012-01-06;770.0
2012-01-06;776.0
2012-01-06;773.0
2012-01-07;762.0
2012-01-07;760.0
2012-01-07;763.0
2012-01-07;762.0
2012-01-08;770.0
2012-01-08;771.0
2012-01-08;767.0
2012-01-08;774.0
2012-01-09;775.0
2012-01-09;775.0
2012-01-09;775.0
2012-01-09;775.0
2012-01-10;768.0
2012-01-10;763.0
2012-01-10;766.0
2012-01-10;766.0
2012-01-11;751.0
2012-01-11;755.0
2012-01-11;759.0
2012-01-11;755.0
2012-01-12;742.0
2012-01-12;743.0
2012-01-12;742.0
2012-01-12;740.0
2012-01-13;736.0
2012-01-13;734.0
2012-01-13;732.0
2012-01-13;734.0
2012-01-14;725.0
2012-01-14;720.0
2012-01-14;723.0
2012-01-14;722.0
2012-01-15;709.0
2012-01-15;714.0
2012-01-15;712.0
2012-01-15;712.0
2012-01-16;707.0
2012-01-16;708.0
2012-01-16;708.0
2012-01-16;708.0
2012-01-17;702.0
2012-01-17;705.0
2012-01-17;702.0
2012-01-17;699.0
2012-01-18;692.0
2012-01-18;695.0
2012-01-18;688.0
2012-01-18;692.0
2012-01-19;678.0
2012-01-19;678.0
2012-01-19;681.0
2012-01-19;675.0
2012-01-20;660.0
2012-01-20;657.0
2012-01-20;660.0
2012-01-20;663.0
2012-01-21;649.0
2012-01-21;644.0
2012-01-21;647.0
2012-01-21;646.0
2012-01-22;644.0
2012-01-22;645.0
2012-01-22;645.0
2012-01-22;644.0
2012-01-23;645.0
2012-01-23;644.0
2012-01-23;646.0
2012-01-23;645.0
2012-01-24;634.0
2012-01-24;631.0
2012-01-24;634.0
2012-01-24;637.0
2012-01-25;631.0
2012-01-25;629.0
2012-01-25;626.0
2012-01-25;628.0
2012-01-26;624.0
2012-01-26;626.0
2012-01-26;628.0
2012-01-26;626.0
2012-01-27;615.0
2012-01-27;616.0
2012-01-27;618.0
2012-01-27;617.0
2012-01-28;619.0
2012-01-28;617.0
2012-01-28;618.0
2012-01-28;620.0
2012-01-29;630.0
2012-01-29;631.0
2012-01-29;626.0
2012-01-29;635.0
2012-01-30;646.0
2012-01-30;658.0
2012-01-30;647.0
2012-01-30;635.0
2012-01-31;674.0
2012-01-31;674.0
2012-01-31;675.0
2012-01-31;675.0
2012-02-01;679.0
2012-02-01;679.0
2012-02-01;679.0
2012-02-01;679.0
2012-02-02;673.0
2012-02-02;671.0
2012-02-02;674.0
2012-02-02;672.0
2012-02-03;697.0
2012-02-03;692.0
2012-02-03;696.0
2012-02-03;701.0
2012-02-04;712.0
2012-02-04;715.0
2012-02-04;712.0
2012-02-04;709.0
2012-02-05;723.0
2012-02-05;727.0
2012-02-05;719.0
2012-02-05;723.0
2012-02-06;728.0
2012-02-06;724.0
2012-02-06;731.0
2012-02-06;728.0
2012-02-07;729.0
2012-02-07;732.0
2012-02-07;730.0
2012-02-07;731.0
2012-02-08;758.0
2012-02-08;752.0
2012-02-08;758.0
2012-02-08;763.0
2012-02-09;769.0
2012-02-09;770.0
2012-02-09;768.0
2012-02-09;769.0
2012-02-10;778.0
2012-02-10;780.0
2012-02-10;775.0
2012-02-10;778.0
2012-02-11;780.0
2012-02-11;781.0
2012-02-11;778.0
2012-02-11;780.0
2012-02-12;772.0
2012-02-12;773.0
2012-02-12;771.0
2012-02-12;772.0
2012-02-13;766.0
2012-02-13;769.0
2012-02-13;764.0
2012-02-13;767.0
2012-02-14;740.0
2012-02-14;746.0
2012-02-14;752.0
2012-02-14;746.0
2012-02-15;717.0
2012-02-15;709.0
2012-02-15;724.0
2012-02-15;716.0
2012-02-16;688.0
2012-02-16;682.0
2012-02-16;694.0
2012-02-16;688.0
2012-02-17;669.0
2012-02-17;667.0
2012-02-17;665.0
2012-02-17;667.0
2012-02-18;654.0
2012-02-18;659.0
2012-02-18;657.0
2012-02-18;656.0
2012-02-19;644.0
2012-02-19;644.0
2012-02-19;642.0
2012-02-19;646.0
2012-02-20;631.0
2012-02-20;628.0
2012-02-20;634.0
2012-02-20;631.0
2012-02-21;618.0
2012-02-21;615.0
2012-02-21;617.0
2012-02-21;616.0
2012-02-22;609.0
2012-02-22;607.0
2012-02-22;610.0
2012-02-22;608.0
2012-02-23;612.0
2012-02-23;613.0
2012-02-23;611.0
2012-02-23;612.0
2012-02-24;627.0
2012-02-24;625.0
2012-02-24;622.0
2012-02-24;624.0
2012-02-25;627.0
2012-02-25;628.0
2012-02-25;626.0
2012-02-25;625.0
2012-02-26;620.0
2012-02-26;621.0
2012-02-26;618.0
2012-02-26;620.0
2012-02-27;616.0
2012-02-27;616.0
2012-02-27;616.0
2012-02-27;616.0
2012-02-28;613.0
2012-02-28;617.0
2012-02-28;615.0
2012-02-28;615.0
2012-02-29;626.0
2012-02-29;625.0
2012-02-29;627.0
2012-02-29;626.0
2012-03-01;639.0
2012-03-01;634.0
2012-03-01;629.0
2012-03-01;634.0
2012-03-02;616.0
2012-03-02;618.0
2012-03-02;614.0
2012-03-02;616.0
2012-03-03;618.0
2012-03-03;618.0
2012-03-03;625.0
2012-03-03;611.0
2012-03-04;668.0
2012-03-04;683.0
2012-03-04;653.0
2012-03-04;668.0
2012-03-05;702.0
2012-03-05;702.0
2012-03-05;702.0
2012-03-05;702.0
2012-03-06;710.0
2012-03-06;710.0
2012-03-06;710.0
2012-03-06;710.0
2012-03-07;702.0
2012-03-07;702.0
2012-03-07;702.0
2012-03-07;702.0
2012-03-08;684.0
2012-03-08;684.0
2012-03-08;684.0
2012-03-08;684.0
2012-03-09;697.0
2012-03-09;697.0
2012-03-09;697.0
2012-03-09;697.0
2012-03-10;700.0
2012-03-10;700.0
2012-03-10;700.0
2012-03-10;700.0
2012-03-11;694.0
2012-03-11;694.0
2012-03-11;694.0
2012-03-11;694.0
2012-03-12;700.0
2012-03-12;700.0
2012-03-12;700.0
2012-03-12;700.0
2012-03-13;706.0
2012-03-13;706.0
2012-03-13;705.0
2012-03-13;706.0
2012-03-14;705.0
2012-03-14;704.0
2012-03-14;705.0
2012-03-14;704.0
2012-03-15;700.0
2012-03-15;701.0
2012-03-15;698.0
2012-03-15;700.0
2012-03-16;700.0
2012-03-16;704.0
2012-03-16;696.0
2012-03-16;700.0
2012-03-17;752.0
2012-03-17;732.0
2012-03-17;742.0
2012-03-17;742.0
2012-03-18;767.0
2012-03-18;770.0
2012-03-18;773.0
2012-03-18;770.0
2012-03-19;780.0
2012-03-19;780.0
2012-03-19;779.0
2012-03-19;781.0
2012-03-20;782.0
2012-03-20;784.0
2012-03-20;785.0
2012-03-20;784.0
2012-03-21;789.0
2012-03-21;788.0
2012-03-21;787.0
2012-03-21;788.0
2012-03-22;781.0
2012-03-22;778.0
2012-03-22;781.0
2012-03-22;784.0
2012-03-23;763.0
2012-03-23;758.0
2012-03-23;767.0
2012-03-23;762.0
2012-03-24;746.0
2012-03-24;744.0
2012-03-24;747.0
2012-03-24;746.0
2012-03-25;744.0
2012-03-25;745.0
2012-03-25;744.0
2012-03-25;745.0
2012-03-26;760.0
2012-03-26;767.0
2012-03-26;761.0
2012-03-26;754.0
2012-03-27;824.0
2012-03-27;792.0
2012-03-27;808.0
2012-03-27;808.0
2012-03-28;853.0
2012-03-28;861.0
2012-03-28;845.0
2012-03-28;853.0
2012-03-29;886.0
2012-03-29;881.0
2012-03-29;892.0
2012-03-29;887.0
2012-03-30;912.0
2012-03-30;906.0
2012-03-30;909.0
2012-03-30;909.0
2012-03-31;923.0
2012-03-31;936.0
2012-03-31;936.0
2012-03-31;948.0
2012-04-01;986.0
2012-04-01;980.0
2012-04-01;974.0
2012-04-01;980.0
2012-04-02;1012.0
2012-04-02;1006.0
2012-04-02;1001.0
2012-04-02;1007.0
2012-04-03;1026.0
2012-04-03;1024.0
2012-04-03;1023.0
2012-04-03;1025.0
2012-04-04;1025.0
2012-04-04;1026.0
2012-04-04;1023.0
2012-04-04;1024.0
2012-04-05;1022.0
2012-04-05;1022.0
2012-04-05;1022.0
2012-04-05;1022.0
2012-04-06;1029.0
2012-04-06;1029.0
2012-04-06;1032.0
2012-04-06;1026.0
2012-04-07;1034.0
2012-04-07;1034.0
2012-04-07;1035.0
2012-04-07;1035.0
2012-04-08;1034.0
2012-04-08;1032.0
2012-04-08;1034.0
2012-04-08;1036.0
2012-04-09;1016.0
2012-04-09;1024.0
2012-04-09;1020.0
2012-04-09;1020.0
2012-04-10;1009.0
2012-04-10;1006.0
2012-04-10;1012.0
2012-04-10;1009.0
2012-04-11;990.0
2012-04-11;999.0
2012-04-11;995.0
2012-04-11;994.0
2012-04-12;984.0
2012-04-12;984.0
2012-04-12;982.0
2012-04-12;986.0
2012-04-13;983.0
2012-04-13;986.0
2012-04-13;986.0
2012-04-13;988.0
2012-04-14;1006.0
2012-04-14;1013.0
2012-04-14;1000.0
2012-04-14;1007.0
2012-04-15;1019.0
2012-04-15;1019.0
2012-04-15;1018.0
2012-04-15;1020.0
2012-04-16;1002.0
2012-04-16;1013.0
2012-04-16;1007.0
2012-04-16;1008.0
2012-04-17;990.0
2012-04-17;982.0
2012-04-17;998.0
2012-04-17;990.0
2012-04-18;969.0
2012-04-18;968.0
2012-04-18;970.0
2012-04-18;969.0
2012-04-19;952.0
2012-04-19;933.0
2012-04-19;943.0
2012-04-19;943.0
2012-04-20;922.0
2012-04-20;920.0
2012-04-20;918.0
2012-04-20;920.0
2012-04-21;913.0
2012-04-21;915.0
2012-04-21;910.0
2012-04-21;912.0
2012-04-22;903.0
2012-04-22;903.0
2012-04-22;900.0
2012-04-22;906.0
2012-04-23;890.0
2012-04-23;891.0
2012-04-23;892.0
2012-04-23;889.0
2012-04-24;880.0
2012-04-24;878.0
2012-04-24;883.0
2012-04-24;881.0
2012-04-25;868.0
2012-04-25;870.0
2012-04-25;868.0
2012-04-25;866.0
2012-04-26;864.0
2012-04-26;863.0
2012-04-26;863.0
2012-04-26;862.0
2012-04-27;860.0
2012-04-27;860.0
2012-04-27;859.0
2012-04-27;860.0
2012-04-28;859.0
2012-04-28;859.0
2012-04-28;859.0
2012-04-28;859.0
2012-04-29;855.0
2012-04-29;856.0
2012-04-29;856.0
2012-04-29;857.0
2012-04-30;851.0
2012-04-30;849.0
2012-04-30;852.0
2012-04-30;851.0
2012-05-01;844.0
2012-05-01;844.0
2012-05-01;842.0
2012-05-01;846.0
2012-05-02;876.0
2012-05-02;890.0
2012-05-02;862.0
2012-05-02;876.0
2012-05-03;924.0
2012-05-03;938.0
2012-05-03;911.0
2012-05-03;925.0
2012-05-04;959.0
2012-05-04;965.0
2012-05-04;964.0
2012-05-04;970.0
2012-05-05;988.0
2012-05-05;989.0
2012-05-05;993.0
2012-05-05;984.0
2012-05-06;1006.0
2012-05-06;1013.0
2012-05-06;1000.0
2012-05-06;1007.0
2012-05-07;1016.0
2012-05-07;1020.0
2012-05-07;1018.0
2012-05-07;1018.0
2012-05-08;1028.0
2012-05-08;1026.0
2012-05-08;1026.0
2012-05-08;1024.0
2012-05-09;1038.0
2012-05-09;1038.0
2012-05-09;1034.0
2012-05-09;1042.0
2012-05-10;1036.0
2012-05-10;1033.0
2012-05-10;1033.0
2012-05-10;1030.0
2012-05-11;1041.0
2012-05-11;1039.0
2012-05-11;1040.0
2012-05-11;1040.0
2012-05-12;1050.0
2012-05-12;1052.0
2012-05-12;1048.0
2012-05-12;1050.0
2012-05-13;1050.0
2012-05-13;1053.0
2012-05-13;1053.0
2012-05-13;1056.0
2012-05-14;1048.0
2012-05-14;1050.0
2012-05-14;1050.0
2012-05-14;1052.0
2012-05-15;1058.0
2012-05-15;1062.0
2012-05-15;1065.0
2012-05-15;1062.0
2012-05-16;1070.0
2012-05-16;1071.0
2012-05-16;1072.0
2012-05-16;1069.0
2012-05-17;1067.0
2012-05-17;1068.0
2012-05-17;1066.0
2012-05-17;1065.0
2012-05-18;1054.0
2012-05-18;1055.0
2012-05-18;1055.0
2012-05-18;1056.0
2012-05-19;1053.0
2012-05-19;1052.0
2012-05-19;1054.0
2012-05-19;1053.0
2012-05-20;1067.0
2012-05-20;1081.0
2012-05-20;1074.0
2012-05-20;1074.0
2012-05-21;1106.0
2012-05-21;1102.0
2012-05-21;1106.0
2012-05-21;1110.0
2012-05-22;1118.0
2012-05-22;1119.0
2012-05-22;1118.0
2012-05-22;1119.0
2012-05-23;1119.0
2012-05-23;1117.0
2012-05-23;1120.0
2012-05-23;1118.0
2012-05-24;1109.0
2012-05-24;1108.0
2012-05-24;1103.0
2012-05-24;1114.0
2012-05-25;1091.0
2012-05-25;1087.0
2012-05-25;1095.0
2012-05-25;1091.0
2012-05-26;1066.0
2012-05-26;1076.0
2012-05-26;1071.0
2012-05-26;1071.0
2012-05-27;1041.0
2012-05-27;1048.0
2012-05-27;1041.0
2012-05-27;1034.0
2012-05-28;1010.0
2012-05-28;1011.0
2012-05-28;1017.0
2012-05-28;1004.0
2012-05-29;979.0
2012-05-29;968.0
2012-05-29;990.0
2012-05-29;979.0
2012-05-30;956.0
2012-05-30;960.0
2012-05-30;958.0
2012-05-30;958.0
2012-05-31;929.0
2012-05-31;933.0
2012-05-31;925.0
2012-05-31;929.0
2012-06-01;922.0
2012-06-01;921.0
2012-06-01;922.0
2012-06-01;922.0
2012-06-02;934.0
2012-06-02;940.0
2012-06-02;928.0
2012-06-02;934.0
2012-06-03;982.0
2012-06-03;982.0
2012-06-03;998.0
2012-06-03;966.0
2012-06-04;1006.0
2012-06-04;1004.0
2012-06-04;1007.0
2012-06-04;1006.0
2012-06-05;988.0
2012-06-05;993.0
2012-06-05;997.0
2012-06-05;993.0
2012-06-06;979.0
2012-06-06;979.0
2012-06-06;976.0
2012-06-06;982.0
2012-06-07;959.0
2012-06-07;959.0
2012-06-07;963.0
2012-06-07;954.0
2012-06-08;946.0
2012-06-08;946.0
2012-06-08;945.0
2012-06-08;946.0
2012-06-09;932.0
2012-06-09;957.0
2012-06-09;944.0
2012-06-09;945.0
2012-06-10;964.0
2012-06-10;964.0
2012-06-10;963.0
2012-06-10;964.0
2012-06-11;959.0
2012-06-11;960.0
2012-06-11;960.0
2012-06-11;961.0
2012-06-12;949.0
2012-06-12;940.0
2012-06-12;944.0
2012-06-12;945.0
2012-06-13;937.0
2012-06-13;939.0
2012-06-13;935.0
2012-06-13;937.0
2012-06-14;930.0
2012-06-14;930.0
2012-06-14;929.0
2012-06-14;930.0
2012-06-15;930.0
2012-06-15;928.0
2012-06-15;929.0
2012-06-15;929.0
2012-06-16;940.0
2012-06-16;936.0
2012-06-16;938.0
2012-06-16;938.0
2012-06-17;944.0
2012-06-17;946.0
2012-06-17;942.0
2012-06-17;944.0
2012-06-18;938.0
2012-06-18;935.0
2012-06-18;935.0
2012-06-18;931.0
2012-06-19;916.0
2012-06-19;916.0
2012-06-19;911.0
2012-06-19;921.0
2012-06-20;896.0
2012-06-20;899.0
2012-06-20;896.0
2012-06-20;892.0
2012-06-21;882.0
2012-06-21;884.0
2012-06-21;879.0
2012-06-21;882.0
2012-06-22;871.0
2012-06-22;867.0
2012-06-22;871.0
2012-06-22;875.0
2012-06-23;861.0
2012-06-23;860.0
2012-06-23;862.0
2012-06-23;859.0
2012-06-24;857.0
2012-06-24;856.0
2012-06-24;856.0
2012-06-24;857.0
2012-06-25;855.0
2012-06-25;856.0
2012-06-25;855.0
2012-06-25;854.0
2012-06-26;852.0
2012-06-26;852.0
2012-06-26;851.0
2012-06-26;852.0
2012-06-27;849.0
2012-06-27;849.0
2012-06-27;849.0
2012-06-27;849.0
2012-06-28;851.0
2012-06-28;851.0
2012-06-28;849.0
2012-06-28;852.0
2012-06-29;857.0
2012-06-29;856.0
2012-06-29;857.0
2012-06-29;856.0
2012-06-30;890.0
2012-06-30;882.0
2012-06-30;883.0
2012-06-30;875.0
2012-07-01;918.0
2012-07-01;924.0
2012-07-01;911.0
2012-07-01;918.0
2012-07-02;939.0
2012-07-02;936.0
2012-07-02;942.0
2012-07-02;939.0
2012-07-03;950.0
2012-07-03;947.0
2012-07-03;948.0
2012-07-03;949.0
2012-07-04;948.0
2012-07-04;950.0
2012-07-04;949.0
2012-07-04;949.0
2012-07-05;940.0
2012-07-05;939.0
2012-07-05;941.0
2012-07-05;942.0
2012-07-06;940.0
2012-07-06;939.0
2012-07-06;940.0
2012-07-06;940.0
2012-07-07;951.0
2012-07-07;980.0
2012-07-07;966.0
2012-07-07;965.0
2012-07-08;1002.0
2012-07-08;997.0
2012-07-08;1008.0
2012-07-08;1003.0
2012-07-09;1025.0
2012-07-09;1028.0
2012-07-09;1022.0
2012-07-09;1025.0
2012-07-10;1040.0
2012-07-10;1040.0
2012-07-10;1038.0
2012-07-10;1041.0
2012-07-11;1044.0
2012-07-11;1043.0
2012-07-11;1044.0
2012-07-11;1044.0
2012-07-12;1048.0
2012-07-12;1049.0
2012-07-12;1050.0
2012-07-12;1049.0
2012-07-13;1049.0
2012-07-13;1051.0
2012-07-13;1050.0
2012-07-13;1050.0
2012-07-14;1044.0
2012-07-14;1044.0
2012-07-14;1043.0
2012-07-14;1044.0
2012-07-15;1038.0
2012-07-15;1036.0
2012-07-15;1036.0
2012-07-15;1034.0
2012-07-16;1027.0
2012-07-16;1025.0
2012-07-16;1029.0
2012-07-16;1027.0
2012-07-17;1006.0
2012-07-17;1009.0
2012-07-17;1007.0
2012-07-17;1008.0
2012-07-18;994.0
2012-07-18;984.0
2012-07-18;989.0
2012-07-18;989.0
2012-07-19;973.0
2012-07-19;969.0
2012-07-19;968.0
2012-07-19;964.0
2012-07-20;948.0
2012-07-20;952.0
2012-07-20;943.0
2012-07-20;948.0
2012-07-21;925.0
2012-07-21;930.0
2012-07-21;925.0
2012-07-21;920.0
2012-07-22;902.0
2012-07-22;898.0
2012-07-22;906.0
2012-07-22;902.0
2012-07-23;891.0
2012-07-23;890.0
2012-07-23;890.0
2012-07-23;889.0
2012-07-24;895.0
2012-07-24;893.0
2012-07-24;896.0
2012-07-24;894.0
2012-07-25;898.0
2012-07-25;898.0
2012-07-25;898.0
2012-07-25;898.0
2012-07-26;896.0
2012-07-26;896.0
2012-07-26;895.0
2012-07-26;896.0
2012-07-27;892.0
2012-07-27;893.0
2012-07-27;893.0
2012-07-27;894.0
2012-07-28;886.0
2012-07-28;886.0
2012-07-28;884.0
2012-07-28;888.0
2012-07-29;882.0
2012-07-29;882.0
2012-07-29;882.0
2012-07-29;882.0
2012-07-30;881.0
2012-07-30;881.0
2012-07-30;881.0
2012-07-30;881.0
2012-07-31;882.0
2012-07-31;885.0
2012-07-31;884.0
2012-07-31;884.0
2012-08-01;881.0
2012-08-01;886.0
2012-08-01;884.0
2012-08-01;884.0
2012-08-02;883.0
2012-08-02;881.0
2012-08-02;878.0
2012-08-02;880.0
2012-08-03;869.0
2012-08-03;870.0
2012-08-03;870.0
2012-08-03;870.0
2012-08-04;867.0
2012-08-04;867.0
2012-08-04;867.0
2012-08-04;867.0
2012-08-05;857.0
2012-08-05;860.0
2012-08-05;860.0
2012-08-05;863.0
2012-08-06;842.0
2012-08-06;849.0
2012-08-06;846.0
2012-08-06;846.0
2012-08-07;832.0
2012-08-07;827.0
2012-08-07;827.0
2012-08-07;822.0
2012-08-08;814.0
2012-08-08;817.0
2012-08-08;810.0
2012-08-08;814.0
2012-08-09;799.0
2012-08-09;799.0
2012-08-09;802.0
2012-08-09;796.0
2012-08-10;786.0
2012-08-10;786.0
2012-08-10;788.0
2012-08-10;783.0
2012-08-11;776.0
2012-08-11;777.0
2012-08-11;778.0
2012-08-11;777.0
2012-08-12;778.0
2012-08-12;780.0
2012-08-12;779.0
2012-08-12;779.0
2012-08-13;790.0
2012-08-13;786.0
2012-08-13;788.0
2012-08-13;788.0
2012-08-14;810.0
2012-08-14;806.0
2012-08-14;813.0
2012-08-14;810.0
2012-08-15;818.0
2012-08-15;819.0
2012-08-15;818.0
2012-08-15;819.0
2012-08-16;821.0
2012-08-16;819.0
2012-08-16;822.0
2012-08-16;820.0
2012-08-17;832.0
2012-08-17;832.0
2012-08-17;826.0
2012-08-17;838.0
2012-08-18;846.0
2012-08-18;848.0
2012-08-18;850.0
2012-08-18;848.0
2012-08-19;854.0
2012-08-19;850.0
2012-08-19;852.0
2012-08-19;852.0
2012-08-20;848.0
2012-08-20;843.0
2012-08-20;846.0
2012-08-20;846.0
2012-08-21;835.0
2012-08-21;838.0
2012-08-21;832.0
2012-08-21;835.0
2012-08-22;822.0
2012-08-22;820.0
2012-08-22;824.0
2012-08-22;822.0
2012-08-23;807.0
2012-08-23;810.0
2012-08-23;810.0
2012-08-23;812.0
2012-08-24;799.0
2012-08-24;801.0
2012-08-24;797.0
2012-08-24;799.0
2012-08-25;787.0
2012-08-25;792.0
2012-08-25;790.0
2012-08-25;790.0
2012-08-26;783.0
2012-08-26;784.0
2012-08-26;781.0
2012-08-26;782.0
2012-08-27;783.0
2012-08-27;781.0
2012-08-27;784.0
2012-08-27;782.0
2012-08-28;797.0
2012-08-28;793.0
2012-08-28;801.0
2012-08-28;797.0
2012-08-29;810.0
2012-08-29;813.0
2012-08-29;813.0
2012-08-29;816.0
2012-08-30;826.0
2012-08-30;827.0
2012-08-30;825.0
2012-08-30;826.0
2012-08-31;837.0
2012-08-31;842.0
2012-08-31;847.0
2012-08-31;842.0
2012-09-01;853.0
2012-09-01;855.0
2012-09-01;851.0
2012-09-01;853.0
2012-09-02;853.0
2012-09-02;854.0
2012-09-02;854.0
2012-09-02;854.0
2012-09-03;852.0
2012-09-03;853.0
2012-09-03;852.0
2012-09-03;853.0
2012-09-04;855.0
2012-09-04;856.0
2012-09-04;856.0
2012-09-04;857.0
2012-09-05;861.0
2012-09-05;861.0
2012-09-05;864.0
2012-09-05;858.0
2012-09-06;867.0
2012-09-06;867.0
2012-09-06;867.0
2012-09-06;867.0
2012-09-07;870.0
2012-09-07;871.0
2012-09-07;870.0
2012-09-07;871.0
2012-09-08;873.0
2012-09-08;873.0
2012-09-08;872.0
2012-09-08;872.0
2012-09-09;866.0
2012-09-09;868.0
2012-09-09;866.0
2012-09-09;864.0
2012-09-10;853.0
2012-09-10;850.0
2012-09-10;856.0
2012-09-10;853.0
2012-09-11;842.0
2012-09-11;844.0
2012-09-11;846.0
2012-09-11;844.0
2012-09-12;840.0
2012-09-12;839.0
2012-09-12;839.0
2012-09-12;838.0
2012-09-13;834.0
2012-09-13;828.0
2012-09-13;831.0
2012-09-13;831.0
2012-09-14;817.0
2012-09-14;820.0
2012-09-14;814.0
2012-09-14;817.0
2012-09-15;802.0
2012-09-15;799.0
2012-09-15;806.0
2012-09-15;803.0
2012-09-16;790.0
2012-09-16;791.0
2012-09-16;794.0
2012-09-16;787.0
2012-09-17;784.0
2012-09-17;778.0
2012-09-17;781.0
2012-09-17;781.0
2012-09-18;765.0
2012-09-18;769.0
2012-09-18;772.0
2012-09-18;768.0
2012-09-19;756.0
2012-09-19;756.0
2012-09-19;759.0
2012-09-19;752.0
2012-09-20;741.0
2012-09-20;737.0
2012-09-20;745.0
2012-09-20;741.0
2012-09-21;732.0
2012-09-21;734.0
2012-09-21;729.0
2012-09-21;732.0
2012-09-22;724.0
2012-09-22;723.0
2012-09-22;726.0
2012-09-22;725.0
2012-09-23;721.0
2012-09-23;721.0
2012-09-23;720.0
2012-09-23;720.0
2012-09-24;723.0
2012-09-24;722.0
2012-09-24;724.0
2012-09-24;723.0
2012-09-25;724.0
2012-09-25;724.0
2012-09-25;724.0
2012-09-25;724.0
2012-09-26;719.0
2012-09-26;719.0
2012-09-26;719.0
2012-09-26;719.0
2012-09-27;720.0
2012-09-27;720.0
2012-09-27;722.0
2012-09-27;718.0
2012-09-28;726.0
2012-09-28;728.0
2012-09-28;727.0
2012-09-28;727.0
2012-09-29;731.0
2012-09-29;732.0
2012-09-29;730.0
2012-09-29;731.0
2012-09-30;732.0
2012-09-30;732.0
2012-09-30;732.0
2012-09-30;732.0
2012-10-01;733.0
2012-10-01;734.0
2012-10-01;735.0
2012-10-01;734.0
2012-10-02;732.0
2012-10-02;733.0
2012-10-02;732.0
2012-10-02;733.0
2012-10-03;732.0
2012-10-03;732.0
2012-10-03;732.0
2012-10-03;731.0
2012-10-04;728.0
2012-10-04;727.0
2012-10-04;725.0
2012-10-04;726.0
2012-10-05;720.0
2012-10-05;718.0
2012-10-05;721.0
2012-10-05;720.0
2012-10-06;721.0
2012-10-06;721.0
2012-10-06;720.0
2012-10-06;722.0
2012-10-07;719.0
2012-10-07;720.0
2012-10-07;720.0
2012-10-07;720.0
2012-10-08;720.0
2012-10-08;720.0
2012-10-08;720.0
2012-10-08;720.0
2012-10-09;720.0
2012-10-09;720.0
2012-10-09;720.0
2012-10-09;720.0
2012-10-10;720.0
2012-10-10;720.0
2012-10-10;720.0
2012-10-10;719.0
2012-10-11;715.0
2012-10-11;716.0
2012-10-11;713.0
2012-10-11;714.0
2012-10-12;708.0
2012-10-12;709.0
2012-10-12;707.0
2012-10-12;708.0
2012-10-13;708.0
2012-10-13;707.0
2012-10-13;708.0
2012-10-13;708.0
2012-10-14;709.0
2012-10-14;708.0
2012-10-14;709.0
2012-10-14;708.0
2012-10-15;720.0
2012-10-15;720.0
2012-10-15;718.0
2012-10-15;722.0
2012-10-16;734.0
2012-10-16;733.0
2012-10-16;732.0
2012-10-16;733.0
2012-10-17;749.0
2012-10-17;740.0
2012-10-17;758.0
2012-10-17;749.0
2012-10-18;792.0
2012-10-18;783.0
2012-10-18;792.0
2012-10-18;801.0
2012-10-19;818.0
2012-10-19;815.0
2012-10-19;820.0
2012-10-19;818.0
2012-10-20;817.0
2012-10-20;819.0
2012-10-20;815.0
2012-10-20;817.0
2012-10-21;811.0
2012-10-21;810.0
2012-10-21;810.0
2012-10-21;808.0
2012-10-22;798.0
2012-10-22;801.0
2012-10-22;801.0
2012-10-22;804.0
2012-10-23;789.0
2012-10-23;786.0
2012-10-23;792.0
2012-10-23;789.0
2012-10-24;776.0
2012-10-24;768.0
2012-10-24;772.0
2012-10-24;772.0
2012-10-25;762.0
2012-10-25;764.0
2012-10-25;760.0
2012-10-25;762.0
2012-10-26;753.0
2012-10-26;754.0
2012-10-26;753.0
2012-10-26;752.0
2012-10-27;744.0
2012-10-27;748.0
2012-10-27;746.0
2012-10-27;746.0
2012-10-28;737.0
2012-10-28;737.0
2012-10-28;735.0
2012-10-28;739.0
2012-10-29;729.0
2012-10-29;728.0
2012-10-29;731.0
2012-10-29;726.0
2012-10-30;724.0
2012-10-30;723.0
2012-10-30;723.0
2012-10-30;722.0
2012-10-31;727.0
2012-10-31;722.0
2012-10-31;732.0
2012-10-31;727.0
2012-11-01;735.0
2012-11-01;734.0
2012-11-01;735.0
2012-11-01;736.0
2012-11-02;736.0
2012-11-02;735.0
2012-11-02;737.0
2012-11-02;736.0
2012-11-03;730.0
2012-11-03;725.0
2012-11-03;728.0
2012-11-03;728.0
2012-11-04;710.0
2012-11-04;717.0
2012-11-04;714.0
2012-11-04;714.0
2012-11-05;708.0
2012-11-05;708.0
2012-11-05;708.0
2012-11-05;708.0
2012-11-06;714.0
2012-11-06;715.0
2012-11-06;716.0
2012-11-06;713.0
2012-11-07;715.0
2012-11-07;715.0
2012-11-07;715.0
2012-11-07;715.0
2012-11-08;711.0
2012-11-08;712.0
2012-11-08;711.0
2012-11-08;710.0
2012-11-09;706.0
2012-11-09;709.0
2012-11-09;708.0
2012-11-09;708.0
2012-11-10;695.0
2012-11-10;698.0
2012-11-10;698.0
2012-11-10;700.0
2012-11-11;688.0
2012-11-11;682.0
2012-11-11;685.0
2012-11-11;685.0
2012-11-12;671.0
2012-11-12;674.0
2012-11-12;668.0
2012-11-12;671.0
2012-11-13;665.0
2012-11-13;665.0
2012-11-13;665.0
2012-11-13;665.0
2012-11-14;696.0
2012-11-14;693.0
2012-11-14;693.0
2012-11-14;690.0
2012-11-15;698.0
2012-11-15;698.0
2012-11-15;697.0
2012-11-15;698.0
2012-11-16;695.0
2012-11-16;694.0
2012-11-16;696.0
2012-11-16;695.0
2012-11-17;701.0
2012-11-17;700.0
2012-11-17;700.0
2012-11-17;701.0
2012-11-18;714.0
2012-11-18;712.0
2012-11-18;713.0
2012-11-18;711.0
2012-11-19;717.0
2012-11-19;717.0
2012-11-19;716.0
2012-11-19;718.0
2012-11-20;716.0
2012-11-20;716.0
2012-11-20;715.0
2012-11-20;716.0
2012-11-21;714.0
2012-11-21;713.0
2012-11-21;712.0
2012-11-21;713.0
2012-11-22;706.0
2012-11-22;703.0
2012-11-22;708.0
2012-11-22;706.0
2012-11-23;696.0
2012-11-23;692.0
2012-11-23;688.0
2012-11-23;692.0
2012-11-24;670.0
2012-11-24;665.0
2012-11-24;671.0
2012-11-24;676.0
2012-11-25;653.0
2012-11-25;653.0
2012-11-25;650.0
2012-11-25;656.0
2012-11-26;645.0
2012-11-26;646.0
2012-11-26;645.0
2012-11-26;644.0
2012-11-27;652.0
2012-11-27;657.0
2012-11-27;648.0
2012-11-27;653.0
2012-11-28;658.0
2012-11-28;659.0
2012-11-28;658.0
2012-11-28;659.0
2012-11-29;654.0
2012-11-29;657.0
2012-11-29;656.0
2012-11-29;656.0
2012-11-30;645.0
2012-11-30;646.0
2012-11-30;647.0
2012-11-30;648.0
2012-12-01;634.0
2012-12-01;636.0
2012-12-01;631.0
2012-12-01;634.0
2012-12-02;625.0
2012-12-02;628.0
2012-12-02;631.0
2012-12-02;628.0
2012-12-03;625.0
2012-12-03;619.0
2012-12-03;622.0
2012-12-03;622.0
2012-12-04;611.0
2012-12-04;604.0
2012-12-04;608.0
2012-12-04;608.0
2012-12-05;593.0
2012-12-05;590.0
2012-12-05;596.0
2012-12-05;593.0
2012-12-06;576.0
2012-12-06;572.0
2012-12-06;580.0
2012-12-06;576.0
2012-12-07;595.0
2012-12-07;602.0
2012-12-07;599.0
2012-12-07;598.0
2012-12-08;603.0
2012-12-08;602.0
2012-12-08;604.0
2012-12-08;603.0
2012-12-09;598.0
2012-12-09;599.0
2012-12-09;597.0
2012-12-09;598.0
2012-12-10;588.0
2012-12-10;585.0
2012-12-10;585.0
2012-12-10;582.0
2012-12-11;560.0
2012-12-11;565.0
2012-12-11;556.0
2012-12-11;561.0
2012-12-12;544.0
2012-12-12;545.0
2012-12-12;542.0
2012-12-12;544.0
2012-12-13;534.0
2012-12-13;530.0
2012-12-13;532.0
2012-12-13;532.0
2012-12-14;529.0
2012-12-14;529.0
2012-12-14;528.0
2012-12-14;528.0
2012-12-15;525.0
2012-12-15;526.0
2012-12-15;524.0
2012-12-15;525.0
2012-12-16;520.0
2012-12-16;521.0
2012-12-16;519.0
2012-12-16;520.0
2012-12-17;519.0
2012-12-17;519.0
2012-12-17;519.0
2012-12-17;519.0
2012-12-18;516.0
2012-12-18;519.0
2012-12-18;518.0
2012-12-18;518.0
2012-12-19;520.0
2012-12-19;512.0
2012-12-19;508.0
2012-12-19;510.0
2012-12-20;532.0
2012-12-20;520.0
2012-12-20;536.0
2012-12-20;526.0
2012-12-21;552.0
2012-12-21;572.0
2012-12-21;562.0
2012-12-21;529.0
2012-12-22;615.0
2012-12-22;609.0
2012-12-22;542.0
2012-12-22;602.0
2012-12-23;632.0
2012-12-23;636.0
2012-12-23;640.0
2012-12-23;578.0
2012-12-24;659.0
2012-12-24;664.0
2012-12-24;654.0
2012-12-24;626.0
2012-12-25;660.0
2012-12-25;684.0
2012-12-25;680.0
2012-12-25;688.0
2012-12-26;687.0
2012-12-26;700.0
2012-12-26;701.0
2012-12-26;698.0
2012-12-27;720.0
2012-12-27;715.0
2012-12-27;714.0
2012-12-27;724.0
2012-12-28;734.0
2012-12-28;731.0
2012-12-28;732.0
2012-12-28;729.0
2012-12-29;732.0
2012-12-29;732.0
2012-12-29;731.0
2012-12-29;755.0
2012-12-30;768.0
2012-12-30;726.0
2012-12-30;725.0
2012-12-30;723.0
2012-12-31;718.0
2012-12-31;712.0
2012-12-31;715.0
2012-12-31;772.0
2013-01-01;702.0
2013-01-01;699.0
2013-01-01;705.0
2013-01-01;765.0
2013-01-02;755.0
2013-01-02;695.0
2013-01-02;692.0
2013-01-02;694.0
2013-01-03;700.0
2013-01-03;705.0
2013-01-03;694.0
2013-01-03;742.0
2013-01-04;740.0
2013-01-04;740.0
2013-01-04;750.0
2013-01-04;730.0
2013-01-05;783.0
2013-01-05;778.0
2013-01-05;778.0
2013-01-05;772.0
2013-01-06;791.0
2013-01-06;790.0
2013-01-06;790.0
2013-01-06;791.0
2013-01-07;781.0
2013-01-07;784.0
2013-01-07;778.0
2013-01-07;781.0
2013-01-08;769.0
2013-01-08;766.0
2013-01-08;762.0
2013-01-08;766.0
2013-01-09;740.0
2013-01-09;749.0
2013-01-09;745.0
2013-01-09;744.0
2013-01-10;716.0
2013-01-10;721.0
2013-01-10;721.0
2013-01-10;726.0
2013-01-11;705.0
2013-01-11;700.0
2013-01-11;696.0
2013-01-11;701.0
2013-01-12;683.0
2013-01-12;678.0
2013-01-12;672.0
2013-01-12;678.0
2013-01-13;655.0
2013-01-13;660.0
2013-01-13;650.0
2013-01-13;655.0
2013-01-14;627.0
2013-01-14;632.0
2013-01-14;632.0
2013-01-14;637.0
2013-01-15;627.0
2013-01-15;627.0
2013-01-15;630.0
2013-01-15;624.0
2013-01-16;637.0
2013-01-16;639.0
2013-01-16;635.0
2013-01-16;637.0
2013-01-17;651.0
2013-01-17;652.0
2013-01-17;650.0
2013-01-17;649.0
2013-01-18;660.0
2013-01-18;661.0
2013-01-18;662.0
2013-01-18;661.0
2013-01-19;656.0
2013-01-19;656.0
2013-01-19;656.0
2013-01-19;656.0
2013-01-20;662.0
2013-01-20;659.0
2013-01-20;665.0
2013-01-20;662.0
2013-01-21;665.0
2013-01-21;665.0
2013-01-21;665.0
2013-01-21;665.0
2013-01-22;665.0
2013-01-22;665.0
2013-01-22;665.0
2013-01-22;665.0
2013-01-23;681.0
2013-01-23;668.0
2013-01-23;674.0
2013-01-23;675.0
2013-01-24;687.0
2013-01-24;688.0
2013-01-24;687.0
2013-01-24;686.0
2013-01-25;682.0
2013-01-25;679.0
2013-01-25;684.0
2013-01-25;682.0
2013-01-26;667.0
2013-01-26;663.0
2013-01-26;670.0
2013-01-26;666.0
2013-01-27;648.0
2013-01-27;649.0
2013-01-27;644.0
2013-01-27;653.0
2013-01-28;634.0
2013-01-28;631.0
2013-01-28;634.0
2013-01-28;636.0
2013-01-29;625.0
2013-01-29;625.0
2013-01-29;624.0
2013-01-29;624.0
2013-01-30;618.0
2013-01-30;620.0
2013-01-30;618.0
2013-01-30;615.0
2013-01-31;609.0
2013-01-31;607.0
2013-01-31;604.0
2013-01-31;606.0
2013-02-01;592.0
2013-02-01;595.0
2013-02-01;593.0
2013-02-01;590.0
2013-02-02;586.0
2013-02-02;588.0
2013-02-02;586.0
2013-02-02;584.0
2013-02-03;606.0
2013-02-03;610.0
2013-02-03;611.0
2013-02-03;615.0
2013-02-04;625.0
2013-02-04;620.0
2013-02-04;622.0
2013-02-04;623.0
2013-02-05;632.0
2013-02-05;632.0
2013-02-05;630.0
2013-02-05;633.0
2013-02-06;630.0
2013-02-06;630.0
2013-02-06;629.0
2013-02-06;630.0
2013-02-07;636.0
2013-02-07;636.0
2013-02-07;635.0
2013-02-07;637.0
2013-02-08;634.0
2013-02-08;635.0
2013-02-08;634.0
2013-02-08;635.0
2013-02-09;635.0
2013-02-09;636.0
2013-02-09;634.0
2013-02-09;635.0
2013-02-10;642.0
2013-02-10;640.0
2013-02-10;644.0
2013-02-10;642.0
2013-02-11;648.0
2013-02-11;647.0
2013-02-11;649.0
2013-02-11;648.0
2013-02-12;648.0
2013-02-12;648.0
2013-02-12;649.0
2013-02-12;649.0
2013-02-13;651.0
2013-02-13;650.0
2013-02-13;650.0
2013-02-13;651.0
2013-02-14;652.0
2013-02-14;653.0
2013-02-14;653.0
2013-02-14;652.0
2013-02-15;669.0
2013-02-15;669.0
2013-02-15;669.0
2013-02-15;669.0
2013-02-16;647.0
2013-02-16;652.0
2013-02-16;658.0
2013-02-16;653.0
2013-02-17;620.0
2013-02-17;630.0
2013-02-17;625.0
2013-02-17;625.0
2013-02-18;609.0
2013-02-18;604.0
2013-02-18;599.0
2013-02-18;604.0
2013-02-19;602.0
2013-02-19;600.0
2013-02-19;598.0
2013-02-19;600.0
2013-02-20;612.0
2013-02-20;609.0
2013-02-20;612.0
2013-02-20;614.0
2013-02-21;621.0
2013-02-21;619.0
2013-02-21;623.0
2013-02-21;621.0
2013-02-22;652.0
2013-02-22;661.0
2013-02-22;644.0
2013-02-22;653.0
2013-02-23;678.0
2013-02-23;676.0
2013-02-23;678.0
2013-02-23;680.0
2013-02-24;681.0
2013-02-24;680.0
2013-02-24;682.0
2013-02-24;681.0
2013-02-25;684.0
2013-02-25;684.0
2013-02-25;685.0
2013-02-25;685.0
2013-02-26;690.0
2013-02-26;688.0
2013-02-26;691.0
2013-02-26;690.0
2013-02-27;701.0
2013-02-27;704.0
2013-02-27;697.0
2013-02-27;700.0
2013-02-28;732.0
2013-02-28;746.0
2013-02-28;732.0
2013-02-28;717.0
2013-03-01;783.0
2013-03-01;778.0
2013-03-01;788.0
2013-03-01;783.0
2013-03-02;804.0
2013-03-02;804.0
2013-03-02;804.0
2013-03-02;804.0
2013-03-03;790.0
2013-03-03;796.0
2013-03-03;790.0
2013-03-03;784.0
2013-03-04;769.0
2013-03-04;764.0
2013-03-04;764.0
2013-03-04;758.0
2013-03-05;753.0
2013-03-05;756.0
2013-03-05;750.0
2013-03-05;753.0
2013-03-06;749.0
2013-03-06;750.0
2013-03-06;750.0
2013-03-06;750.0
2013-03-07;745.0
2013-03-07;747.0
2013-03-07;745.0
2013-03-07;743.0
2013-03-08;734.0
2013-03-08;730.0
2013-03-08;726.0
2013-03-08;730.0
2013-03-09;713.0
2013-03-09;710.0
2013-03-09;715.0
2013-03-09;712.0
2013-03-10;696.0
2013-03-10;700.0
2013-03-10;692.0
2013-03-10;696.0
2013-03-11;684.0
2013-03-11;685.0
2013-03-11;685.0
2013-03-11;684.0
2013-03-12;685.0
2013-03-12;685.0
2013-03-12;684.0
2013-03-12;684.0
2013-03-13;697.0
2013-03-13;695.0
2013-03-13;699.0
2013-03-13;697.0
2013-03-14;700.0
2013-03-14;700.0
2013-03-14;701.0
2013-03-14;701.0
2013-03-15;707.0
2013-03-15;707.0
2013-03-15;709.0
2013-03-15;705.0
2013-03-16;715.0
2013-03-16;715.0
2013-03-16;717.0
2013-03-16;713.0
2013-03-17;742.0
2013-03-17;750.0
2013-03-17;742.0
2013-03-17;734.0
2013-03-18;762.0
2013-03-18;767.0
2013-03-18;772.0
2013-03-18;767.0
2013-03-19;775.0
2013-03-19;773.0
2013-03-19;774.0
2013-03-19;774.0
2013-03-20;758.0
2013-03-20;766.0
2013-03-20;762.0
2013-03-20;762.0
2013-03-21;741.0
2013-03-21;736.0
2013-03-21;745.0
2013-03-21;740.0
2013-03-22;724.0
2013-03-22;726.0
2013-03-22;723.0
2013-03-22;725.0
2013-03-23;746.0
2013-03-23;758.0
2013-03-23;758.0
2013-03-23;770.0
2013-03-24;790.0
2013-03-24;787.0
2013-03-24;790.0
2013-03-24;793.0
2013-03-25;784.0
2013-03-25;788.0
2013-03-25;791.0
2013-03-25;788.0
2013-03-26;779.0
2013-03-26;762.0
2013-03-26;745.0
2013-03-26;762.0
2013-03-27;740.0
2013-03-27;735.0
2013-03-27;730.0
2013-03-27;735.0
2013-03-28;721.0
2013-03-28;718.0
2013-03-28;715.0
2013-03-28;718.0
2013-03-29;705.0
2013-03-29;703.0
2013-03-29;707.0
2013-03-29;705.0
2013-03-30;712.0
2013-03-30;710.0
2013-03-30;707.0
2013-03-30;710.0
2013-03-31;724.0
2013-03-31;729.0
2013-03-31;729.0
2013-03-31;734.0
2013-04-01;738.0
2013-04-01;740.0
2013-04-01;735.0
2013-04-01;738.0
2013-04-02;750.0
2013-04-02;750.0
2013-04-02;750.0
2013-04-02;750.0
2013-04-03;755.0
2013-04-03;752.0
2013-04-03;754.0
2013-04-03;754.0
2013-04-04;761.0
2013-04-04;764.0
2013-04-04;764.0
2013-04-04;766.0
2013-04-05;774.0
2013-04-05;775.0
2013-04-05;773.0
2013-04-05;776.0
2013-04-06;778.0
2013-04-06;778.0
2013-04-06;778.0
2013-04-06;777.0
2013-04-07;776.0
2013-04-07;775.0
2013-04-07;777.0
2013-04-07;776.0
2013-04-08;773.0
2013-04-08;770.0
2013-04-08;776.0
2013-04-08;773.0
2013-04-09;761.0
2013-04-09;758.0
2013-04-09;761.0
2013-04-09;764.0
2013-04-10;742.0
2013-04-10;746.0
2013-04-10;750.0
2013-04-10;746.0
2013-04-11;735.0
2013-04-11;737.0
2013-04-11;734.0
2013-04-11;732.0
2013-04-12;724.0
2013-04-12;725.0
2013-04-12;722.0
2013-04-12;724.0
2013-04-13;726.0
2013-04-13;726.0
2013-04-13;726.0
2013-04-13;726.0
2013-04-14;725.0
2013-04-14;724.0
2013-04-14;726.0
2013-04-14;725.0
2013-04-15;738.0
2013-04-15;730.0
2013-04-15;738.0
2013-04-15;746.0
2013-04-16;768.0
2013-04-16;769.0
2013-04-16;768.0
2013-04-16;766.0
2013-04-17;776.0
2013-04-17;779.0
2013-04-17;778.0
2013-04-17;778.0
2013-04-18;782.0
2013-04-18;782.0
2013-04-18;782.0
2013-04-18;781.0
2013-04-19;787.0
2013-04-19;786.0
2013-04-19;787.0
2013-04-19;788.0
2013-04-20;794.0
2013-04-20;795.0
2013-04-20;792.0
2013-04-20;794.0
2013-04-21;806.0
2013-04-21;806.0
2013-04-21;803.0
2013-04-21;808.0
2013-04-22;822.0
2013-04-22;822.0
2013-04-22;816.0
2013-04-22;827.0
2013-04-23;860.0
2013-04-23;874.0
2013-04-23;887.0
2013-04-23;874.0
2013-04-24;930.0
2013-04-24;939.0
2013-04-24;930.0
2013-04-24;920.0
2013-04-25;965.0
2013-04-25;970.0
2013-04-25;960.0
2013-04-25;965.0
2013-04-26;972.0
2013-04-26;973.0
2013-04-26;972.0
2013-04-26;970.0
2013-04-27;945.0
2013-04-27;957.0
2013-04-27;957.0
2013-04-27;969.0
2013-04-28;920.0
2013-04-28;927.0
2013-04-28;920.0
2013-04-28;913.0
2013-04-29;882.0
2013-04-29;891.0
2013-04-29;872.0
2013-04-29;882.0
2013-04-30;840.0
2013-04-30;853.0
2013-04-30;847.0
2013-04-30;846.0
2013-05-01;831.0
2013-05-01;828.0
2013-05-01;824.0
2013-05-01;828.0
2013-05-02;821.0
2013-05-02;822.0
2013-05-02;820.0
2013-05-02;821.0
2013-05-03;814.0
2013-05-03;817.0
2013-05-03;815.0
2013-05-03;812.0
2013-05-04;806.0
2013-05-04;807.0
2013-05-04;805.0
2013-05-04;808.0
2013-05-05;804.0
2013-05-05;804.0
2013-05-05;803.0
2013-05-05;804.0
2013-05-06;807.0
2013-05-06;806.0
2013-05-06;807.0
2013-05-06;806.0
2013-05-07;802.0
2013-05-07;804.0
2013-05-07;801.0
2013-05-07;803.0
2013-05-08;794.0
2013-05-08;791.0
2013-05-08;797.0
2013-05-08;794.0
2013-05-09;784.0
2013-05-09;781.0
2013-05-09;783.0
2013-05-09;782.0
2013-05-10;777.0
2013-05-10;776.0
2013-05-10;777.0
2013-05-10;776.0
2013-05-11;784.0
2013-05-11;789.0
2013-05-11;778.0
2013-05-11;784.0
2013-05-12;798.0
2013-05-12;799.0
2013-05-12;796.0
2013-05-12;798.0
2013-05-13;802.0
2013-05-13;803.0
2013-05-13;803.0
2013-05-13;802.0
2013-05-14;801.0
2013-05-14;804.0
2013-05-14;804.0
2013-05-14;806.0
2013-05-15;810.0
2013-05-15;810.0
2013-05-15;810.0
2013-05-15;810.0
2013-05-16;810.0
2013-05-16;811.0
2013-05-16;811.0
2013-05-16;810.0
2013-05-17;813.0
2013-05-17;813.0
2013-05-17;812.0
2013-05-17;812.0
2013-05-18;830.0
2013-05-18;836.0
2013-05-18;823.0
2013-05-18;830.0
2013-05-19;851.0
2013-05-19;866.0
2013-05-19;859.0
2013-05-19;859.0
2013-05-20;891.0
2013-05-20;886.0
2013-05-20;881.0
2013-05-20;886.0
2013-05-21;914.0
2013-05-21;920.0
2013-05-21;909.0
2013-05-21;915.0
2013-05-22;946.0
2013-05-22;938.0
2013-05-22;939.0
2013-05-22;931.0
2013-05-23;957.0
2013-05-23;960.0
2013-05-23;953.0
2013-05-23;956.0
2013-05-24;957.0
2013-05-24;958.0
2013-05-24;956.0
2013-05-24;957.0
2013-05-25;952.0
2013-05-25;955.0
2013-05-25;953.0
2013-05-25;950.0
2013-05-26;966.0
2013-05-26;957.0
2013-05-26;976.0
2013-05-26;967.0
2013-05-27;1004.0
2013-05-27;1000.0
2013-05-27;1008.0
2013-05-27;1004.0
2013-05-28;1018.0
2013-05-28;1023.0
2013-05-28;1020.0
2013-05-28;1021.0
2013-05-29;1020.0
2013-05-29;1022.0
2013-05-29;1023.0
2013-05-29;1022.0
2013-05-30;1017.0
2013-05-30;1018.0
2013-05-30;1018.0
2013-05-30;1018.0
2013-05-31;1029.0
2013-05-31;1022.0
2013-05-31;1026.0
2013-05-31;1026.0
2013-06-01;1039.0
2013-06-01;1042.0
2013-06-01;1041.0
2013-06-01;1040.0
2013-06-02;1053.0
2013-06-02;1051.0
2013-06-02;1052.0
2013-06-02;1052.0
2013-06-03;1052.0
2013-06-03;1051.0
2013-06-03;1053.0
2013-06-03;1052.0
2013-06-04;1056.0
2013-06-04;1056.0
2013-06-04;1056.0
2013-06-04;1056.0
2013-06-05;1059.0
2013-06-05;1058.0
2013-06-05;1057.0
2013-06-05;1060.0
2013-06-06;1060.0
2013-06-06;1060.0
2013-06-06;1060.0
2013-06-06;1060.0
2013-06-07;1061.0
2013-06-07;1060.0
2013-06-07;1060.0
2013-06-07;1061.0
2013-06-08;1058.0
2013-06-08;1056.0
2013-06-08;1057.0
2013-06-08;1055.0
2013-06-09;1050.0
2013-06-09;1049.0
2013-06-09;1050.0
2013-06-09;1050.0
2013-06-10;1040.0
2013-06-10;1032.0
2013-06-10;1047.0
2013-06-10;1040.0
2013-06-11;1024.0
2013-06-11;1024.0
2013-06-11;1020.0
2013-06-11;1027.0
2013-06-12;1011.0
2013-06-12;1008.0
2013-06-12;1013.0
2013-06-12;1010.0
2013-06-13;1004.0
2013-06-13;1004.0
2013-06-13;1004.0
2013-06-13;1004.0
2013-06-14;1006.0
2013-06-14;1005.0
2013-06-14;1006.0
2013-06-14;1006.0
2013-06-15;1001.0
2013-06-15;1002.0
2013-06-15;1002.0
2013-06-15;1003.0
2013-06-16;995.0
2013-06-16;996.0
2013-06-16;998.0
2013-06-16;997.0
2013-06-17;1002.0
2013-06-17;990.0
2013-06-17;996.0
2013-06-17;996.0
2013-06-18;1013.0
2013-06-18;1015.0
2013-06-18;1014.0
2013-06-18;1014.0
2013-06-19;1012.0
2013-06-19;1010.0
2013-06-19;1013.0
2013-06-19;1012.0
2013-06-20;1002.0
2013-06-20;1000.0
2013-06-20;1004.0
2013-06-20;1002.0
2013-06-21;988.0
2013-06-21;994.0
2013-06-21;991.0
2013-06-21;991.0
2013-06-22;980.0
2013-06-22;978.0
2013-06-22;981.0
2013-06-22;980.0
2013-06-23;962.0
2013-06-23;957.0
2013-06-23;967.0
2013-06-23;962.0
2013-06-24;938.0
2013-06-24;942.0
2013-06-24;935.0
2013-06-24;939.0
2013-06-25;919.0
2013-06-25;915.0
2013-06-25;922.0
2013-06-25;918.0
2013-06-26;902.0
2013-06-26;896.0
2013-06-26;899.0
2013-06-26;899.0
2013-06-27;888.0
2013-06-27;887.0
2013-06-27;890.0
2013-06-27;889.0
2013-06-28;892.0
2013-06-28;893.0
2013-06-28;891.0
2013-06-28;892.0
2013-06-29;898.0
2013-06-29;897.0
2013-06-29;898.0
2013-06-29;898.0
2013-06-30;901.0
2013-06-30;901.0
2013-06-30;901.0
2013-06-30;901.0
2013-07-01;903.0
2013-07-01;912.0
2013-07-01;920.0
2013-07-01;912.0
2013-07-02;947.0
2013-07-02;938.0
2013-07-02;956.0
2013-07-02;947.0
2013-07-03;974.0
2013-07-03;971.0
2013-07-03;977.0
2013-07-03;974.0
2013-07-04;980.0
2013-07-04;979.0
2013-07-04;981.0
2013-07-04;980.0
2013-07-05;976.0
2013-07-05;976.0
2013-07-05;977.0
2013-07-05;974.0
2013-07-06;964.0
2013-07-06;960.0
2013-07-06;968.0
2013-07-06;964.0
2013-07-07;950.0
2013-07-07;942.0
2013-07-07;957.0
2013-07-07;949.0
2013-07-08;927.0
2013-07-08;930.0
2013-07-08;930.0
2013-07-08;932.0
2013-07-09;914.0
2013-07-09;918.0
2013-07-09;923.0
2013-07-09;919.0
2013-07-10;925.0
2013-07-10;926.0
2013-07-10;923.0
2013-07-10;924.0
2013-07-11;933.0
2013-07-11;932.0
2013-07-11;934.0
2013-07-11;933.0
2013-07-12;932.0
2013-07-12;934.0
2013-07-12;934.0
2013-07-12;935.0
2013-07-13;928.0
2013-07-13;931.0
2013-07-13;930.0
2013-07-13;930.0
2013-07-14;923.0
2013-07-14;922.0
2013-07-14;924.0
2013-07-14;923.0
2013-07-15;912.0
2013-07-15;914.0
2013-07-15;910.0
2013-07-15;912.0
2013-07-16;903.0
2013-07-16;902.0
2013-07-16;904.0
2013-07-16;903.0
2013-07-17;900.0
2013-07-17;899.0
2013-07-17;900.0
2013-07-17;899.0
2013-07-18;899.0
2013-07-18;901.0
2013-07-18;900.0
2013-07-18;898.0
2013-07-19;917.0
2013-07-19;921.0
2013-07-19;912.0
2013-07-19;916.0
2013-07-20;934.0
2013-07-20;933.0
2013-07-20;934.0
2013-07-20;934.0
2013-07-21;925.0
2013-07-21;921.0
2013-07-21;929.0
2013-07-21;925.0
2013-07-22;919.0
2013-07-22;913.0
2013-07-22;916.0
2013-07-22;916.0
2013-07-23;932.0
2013-07-23;912.0
2013-07-23;922.0
2013-07-23;922.0
2013-07-24;962.0
2013-07-24;962.0
2013-07-24;963.0
2013-07-24;963.0
2013-07-25;967.0
2013-07-25;967.0
2013-07-25;966.0
2013-07-25;966.0
2013-07-26;964.0
2013-07-26;966.0
2013-07-26;963.0
2013-07-26;965.0
2013-07-27;948.0
2013-07-27;953.0
2013-07-27;943.0
2013-07-27;948.0
2013-07-28;920.0
2013-07-28;927.0
2013-07-28;913.0
2013-07-28;920.0
2013-07-29;889.0
2013-07-29;893.0
2013-07-29;889.0
2013-07-29;885.0
2013-07-30;859.0
2013-07-30;865.0
2013-07-30;864.0
2013-07-30;870.0
2013-07-31;854.0
2013-07-31;855.0
2013-07-31;854.0
2013-07-31;855.0
2013-08-01;855.0
2013-08-01;855.0
2013-08-01;855.0
2013-08-01;855.0
2013-08-02;864.0
2013-08-02;867.0
2013-08-02;865.0
2013-08-02;862.0
2013-08-03;870.0
2013-08-03;871.0
2013-08-03;872.0
2013-08-03;871.0
2013-08-04;872.0
2013-08-04;873.0
2013-08-04;871.0
2013-08-04;872.0
2013-08-05;866.0
2013-08-05;868.0
2013-08-05;867.0
2013-08-05;867.0
2013-08-06;874.0
2013-08-06;880.0
2013-08-06;887.0
2013-08-06;881.0
2013-08-07;898.0
2013-08-07;896.0
2013-08-07;900.0
2013-08-07;898.0
2013-08-08;898.0
2013-08-08;899.0
2013-08-08;900.0
2013-08-08;899.0
2013-08-09;891.0
2013-08-09;894.0
2013-08-09;889.0
2013-08-09;892.0
2013-08-10;880.0
2013-08-10;874.0
2013-08-10;877.0
2013-08-10;877.0
2013-08-11;862.0
2013-08-11;862.0
2013-08-11;864.0
2013-08-11;859.0
2013-08-12;854.0
2013-08-12;853.0
2013-08-12;855.0
2013-08-12;854.0
2013-08-13;852.0
2013-08-13;852.0
2013-08-13;852.0
2013-08-13;852.0
2013-08-14;853.0
2013-08-14;854.0
2013-08-14;851.0
2013-08-14;852.0
2013-08-15;861.0
2013-08-15;860.0
2013-08-15;857.0
2013-08-15;864.0
2013-08-16;869.0
2013-08-16;867.0
2013-08-16;868.0
2013-08-16;870.0
2013-08-17;875.0
2013-08-17;874.0
2013-08-17;875.0
2013-08-17;874.0
2013-08-18;876.0
2013-08-18;875.0
2013-08-18;876.0
2013-08-18;876.0
2013-08-19;870.0
2013-08-19;872.0
2013-08-19;872.0
2013-08-19;873.0
2013-08-20;868.0
2013-08-20;868.0
2013-08-20;868.0
2013-08-20;868.0
2013-08-21;880.0
2013-08-21;880.0
2013-08-21;876.0
2013-08-21;883.0
2013-08-22;890.0
2013-08-22;890.0
2013-08-22;890.0
2013-08-22;889.0
2013-08-23;893.0
2013-08-23;893.0
2013-08-23;892.0
2013-08-23;893.0
2013-08-24;898.0
2013-08-24;900.0
2013-08-24;895.0
2013-08-24;898.0
2013-08-25;900.0
2013-08-25;899.0
2013-08-25;901.0
2013-08-25;900.0
2013-08-26;899.0
2013-08-26;899.0
2013-08-26;898.0
2013-08-26;900.0
2013-08-27;892.0
2013-08-27;890.0
2013-08-27;888.0
2013-08-27;890.0
2013-08-28;881.0
2013-08-28;881.0
2013-08-28;879.0
2013-08-28;883.0
2013-08-29;874.0
2013-08-29;872.0
2013-08-29;870.0
2013-08-29;872.0
2013-08-30;864.0
2013-08-30;862.0
2013-08-30;862.0
2013-08-30;860.0
2013-08-31;848.0
2013-08-31;843.0
2013-08-31;852.0
2013-08-31;848.0
2013-09-01;831.0
2013-09-01;834.0
2013-09-01;828.0
2013-09-01;831.0
2013-09-02;814.0
2013-09-02;822.0
2013-09-02;818.0
2013-09-02;818.0
2013-09-03;805.0
2013-09-03;805.0
2013-09-03;808.0
2013-09-03;802.0
2013-09-04;796.0
2013-09-04;793.0
2013-09-04;790.0
2013-09-04;793.0
2013-09-05;794.0
2013-09-05;792.0
2013-09-05;797.0
2013-09-05;795.0
2013-09-06;809.0
2013-09-06;807.0
2013-09-06;806.0
2013-09-06;804.0
2013-09-07;814.0
2013-09-07;814.0
2013-09-07;814.0
2013-09-07;813.0
2013-09-08;811.0
2013-09-08;810.0
2013-09-08;809.0
2013-09-08;810.0
2013-09-09;808.0
2013-09-09;808.0
2013-09-09;808.0
2013-09-09;808.0
2013-09-10;806.0
2013-09-10;804.0
2013-09-10;805.0
2013-09-10;805.0
2013-09-11;801.0
2013-09-11;802.0
2013-09-11;800.0
2013-09-11;801.0
2013-09-12;806.0
2013-09-12;806.0
2013-09-12;804.0
2013-09-12;808.0
2013-09-13;828.0
2013-09-13;829.0
2013-09-13;814.0
2013-09-13;843.0
2013-09-14;853.0
2013-09-14;854.0
2013-09-14;854.0
2013-09-14;854.0
2013-09-15;846.0
2013-09-15;848.0
2013-09-15;844.0
2013-09-15;846.0
2013-09-16;834.0
2013-09-16;838.0
2013-09-16;836.0
2013-09-16;836.0
2013-09-17;824.0
2013-09-17;814.0
2013-09-17;819.0
2013-09-17;819.0
2013-09-18;807.0
2013-09-18;804.0
2013-09-18;810.0
2013-09-18;807.0
2013-09-19;816.0
2013-09-19;824.0
2013-09-19;820.0
2013-09-19;820.0
2013-09-20;834.0
2013-09-20;838.0
2013-09-20;841.0
2013-09-20;838.0
2013-09-21;847.0
2013-09-21;846.0
2013-09-21;847.0
2013-09-21;846.0
2013-09-22;835.0
2013-09-22;838.0
2013-09-22;838.0
2013-09-22;841.0
2013-09-23;819.0
2013-09-23;824.0
2013-09-23;814.0
2013-09-23;819.0
2013-09-24;798.0
2013-09-24;793.0
2013-09-24;798.0
2013-09-24;802.0
2013-09-25;781.0
2013-09-25;780.0
2013-09-25;782.0
2013-09-25;781.0
2013-09-26;783.0
2013-09-26;788.0
2013-09-26;786.0
2013-09-26;786.0
2013-09-27;776.0
2013-09-27;774.0
2013-09-27;778.0
2013-09-27;776.0
2013-09-28;768.0
2013-09-28;769.0
2013-09-28;767.0
2013-09-28;770.0
2013-09-29;773.0
2013-09-29;776.0
2013-09-29;772.0
2013-09-29;769.0
2013-09-30;793.0
2013-09-30;790.0
2013-09-30;786.0
2013-09-30;790.0
2013-10-01;802.0
2013-10-01;802.0
2013-10-01;801.0
2013-10-01;802.0
2013-10-02;790.0
2013-10-02;793.0
2013-10-02;796.0
2013-10-02;793.0
2013-10-03;775.0
2013-10-03;780.0
2013-10-03;770.0
2013-10-03;775.0
2013-10-04;755.0
2013-10-04;759.0
2013-10-04;751.0
2013-10-04;755.0
2013-10-05;739.0
2013-10-05;741.0
2013-10-05;742.0
2013-10-05;740.0
2013-10-06;737.0
2013-10-06;736.0
2013-10-06;734.0
2013-10-06;736.0
2013-10-07;730.0
2013-10-07;732.0
2013-10-07;728.0
2013-10-07;730.0
2013-10-08;724.0
2013-10-08;724.0
2013-10-08;724.0
2013-10-08;724.0
2013-10-09;723.0
2013-10-09;722.0
2013-10-09;723.0
2013-10-09;722.0
2013-10-10;720.0
2013-10-10;720.0
2013-10-10;721.0
2013-10-10;721.0
2013-10-11;722.0
2013-10-11;723.0
2013-10-11;720.0
2013-10-11;722.0
2013-10-12;735.0
2013-10-12;736.0
2013-10-12;736.0
2013-10-12;736.0
2013-10-13;759.0
2013-10-13;756.0
2013-10-13;759.0
2013-10-13;762.0
2013-10-14;769.0
2013-10-14;766.0
2013-10-14;768.0
2013-10-14;768.0
2013-10-15;775.0
2013-10-15;775.0
2013-10-15;776.0
2013-10-15;774.0
2013-10-16;781.0
2013-10-16;779.0
2013-10-16;780.0
2013-10-16;780.0
2013-10-17;777.0
2013-10-17;777.0
2013-10-17;780.0
2013-10-17;774.0
2013-10-18;761.0
2013-10-18;754.0
2013-10-18;768.0
2013-10-18;761.0
2013-10-19;734.0
2013-10-19;748.0
2013-10-19;741.0
2013-10-19;741.0
2013-10-20;726.0
2013-10-20;721.0
2013-10-20;724.0
2013-10-20;724.0
2013-10-21;716.0
2013-10-21;716.0
2013-10-21;715.0
2013-10-21;717.0
2013-10-22;708.0
2013-10-22;705.0
2013-10-22;710.0
2013-10-22;708.0
2013-10-23;702.0
2013-10-23;702.0
2013-10-23;703.0
2013-10-23;701.0
2013-10-24;714.0
2013-10-24;709.0
2013-10-24;718.0
2013-10-24;714.0
2013-10-25;720.0
2013-10-25;720.0
2013-10-25;719.0
2013-10-25;720.0
2013-10-26;708.0
2013-10-26;711.0
2013-10-26;713.0
2013-10-26;710.0
2013-10-27;694.0
2013-10-27;699.0
2013-10-27;696.0
2013-10-27;697.0
2013-10-28;685.0
2013-10-28;683.0
2013-10-28;686.0
2013-10-28;684.0
2013-10-29;673.0
2013-10-29;676.0
2013-10-29;676.0
2013-10-29;678.0
2013-10-30;665.0
2013-10-30;668.0
2013-10-30;665.0
2013-10-30;662.0
2013-10-31;660.0
2013-10-31;660.0
2013-10-31;660.0
2013-10-31;660.0
2013-11-01;658.0
2013-11-01;657.0
2013-11-01;659.0
2013-11-01;658.0
2013-11-02;651.0
2013-11-02;654.0
2013-11-02;652.0
2013-11-02;653.0
2013-11-03;654.0
2013-11-03;656.0
2013-11-03;653.0
2013-11-03;655.0
2013-11-04;668.0
2013-11-04;675.0
2013-11-04;668.0
2013-11-04;660.0
2013-11-05;702.0
2013-11-05;680.0
2013-11-05;691.0
2013-11-05;691.0
2013-11-06;717.0
2013-11-06;716.0
2013-11-06;716.0
2013-11-06;717.0
2013-11-07;703.0
2013-11-07;708.0
2013-11-07;698.0
2013-11-07;703.0
2013-11-08;678.0
2013-11-08;676.0
2013-11-08;680.0
2013-11-08;678.0
2013-11-09;660.0
2013-11-09;667.0
2013-11-09;673.0
2013-11-09;666.0
2013-11-10;662.0
2013-11-10;665.0
2013-11-10;664.0
2013-11-10;664.0
2013-11-11;674.0
2013-11-11;674.0
2013-11-11;673.0
2013-11-11;674.0
2013-11-12;680.0
2013-11-12;680.0
2013-11-12;679.0
2013-11-12;680.0
2013-11-13;681.0
2013-11-13;682.0
2013-11-13;681.0
2013-11-13;680.0
2013-11-14;678.0
2013-11-14;678.0
2013-11-14;678.0
2013-11-14;678.0
2013-11-15;681.0
2013-11-15;684.0
2013-11-15;688.0
2013-11-15;685.0
2013-11-16;704.0
2013-11-16;706.0
2013-11-16;701.0
2013-11-16;704.0
2013-11-17;708.0
2013-11-17;709.0
2013-11-17;707.0
2013-11-17;708.0
2013-11-18;699.0
2013-11-18;701.0
2013-11-18;697.0
2013-11-18;699.0
2013-11-19;692.0
2013-11-19;693.0
2013-11-19;695.0
2013-11-19;690.0
2013-11-20;682.0
2013-11-20;685.0
2013-11-20;678.0
2013-11-20;682.0
2013-11-21;655.0
2013-11-21;660.0
2013-11-21;660.0
2013-11-21;665.0
2013-11-22;643.0
2013-11-22;642.0
2013-11-22;645.0
2013-11-22;640.0
2013-11-23;636.0
2013-11-23;636.0
2013-11-23;636.0
2013-11-23;636.0
2013-11-24;639.0
2013-11-24;638.0
2013-11-24;640.0
2013-11-24;639.0
2013-11-25;642.0
2013-11-25;641.0
2013-11-25;642.0
2013-11-25;643.0
2013-11-26;647.0
2013-11-26;646.0
2013-11-26;645.0
2013-11-26;648.0
2013-11-27;648.0
2013-11-27;646.0
2013-11-27;650.0
2013-11-27;648.0
2013-11-28;638.0
2013-11-28;638.0
2013-11-28;639.0
2013-11-28;636.0
2013-11-29;620.0
2013-11-29;620.0
2013-11-29;611.0
2013-11-29;629.0
2013-11-30;598.0
2013-11-30;598.0
2013-11-30;602.0
2013-11-30;594.0
2013-12-01;583.0
2013-12-01;580.0
2013-12-01;586.0
2013-12-01;583.0
2013-12-02;574.0
2013-12-02;575.0
2013-12-02;574.0
2013-12-02;575.0
2013-12-03;576.0
2013-12-03;576.0
2013-12-03;576.0
2013-12-03;575.0
2013-12-04;575.0
2013-12-04;576.0
2013-12-04;573.0
2013-12-04;574.0
2013-12-05;565.0
2013-12-05;566.0
2013-12-05;563.0
2013-12-05;564.0
2013-12-06;563.0
2013-12-06;563.0
2013-12-06;563.0
2013-12-06;563.0
2013-12-07;591.0
2013-12-07;582.0
2013-12-07;582.0
2013-12-07;572.0
2013-12-08;622.0
2013-12-08;632.0
2013-12-08;613.0
2013-12-08;623.0
2013-12-09;664.0
2013-12-09;670.0
2013-12-09;658.0
2013-12-09;664.0
2013-12-10;684.0
2013-12-10;682.0
2013-12-10;683.0
2013-12-10;683.0
2013-12-11;702.0
2013-12-11;696.0
2013-12-11;708.0
2013-12-11;702.0
2013-12-12;720.0
2013-12-12;723.0
2013-12-12;725.0
2013-12-12;722.0
2013-12-13;736.0
2013-12-13;733.0
2013-12-13;739.0
2013-12-13;736.0
2013-12-14;746.0
2013-12-14;749.0
2013-12-14;748.0
2013-12-14;748.0
2013-12-15;750.0
2013-12-15;751.0
2013-12-15;750.0
2013-12-15;751.0
2013-12-16;780.0
2013-12-16;766.0
2013-12-16;780.0
2013-12-16;793.0
2013-12-17;802.0
2013-12-17;803.0
2013-12-17;802.0
2013-12-17;800.0
2013-12-18;808.0
2013-12-18;810.0
2013-12-18;806.0
2013-12-18;808.0
2013-12-19;806.0
2013-12-19;809.0
2013-12-19;803.0
2013-12-19;806.0
2013-12-20;790.0
2013-12-20;783.0
2013-12-20;798.0
2013-12-20;791.0
2013-12-21;754.0
2013-12-21;755.0
2013-12-21;763.0
2013-12-21;746.0
2013-12-22;714.0
2013-12-22;723.0
2013-12-22;705.0
2013-12-22;714.0
2013-12-23;666.0
2013-12-23;684.0
2013-12-23;675.0
2013-12-23;675.0
2013-12-24;640.0
2013-12-24;647.0
2013-12-24;632.0
2013-12-24;640.0
2013-12-25;610.0
2013-12-25;603.0
2013-12-25;616.0
2013-12-25;610.0
2013-12-26;585.0
2013-12-26;580.0
2013-12-26;590.0
2013-12-26;585.0
2013-12-27;566.0
2013-12-27;569.0
2013-12-27;572.0
2013-12-27;569.0
2013-12-28;558.0
2013-12-28;561.0
2013-12-28;555.0
2013-12-28;558.0
2013-12-29;545.0
2013-12-29;542.0
2013-12-29;544.0
2013-12-29;547.0
2013-12-30;532.0
2013-12-30;532.0
2013-12-30;530.0
2013-12-30;534.0
2013-12-31;519.0
2013-12-31;520.0
2013-12-31;518.0
2013-12-31;519.0
2014-01-01;512.0
2014-01-01;514.0
2014-01-01;511.0
2014-01-01;513.0
2014-01-02;507.0
2014-01-02;509.0
2014-01-02;509.0
2014-01-02;511.0
2014-01-03;526.0
2014-01-03;528.0
2014-01-03;529.0
2014-01-03;531.0
2014-01-04;528.0
2014-01-04;528.0
2014-01-04;526.0
2014-01-04;530.0
2014-01-05;537.0
2014-01-05;536.0
2014-01-05;530.0
2014-01-05;543.0
2014-01-06;569.0
2014-01-06;568.0
2014-01-06;561.0
2014-01-06;576.0
2014-01-07;582.0
2014-01-07;582.0
2014-01-07;582.0
2014-01-07;581.0
2014-01-08;582.0
2014-01-08;582.0
2014-01-08;583.0
2014-01-08;583.0
2014-01-09;582.0
2014-01-09;580.0
2014-01-09;583.0
2014-01-09;582.0
2014-01-10;570.0
2014-01-10;572.0
2014-01-10;568.0
2014-01-10;570.0
2014-01-11;564.0
2014-01-11;563.0
2014-01-11;561.0
2014-01-11;562.0
2014-01-12;554.0
2014-01-12;557.0
2014-01-12;556.0
2014-01-12;556.0
2014-01-13;548.0
2014-01-13;550.0
2014-01-13;545.0
2014-01-13;548.0
2014-01-14;533.0
2014-01-14;536.0
2014-01-14;539.0
2014-01-14;536.0
2014-01-15;527.0
2014-01-15;525.0
2014-01-15;525.0
2014-01-15;523.0
2014-01-16;517.0
2014-01-16;514.0
2014-01-16;515.0
2014-01-16;512.0
2014-01-17;503.0
2014-01-17;506.0
2014-01-17;500.0
2014-01-17;503.0
2014-01-18;498.0
2014-01-18;497.0
2014-01-18;498.0
2014-01-18;497.0
2014-01-19;500.0
2014-01-19;499.0
2014-01-19;500.0
2014-01-19;500.0
2014-01-20;530.0
2014-01-20;525.0
2014-01-20;530.0
2014-01-20;535.0
2014-01-21;546.0
2014-01-21;558.0
2014-01-21;552.0
2014-01-21;552.0
2014-01-22;552.0
2014-01-22;556.0
2014-01-22;552.0
2014-01-22;548.0
2014-01-23;516.0
2014-01-23;516.0
2014-01-23;511.0
2014-01-23;521.0
2014-01-24;502.0
2014-01-24;506.0
2014-01-24;502.0
2014-01-24;498.0
2014-01-25;486.0
2014-01-25;482.0
2014-01-25;478.0
2014-01-25;482.0
2014-01-26;470.0
2014-01-26;468.0
2014-01-26;468.0
2014-01-26;465.0
2014-01-27;454.0
2014-01-27;457.0
2014-01-27;457.0
2014-01-27;460.0
2014-01-28;446.0
2014-01-28;446.0
2014-01-28;448.0
2014-01-28;444.0
2014-01-29;438.0
2014-01-29;439.0
2014-01-29;437.0
2014-01-29;438.0
2014-01-30;433.0
2014-01-30;434.0
2014-01-30;432.0
2014-01-30;433.0
2014-01-31;446.0
2014-01-31;442.0
2014-01-31;451.0
2014-01-31;447.0
2014-02-01;460.0
2014-02-01;460.0
2014-02-01;460.0
2014-02-01;460.0
2014-02-02;456.0
2014-02-02;453.0
2014-02-02;458.0
2014-02-02;456.0
2014-02-03;448.0
2014-02-03;447.0
2014-02-03;448.0
2014-02-03;449.0
2014-02-04;443.0
2014-02-04;446.0
2014-02-04;440.0
2014-02-04;443.0
2014-02-05;432.0
2014-02-05;430.0
2014-02-05;427.0
2014-02-05;430.0
2014-02-06;422.0
2014-02-06;422.0
2014-02-06;422.0
2014-02-06;422.0
2014-02-07;426.0
2014-02-07;427.0
2014-02-07;424.0
2014-02-07;426.0
2014-02-08;431.0
2014-02-08;430.0
2014-02-08;431.0
2014-02-08;430.0
2014-02-09;430.0
2014-02-09;430.0
2014-02-09;430.0
2014-02-09;430.0
2014-02-10;426.0
2014-02-10;427.0
2014-02-10;424.0
2014-02-10;426.0
2014-02-11;416.0
2014-02-11;414.0
2014-02-11;418.0
2014-02-11;416.0
2014-02-12;412.0
2014-02-12;412.0
2014-02-12;412.0
2014-02-12;412.0
2014-02-13;416.0
2014-02-13;420.0
2014-02-13;413.0
2014-02-13;417.0
2014-02-14;439.0
2014-02-14;443.0
2014-02-14;439.0
2014-02-14;435.0
2014-02-15;452.0
2014-02-15;451.0
2014-02-15;452.0
2014-02-15;451.0
2014-02-16;454.0
2014-02-16;454.0
2014-02-16;454.0
2014-02-16;454.0
2014-02-17;449.0
2014-02-17;451.0
2014-02-17;446.0
2014-02-17;449.0
2014-02-18;439.0
2014-02-18;437.0
2014-02-18;436.0
2014-02-18;434.0
2014-02-19;433.0
2014-02-19;434.0
2014-02-19;434.0
2014-02-19;434.0
2014-02-20;442.0
2014-02-20;444.0
2014-02-20;439.0
2014-02-20;442.0
2014-02-21;448.0
2014-02-21;449.0
2014-02-21;450.0
2014-02-21;449.0
2014-02-22;458.0
2014-02-22;466.0
2014-02-22;451.0
2014-02-22;459.0
2014-02-23;493.0
2014-02-23;497.0
2014-02-23;493.0
2014-02-23;489.0
2014-02-24;506.0
2014-02-24;506.0
2014-02-24;505.0
2014-02-24;506.0
2014-02-25;497.0
2014-02-25;494.0
2014-02-25;497.0
2014-02-25;500.0
2014-02-26;484.0
2014-02-26;486.0
2014-02-26;481.0
2014-02-26;484.0
2014-02-27;466.0
2014-02-27;466.0
2014-02-27;465.0
2014-02-27;466.0
2014-02-28;465.0
2014-02-28;466.0
2014-02-28;466.0
2014-02-28;466.0
2014-03-01;476.0
2014-03-01;480.0
2014-03-01;472.0
2014-03-01;476.0
2014-03-02;504.0
2014-03-02;497.0
2014-03-02;511.0
2014-03-02;504.0
2014-03-03;548.0
2014-03-03;542.0
2014-03-03;536.0
2014-03-03;542.0
2014-03-04;555.0
2014-03-04;554.0
2014-03-04;554.0
2014-03-04;555.0
2014-03-05;550.0
2014-03-05;549.0
2014-03-05;548.0
2014-03-05;549.0
2014-03-06;562.0
2014-03-06;565.0
2014-03-06;560.0
2014-03-06;563.0
2014-03-07;574.0
2014-03-07;570.0
2014-03-07;574.0
2014-03-07;578.0
2014-03-08;578.0
2014-03-08;578.0
2014-03-08;576.0
2014-03-08;580.0
2014-03-09;572.0
2014-03-09;570.0
2014-03-09;571.0
2014-03-09;571.0
2014-03-10;560.0
2014-03-10;562.0
2014-03-10;560.0
2014-03-10;557.0
2014-03-11;546.0
2014-03-11;546.0
2014-03-11;551.0
2014-03-11;541.0
2014-03-12;531.0
2014-03-12;533.0
2014-03-12;535.0
2014-03-12;533.0
2014-03-13;530.0
2014-03-13;530.0
2014-03-13;528.0
2014-03-13;532.0
2014-03-14;538.0
2014-03-14;538.0
2014-03-14;537.0
2014-03-14;538.0
2014-03-15;532.0
2014-03-15;532.0
2014-03-15;529.0
2014-03-15;534.0
2014-03-16;521.0
2014-03-16;520.0
2014-03-16;521.0
2014-03-16;520.0
2014-03-17;526.0
2014-03-17;526.0
2014-03-17;525.0
2014-03-17;526.0
2014-03-18;527.0
2014-03-18;526.0
2014-03-18;527.0
2014-03-18;526.0
2014-03-19;517.0
2014-03-19;509.0
2014-03-19;525.0
2014-03-19;517.0
2014-03-20;501.0
2014-03-20;497.0
2014-03-20;505.0
2014-03-20;501.0
2014-03-21;477.0
2014-03-21;477.0
2014-03-21;472.0
2014-03-21;482.0
2014-03-22;462.0
2014-03-22;460.0
2014-03-22;464.0
2014-03-22;462.0
2014-03-23;454.0
2014-03-23;457.0
2014-03-23;456.0
2014-03-23;456.0
2014-03-24;461.0
2014-03-24;457.0
2014-03-24;457.0
2014-03-24;453.0
2014-03-25;484.0
2014-03-25;490.0
2014-03-25;479.0
2014-03-25;485.0
2014-03-26;498.0
2014-03-26;499.0
2014-03-26;499.0
2014-03-26;499.0
2014-03-27;497.0
2014-03-27;495.0
2014-03-27;495.0
2014-03-27;493.0
2014-03-28;480.0
2014-03-28;482.0
2014-03-28;482.0
2014-03-28;483.0
2014-03-29;485.0
2014-03-29;488.0
2014-03-29;489.0
2014-03-29;492.0
2014-03-30;507.0
2014-03-30;507.0
2014-03-30;502.0
2014-03-30;511.0
2014-03-31;526.0
2014-03-31;524.0
2014-03-31;524.0
2014-03-31;522.0
2014-04-01;544.0
2014-04-01;546.0
2014-04-01;541.0
2014-04-01;544.0
2014-04-02;546.0
2014-04-02;548.0
2014-04-02;547.0
2014-04-02;547.0
2014-04-03;544.0
2014-04-03;544.0
2014-04-03;544.0
2014-04-03;544.0
2014-04-04;541.0
2014-04-04;540.0
2014-04-04;542.0
2014-04-04;541.0
2014-04-05;529.0
2014-04-05;528.0
2014-04-05;532.0
2014-04-05;525.0
2014-04-06;522.0
2014-04-06;522.0
2014-04-06;523.0
2014-04-06;523.0
2014-04-07;527.0
2014-04-07;531.0
2014-04-07;535.0
2014-04-07;531.0
2014-04-08;548.0
2014-04-08;550.0
2014-04-08;548.0
2014-04-08;546.0
2014-04-09;548.0
2014-04-09;548.0
2014-04-09;549.0
2014-04-09;549.0
2014-04-10;548.0
2014-04-10;548.0
2014-04-10;547.0
2014-04-10;548.0
2014-04-11;550.0
2014-04-11;548.0
2014-04-11;549.0
2014-04-11;549.0
2014-04-12;552.0
2014-04-12;552.0
2014-04-12;552.0
2014-04-12;551.0
2014-04-13;550.0
2014-04-13;549.0
2014-04-13;548.0
2014-04-13;549.0
2014-04-14;546.0
2014-04-14;544.0
2014-04-14;547.0
2014-04-14;546.0
2014-04-15;563.0
2014-04-15;563.0
2014-04-15;570.0
2014-04-15;556.0
2014-04-16;583.0
2014-04-16;587.0
2014-04-16;585.0
2014-04-16;585.0
2014-04-17;608.0
2014-04-17;608.0
2014-04-17;612.0
2014-04-17;603.0
2014-04-18;623.0
2014-04-18;627.0
2014-04-18;630.0
2014-04-18;626.0
2014-04-19;670.0
2014-04-19;690.0
2014-04-19;670.0
2014-04-19;650.0
2014-04-20;731.0
2014-04-20;740.0
2014-04-20;722.0
2014-04-20;731.0
2014-04-21;759.0
2014-04-21;769.0
2014-04-21;764.0
2014-04-21;764.0
2014-04-22;792.0
2014-04-22;789.0
2014-04-22;795.0
2014-04-22;792.0
2014-04-23;801.0
2014-04-23;801.0
2014-04-23;801.0
2014-04-23;801.0
2014-04-24;795.0
2014-04-24;800.0
2014-04-24;798.0
2014-04-24;798.0
2014-04-25;788.0
2014-04-25;787.0
2014-04-25;790.0
2014-04-25;789.0
2014-04-26;784.0
2014-04-26;784.0
2014-04-26;784.0
2014-04-26;784.0
2014-04-27;780.0
2014-04-27;781.0
2014-04-27;781.0
2014-04-27;782.0
2014-04-28;796.0
2014-04-28;790.0
2014-04-28;790.0
2014-04-28;784.0
2014-04-29;802.0
2014-04-29;802.0
2014-04-29;801.0
2014-04-29;803.0
2014-04-30;808.0
2014-04-30;810.0
2014-04-30;806.0
2014-04-30;808.0
2014-05-01;914.0
2014-05-01;914.0
2014-05-01;913.0
2014-05-01;914.0
2014-05-02;909.0
2014-05-02;910.0
2014-05-02;910.0
2014-05-02;910.0
2014-05-03;907.0
2014-05-03;908.0
2014-05-03;906.0
2014-05-03;905.0
2014-05-04;914.0
2014-05-04;917.0
2014-05-04;910.0
2014-05-04;914.0
2014-05-05;935.0
2014-05-05;943.0
2014-05-05;939.0
2014-05-05;939.0
2014-05-06;952.0
2014-05-06;950.0
2014-05-06;954.0
2014-05-06;952.0
2014-05-07;952.0
2014-05-07;952.0
2014-05-07;950.0
2014-05-07;954.0
2014-05-08;940.0
2014-05-08;941.0
2014-05-08;939.0
2014-05-08;940.0
2014-05-09;921.0
2014-05-09;915.0
2014-05-09;927.0
2014-05-09;921.0
2014-05-10;900.0
2014-05-10;896.0
2014-05-10;896.0
2014-05-10;892.0
2014-05-11;880.0
2014-05-11;886.0
2014-05-11;933.0
2014-05-11;933.0
2014-05-12;896.0
2014-05-12;892.0
2014-05-12;896.0
2014-05-12;900.0
2014-05-13;903.0
2014-05-13;904.0
2014-05-13;905.0
2014-05-13;904.0
2014-05-14;902.0
2014-05-14;905.0
2014-05-14;900.0
2014-05-14;903.0
2014-05-15;896.0
2014-05-15;896.0
2014-05-15;895.0
2014-05-15;896.0
2014-05-16;900.0
2014-05-16;903.0
2014-05-16;906.0
2014-05-16;903.0
2014-05-17;912.0
2014-05-17;912.0
2014-05-17;912.0
2014-05-17;912.0
2014-05-18;908.0
2014-05-18;907.0
2014-05-18;909.0
2014-05-18;908.0
2014-05-19;902.0
2014-05-19;900.0
2014-05-19;900.0
2014-05-19;898.0
2014-05-20;893.0
2014-05-20;892.0
2014-05-20;891.0
2014-05-20;890.0
2014-05-21;889.0
2014-05-21;889.0
2014-05-21;889.0
2014-05-21;889.0
2014-05-22;904.0
2014-05-22;903.0
2014-05-22;905.0
2014-05-22;906.0
2014-05-23;898.0
2014-05-23;901.0
2014-05-23;896.0
2014-05-23;899.0
2014-05-24;880.0
2014-05-24;884.0
2014-05-24;884.0
2014-05-24;888.0
2014-05-25;869.0
2014-05-25;872.0
2014-05-25;866.0
2014-05-25;869.0
2014-05-26;858.0
2014-05-26;858.0
2014-05-26;857.0
2014-05-26;857.0
2014-05-27;893.0
2014-05-27;908.0
2014-05-27;878.0
2014-05-27;893.0
2014-05-28;959.0
2014-05-28;948.0
2014-05-28;937.0
2014-05-28;948.0
2014-05-29;967.0
2014-05-29;967.0
2014-05-29;967.0
2014-05-29;967.0
2014-05-30;1007.0
2014-05-30;1004.0
2014-05-30;1006.0
2014-05-30;1006.0
2014-05-31;1018.0
2014-05-31;1015.0
2014-05-31;1012.0
2014-05-31;1015.0
2014-06-01;1030.0
2014-06-01;1039.0
2014-06-01;1034.0
2014-06-01;1035.0
2014-06-02;1047.0
2014-06-02;1047.0
2014-06-02;1047.0
2014-06-02;1047.0
2014-06-03;1050.0
2014-06-03;1049.0
2014-06-03;1050.0
2014-06-03;1050.0
2014-06-04;1046.0
2014-06-04;1043.0
2014-06-04;1049.0
2014-06-04;1046.0
2014-06-05;1038.0
2014-06-05;1039.0
2014-06-05;1038.0
2014-06-05;1039.0
2014-06-06;1046.0
2014-06-06;1044.0
2014-06-06;1045.0
2014-06-06;1045.0
2014-06-07;1058.0
2014-06-07;1065.0
2014-06-07;1062.0
2014-06-07;1062.0
2014-06-08;1071.0
2014-06-08;1071.0
2014-06-08;1071.0
2014-06-08;1071.0
2014-06-09;1073.0
2014-06-09;1074.0
2014-06-09;1072.0
2014-06-09;1073.0
2014-06-10;1071.0
2014-06-10;1071.0
2014-06-10;1071.0
2014-06-10;1071.0
2014-06-11;1074.0
2014-06-11;1074.0
2014-06-11;1072.0
2014-06-11;1075.0
2014-06-12;1079.0
2014-06-12;1078.0
2014-06-12;1078.0
2014-06-12;1077.0
2014-06-13;1071.0
2014-06-13;1072.0
2014-06-13;1071.0
2014-06-13;1070.0
2014-06-14;1062.0
2014-06-14;1060.0
2014-06-14;1057.0
2014-06-14;1060.0
2014-06-15;1047.0
2014-06-15;1043.0
2014-06-15;1051.0
2014-06-15;1047.0
2014-06-16;1036.0
2014-06-16;1034.0
2014-06-16;1037.0
2014-06-16;1036.0
2014-06-17;1031.0
2014-06-17;1028.0
2014-06-17;1030.0
2014-06-17;1030.0
2014-06-18;1035.0
2014-06-18;1033.0
2014-06-18;1032.0
2014-06-18;1030.0
2014-06-19;1063.0
2014-06-19;1055.0
2014-06-19;1070.0
2014-06-19;1062.0
2014-06-20;1087.0
2014-06-20;1076.0
2014-06-20;1098.0
2014-06-20;1087.0
2014-06-21;1104.0
2014-06-21;1104.0
2014-06-21;1104.0
2014-06-21;1104.0
2014-06-22;1104.0
2014-06-22;1105.0
2014-06-22;1104.0
2014-06-22;1103.0
2014-06-23;1097.0
2014-06-23;1098.0
2014-06-23;1096.0
2014-06-23;1097.0
2014-06-24;1112.0
2014-06-24;1110.0
2014-06-24;1112.0
2014-06-24;1113.0
2014-06-25;1118.0
2014-06-25;1122.0
2014-06-25;1115.0
2014-06-25;1119.0
2014-06-26;1166.0
2014-06-26;1189.0
2014-06-26;1167.0
2014-06-26;1144.0
2014-06-27;1220.0
2014-06-27;1223.0
2014-06-27;1222.0
2014-06-27;1225.0
2014-06-28;1228.0
2014-06-28;1228.0
2014-06-28;1228.0
2014-06-28;1228.0
2014-06-29;1226.0
2014-06-29;1226.0
2014-06-29;1226.0
2014-06-29;1226.0
2014-06-30;1216.0
2014-06-30;1220.0
2014-06-30;1212.0
2014-06-30;1216.0
2014-07-01;1202.0
2014-07-01;1194.0
2014-07-01;1198.0
2014-07-01;1198.0
2014-07-02;1177.0
2014-07-02;1182.0
2014-07-02;1177.0
2014-07-02;1172.0
2014-07-03;1157.0
2014-07-03;1152.0
2014-07-03;1162.0
2014-07-03;1157.0
2014-07-04;1150.0
2014-07-04;1150.0
2014-07-04;1149.0
2014-07-04;1150.0
2014-07-05;1147.0
2014-07-05;1146.0
2014-07-05;1147.0
2014-07-05;1146.0
2014-07-06;1148.0
2014-07-06;1146.0
2014-07-06;1148.0
2014-07-06;1150.0
2014-07-07;1151.0
2014-07-07;1150.0
2014-07-07;1152.0
2014-07-07;1151.0
2014-07-08;1152.0
2014-07-08;1151.0
2014-07-08;1152.0
2014-07-08;1153.0
2014-07-09;1154.0
2014-07-09;1157.0
2014-07-09;1157.0
2014-07-09;1160.0
2014-07-10;1166.0
2014-07-10;1172.0
2014-07-10;1169.0
2014-07-10;1169.0
2014-07-11;1182.0
2014-07-11;1184.0
2014-07-11;1182.0
2014-07-11;1180.0
2014-07-12;1188.0
2014-07-12;1187.0
2014-07-12;1187.0
2014-07-12;1186.0
2014-07-13;1186.0
2014-07-13;1188.0
2014-07-13;1188.0
2014-07-13;1189.0
2014-07-14;1180.0
2014-07-14;1181.0
2014-07-14;1179.0
2014-07-14;1180.0
2014-07-15;1177.0
2014-07-15;1176.0
2014-07-15;1177.0
2014-07-15;1176.0
2014-07-16;1178.0
2014-07-16;1179.0
2014-07-16;1180.0
2014-07-16;1177.0
2014-07-17;1184.0
2014-07-17;1184.0
2014-07-17;1184.0
2014-07-17;1184.0
2014-07-18;1182.0
2014-07-18;1180.0
2014-07-18;1184.0
2014-07-18;1182.0
2014-07-19;1178.0
2014-07-19;1178.0
2014-07-19;1178.0
2014-07-19;1178.0
2014-07-20;1175.0
2014-07-20;1175.0
2014-07-20;1174.0
2014-07-20;1174.0
2014-07-21;1164.0
2014-07-21;1167.0
2014-07-21;1162.0
2014-07-21;1165.0
2014-07-22;1144.0
2014-07-22;1149.0
2014-07-22;1154.0
2014-07-22;1149.0
2014-07-23;1129.0
2014-07-23;1134.0
2014-07-23;1129.0
2014-07-23;1124.0
2014-07-24;1103.0
2014-07-24;1098.0
2014-07-24;1103.0
2014-07-24;1108.0
2014-07-25;1082.0
2014-07-25;1080.0
2014-07-25;1084.0
2014-07-25;1082.0
2014-07-26;1068.0
2014-07-26;1068.0
2014-07-26;1065.0
2014-07-26;1070.0
2014-07-27;1054.0
2014-07-27;1057.0
2014-07-27;1054.0
2014-07-27;1050.0
2014-07-28;1041.0
2014-07-28;1044.0
2014-07-28;1043.0
2014-07-28;1042.0
2014-07-29;1039.0
2014-07-29;1039.0
2014-07-29;1039.0
2014-07-29;1039.0
2014-07-30;1038.0
2014-07-30;1037.0
2014-07-30;1038.0
2014-07-30;1038.0
2014-07-31;1027.0
2014-07-31;1030.0
2014-07-31;1034.0
2014-07-31;1031.0
2014-08-01;1020.0
2014-08-01;1018.0
2014-08-01;1022.0
2014-08-01;1020.0
2014-08-02;1011.0
2014-08-02;1007.0
2014-08-02;1003.0
2014-08-02;1007.0
2014-08-03;993.0
2014-08-03;996.0
2014-08-03;999.0
2014-08-03;996.0
2014-08-04;980.0
2014-08-04;977.0
2014-08-04;976.0
2014-08-04;973.0
2014-08-05;959.0
2014-08-05;949.0
2014-08-05;954.0
2014-08-05;954.0
2014-08-06;928.0
2014-08-06;935.0
2014-08-06;932.0
2014-08-06;932.0
2014-08-07;913.0
2014-08-07;910.0
2014-08-07;916.0
2014-08-07;913.0
2014-08-08;900.0
2014-08-08;898.0
2014-08-08;895.0
2014-08-08;898.0
2014-08-09;890.0
2014-08-09;890.0
2014-08-09;890.0
2014-08-09;890.0
2014-08-10;891.0
2014-08-10;891.0
2014-08-10;891.0
2014-08-10;891.0
2014-08-11;883.0
2014-08-11;883.0
2014-08-11;884.0
2014-08-11;882.0
2014-08-12;877.0
2014-08-12;877.0
2014-08-12;878.0
2014-08-12;876.0
2014-08-13;874.0
2014-08-13;874.0
2014-08-13;873.0
2014-08-13;874.0
2014-08-14;884.0
2014-08-14;880.0
2014-08-14;888.0
2014-08-14;884.0
2014-08-15;899.0
2014-08-15;897.0
2014-08-15;895.0
2014-08-15;897.0
2014-08-16;906.0
2014-08-16;905.0
2014-08-16;905.0
2014-08-16;904.0
2014-08-17;905.0
2014-08-17;905.0
2014-08-17;904.0
2014-08-17;906.0
2014-08-18;892.0
2014-08-18;895.0
2014-08-18;895.0
2014-08-18;898.0
2014-08-19;882.0
2014-08-19;884.0
2014-08-19;882.0
2014-08-19;880.0
2014-08-20;890.0
2014-08-20;896.0
2014-08-20;884.0
2014-08-20;890.0
2014-08-21;908.0
2014-08-21;914.0
2014-08-21;911.0
2014-08-21;911.0
2014-08-22;918.0
2014-08-22;919.0
2014-08-22;918.0
2014-08-22;916.0
2014-08-23;912.0
2014-08-23;914.0
2014-08-23;910.0
2014-08-23;912.0
2014-08-24;902.0
2014-08-24;902.0
2014-08-24;904.0
2014-08-24;899.0
2014-08-25;888.0
2014-08-25;890.0
2014-08-25;892.0
2014-08-25;890.0
2014-08-26;886.0
2014-08-26;884.0
2014-08-26;887.0
2014-08-26;886.0
2014-08-27;895.0
2014-08-27;892.0
2014-08-27;898.0
2014-08-27;895.0
2014-08-28;918.0
2014-08-28;925.0
2014-08-28;910.0
2014-08-28;918.0
2014-08-29;956.0
2014-08-29;950.0
2014-08-29;950.0
2014-08-29;944.0
2014-08-30;966.0
2014-08-30;965.0
2014-08-30;968.0
2014-08-30;967.0
2014-08-31;972.0
2014-08-31;972.0
2014-08-31;972.0
2014-08-31;972.0
2014-09-01;972.0
2014-09-01;971.0
2014-09-01;972.0
2014-09-01;972.0
2014-09-02;966.0
2014-09-02;966.0
2014-09-02;967.0
2014-09-02;967.0
2014-09-03;973.0
2014-09-03;974.0
2014-09-03;973.0
2014-09-03;972.0
2014-09-04;976.0
2014-09-04;976.0
2014-09-04;976.0
2014-09-04;976.0
2014-09-05;972.0
2014-09-05;974.0
2014-09-05;970.0
2014-09-05;972.0
2014-09-06;956.0
2014-09-06;960.0
2014-09-06;952.0
2014-09-06;956.0
2014-09-07;930.0
2014-09-07;940.0
2014-09-07;935.0
2014-09-07;935.0
2014-09-08;917.0
2014-09-08;920.0
2014-09-08;914.0
2014-09-08;917.0
2014-09-09;905.0
2014-09-09;901.0
2014-09-09;908.0
2014-09-09;904.0
2014-09-10;886.0
2014-09-10;886.0
2014-09-10;890.0
2014-09-10;882.0
2014-09-11;864.0
2014-09-11;859.0
2014-09-11;864.0
2014-09-11;869.0
2014-09-12;851.0
2014-09-12;847.0
2014-09-12;843.0
2014-09-12;847.0
2014-09-13;838.0
2014-09-13;836.0
2014-09-13;839.0
2014-09-13;838.0
2014-09-14;840.0
2014-09-14;846.0
2014-09-14;843.0
2014-09-14;843.0
2014-09-15;856.0
2014-09-15;856.0
2014-09-15;857.0
2014-09-15;857.0
2014-09-16;861.0
2014-09-16;860.0
2014-09-16;862.0
2014-09-16;861.0
2014-09-17;872.0
2014-09-17;876.0
2014-09-17;876.0
2014-09-17;880.0
2014-09-18;900.0
2014-09-18;892.0
2014-09-18;908.0
2014-09-18;900.0
2014-09-19;930.0
2014-09-19;928.0
2014-09-19;926.0
2014-09-19;928.0
2014-09-20;922.0
2014-09-20;923.0
2014-09-20;919.0
2014-09-20;926.0
2014-09-21;901.0
2014-09-21;896.0
2014-09-21;905.0
2014-09-21;901.0
2014-09-22;880.0
2014-09-22;876.0
2014-09-22;884.0
2014-09-22;880.0
2014-09-23;871.0
2014-09-23;868.0
2014-09-23;873.0
2014-09-23;870.0
2014-09-24;862.0
2014-09-24;859.0
2014-09-24;864.0
2014-09-24;862.0
2014-09-25;848.0
2014-09-25;852.0
2014-09-25;844.0
2014-09-25;848.0
2014-09-26;828.0
2014-09-26;834.0
2014-09-26;831.0
2014-09-26;831.0
2014-09-27;814.0
2014-09-27;810.0
2014-09-27;818.0
2014-09-27;814.0
2014-09-28;796.0
2014-09-28;792.0
2014-09-28;793.0
2014-09-28;789.0
2014-09-29;780.0
2014-09-29;775.0
2014-09-29;778.0
2014-09-29;778.0
2014-09-30;765.0
2014-09-30;768.0
2014-09-30;762.0
2014-09-30;765.0
2014-10-01;755.0
2014-10-01;755.0
2014-10-01;758.0
2014-10-01;752.0
2014-10-02;745.0
2014-10-02;744.0
2014-10-02;746.0
2014-10-02;745.0
2014-10-03;735.0
2014-10-03;737.0
2014-10-03;737.0
2014-10-03;739.0
2014-10-04;731.0
2014-10-04;732.0
2014-10-04;730.0
2014-10-04;731.0
2014-10-05;720.0
2014-10-05;723.0
2014-10-05;722.0
2014-10-05;725.0
2014-10-06;712.0
2014-10-06;710.0
2014-10-06;714.0
2014-10-06;712.0
2014-10-07;704.0
2014-10-07;700.0
2014-10-07;702.0
2014-10-07;702.0
2014-10-08;699.0
2014-10-08;699.0
2014-10-08;698.0
2014-10-08;698.0
2014-10-09;704.0
2014-10-09;705.0
2014-10-09;702.0
2014-10-09;704.0
2014-10-10;723.0
2014-10-10;723.0
2014-10-10;728.0
2014-10-10;718.0
2014-10-11;742.0
2014-10-11;740.0
2014-10-11;743.0
2014-10-11;742.0
2014-10-12;760.0
2014-10-12;765.0
2014-10-12;770.0
2014-10-12;765.0
2014-10-13;782.0
2014-10-13;779.0
2014-10-13;781.0
2014-10-13;780.0
2014-10-14;791.0
2014-10-14;790.0
2014-10-14;791.0
2014-10-14;790.0
2014-10-15;796.0
2014-10-15;795.0
2014-10-15;797.0
2014-10-15;796.0
2014-10-16;799.0
2014-10-16;798.0
2014-10-16;798.0
2014-10-16;797.0
2014-10-17;795.0
2014-10-17;795.0
2014-10-17;795.0
2014-10-17;795.0
2014-10-18;785.0
2014-10-18;790.0
2014-10-18;788.0
2014-10-18;788.0
2014-10-19;780.0
2014-10-19;780.0
2014-10-19;780.0
2014-10-19;780.0
2014-10-20;782.0
2014-10-20;788.0
2014-10-20;785.0
2014-10-20;785.0
2014-10-21;809.0
2014-10-21;809.0
2014-10-21;804.0
2014-10-21;814.0
2014-10-22;823.0
2014-10-22;823.0
2014-10-22;822.0
2014-10-22;822.0
2014-10-23;818.0
2014-10-23;820.0
2014-10-23;820.0
2014-10-23;821.0
2014-10-24;804.0
2014-10-24;809.0
2014-10-24;799.0
2014-10-24;804.0
2014-10-25;786.0
2014-10-25;782.0
2014-10-25;779.0
2014-10-25;783.0
2014-10-26;765.0
2014-10-26;764.0
2014-10-26;762.0
2014-10-26;764.0
2014-10-27;761.0
2014-10-27;775.0
2014-10-27;774.0
2014-10-27;788.0
2014-10-28;812.0
2014-10-28;810.0
2014-10-28;812.0
2014-10-28;814.0
2014-10-29;819.0
2014-10-29;818.0
2014-10-29;818.0
2014-10-29;819.0
2014-10-30;817.0
2014-10-30;817.0
2014-10-30;816.0
2014-10-30;818.0
2014-10-31;811.0
2014-10-31;812.0
2014-10-31;810.0
2014-10-31;809.0
2014-11-01;794.0
2014-11-01;802.0
2014-11-01;794.0
2014-11-01;798.0
2014-11-02;783.0
2014-11-02;783.0
2014-11-02;786.0
2014-11-02;789.0
2014-11-03;772.0
2014-11-03;772.0
2014-11-03;774.0
2014-11-03;776.0
2014-11-04;766.0
2014-11-04;767.0
2014-11-04;764.0
2014-11-04;764.0
2014-11-05;758.0
2014-11-05;760.0
2014-11-05;758.0
2014-11-05;759.0
2014-11-06;755.0
2014-11-06;754.0
2014-11-06;755.0
2014-11-06;754.0
2014-11-07;748.0
2014-11-07;750.0
2014-11-07;748.0
2014-11-07;749.0
2014-11-08;743.0
2014-11-08;744.0
2014-11-08;744.0
2014-11-08;743.0
2014-11-09;742.0
2014-11-09;740.0
2014-11-09;742.0
2014-11-09;741.0
2014-11-10;750.0
2014-11-10;754.0
2014-11-10;754.0
2014-11-10;746.0
2014-11-11;771.0
2014-11-11;778.0
2014-11-11;764.0
2014-11-11;778.0
2014-11-12;783.0
2014-11-12;784.0
2014-11-12;784.0
2014-11-12;782.0
2014-11-13;798.0
2014-11-13;802.0
2014-11-13;800.0
2014-11-13;802.0
2014-11-14;808.0
2014-11-14;810.0
2014-11-14;810.0
2014-11-14;809.0
2014-11-15;813.0
2014-11-15;805.0
2014-11-15;809.0
2014-11-15;805.0
2014-11-16;792.0
2014-11-16;795.0
2014-11-16;792.0
2014-11-16;797.0
2014-11-17;786.0
2014-11-17;784.0
2014-11-17;787.0
2014-11-17;784.0
2014-11-18;778.0
2014-11-18;776.0
2014-11-18;780.0
2014-11-18;776.0
2014-11-19;768.0
2014-11-19;758.0
2014-11-19;763.0
2014-11-19;758.0
2014-11-20;738.0
2014-11-20;732.0
2014-11-20;732.0
2014-11-20;744.0
2014-11-21;714.0
2014-11-21;719.0
2014-11-21;717.0
2014-11-21;714.0
2014-11-22;712.0
2014-11-22;712.0
2014-11-22;711.0
2014-11-22;712.0
2014-11-23;711.0
2014-11-23;706.0
2014-11-23;709.0
2014-11-23;706.0
2014-11-24;693.0
2014-11-24;686.0
2014-11-24;699.0
2014-11-24;686.0
2014-11-25;667.0
2014-11-25;667.0
2014-11-25;672.0
2014-11-25;676.0
2014-11-26;652.0
2014-11-26;658.0
2014-11-26;652.0
2014-11-26;655.0
2014-11-27;639.0
2014-11-27;639.0
2014-11-27;643.0
2014-11-27;646.0
2014-11-28;627.0
2014-11-28;630.0
2014-11-28;632.0
2014-11-28;627.0
2014-11-29;617.0
2014-11-29;617.0
2014-11-29;619.0
2014-11-29;620.0
2014-11-30;614.0
2014-11-30;614.0
2014-11-30;614.0
2014-11-30;614.0
2014-12-01;627.0
2014-12-01;633.0
2014-12-01;620.0
2014-12-01;633.0
2014-12-02;650.0
2014-12-02;663.0
2014-12-02;657.0
2014-12-02;663.0
2014-12-03;674.0
2014-12-03;676.0
2014-12-03;676.0
2014-12-03;675.0
2014-12-04;676.0
2014-12-04;676.0
2014-12-04;675.0
2014-12-04;676.0
2014-12-05;672.0
2014-12-05;673.0
2014-12-05;674.0
2014-12-05;672.0
2014-12-06;648.0
2014-12-06;644.0
2014-12-06;652.0
2014-12-06;644.0
2014-12-07;635.0
2014-12-07;638.0
2014-12-07;635.0
2014-12-07;637.0
2014-12-08;635.0
2014-12-08;634.0
2014-12-08;635.0
2014-12-08;635.0
2014-12-09;641.0
2014-12-09;642.0
2014-12-09;639.0
2014-12-09;642.0
2014-12-10;646.0
2014-12-10;659.0
2014-12-10;653.0
2014-12-10;659.0
2014-12-11;681.0
2014-12-11;697.0
2014-12-11;689.0
2014-12-11;697.0
2014-12-12;712.0
2014-12-12;718.0
2014-12-12;718.0
2014-12-12;715.0
2014-12-13;724.0
2014-12-13;725.0
2014-12-13;722.0
2014-12-13;725.0
2014-12-14;720.0
2014-12-14;722.0
2014-12-14;723.0
2014-12-14;720.0
2014-12-15;702.0
2014-12-15;708.0
2014-12-15;713.0
2014-12-15;702.0
2014-12-16;678.0
2014-12-16;690.0
2014-12-16;678.0
2014-12-16;684.0
2014-12-17;659.0
2014-12-17;655.0
2014-12-17;655.0
2014-12-17;663.0
2014-12-18;649.0
2014-12-18;647.0
2014-12-18;650.0
2014-12-18;647.0
2014-12-19;645.0
2014-12-19;647.0
2014-12-19;646.0
2014-12-19;647.0
2014-12-20;642.0
2014-12-20;644.0
2014-12-20;642.0
2014-12-20;645.0
2014-12-21;639.0
2014-12-21;640.0
2014-12-21;639.0
2014-12-21;640.0
2014-12-22;634.0
2014-12-22;637.0
2014-12-22;634.0
2014-12-22;636.0
2014-12-23;627.0
2014-12-23;629.0
2014-12-23;624.0
2014-12-23;624.0
2014-12-24;624.0
2014-12-24;624.0
2014-12-24;627.0
2014-12-24;629.0
2014-12-25;659.0
2014-12-25;625.0
2014-12-25;659.0
2014-12-25;642.0
2014-12-26;696.0
2014-12-26;696.0
2014-12-26;695.0
2014-12-26;693.0
2014-12-27;714.0
2014-12-27;701.0
2014-12-27;714.0
2014-12-27;708.0
2014-12-28;754.0
2014-12-28;745.0
2014-12-28;754.0
2014-12-28;736.0
2014-12-29;771.0
2014-12-29;772.0
2014-12-29;772.0
2014-12-29;772.0
2014-12-30;751.0
2014-12-30;762.0
2014-12-30;751.0
2014-12-30;757.0
2014-12-31;721.0
2014-12-31;731.0
2014-12-31;711.0
2014-12-31;711.0
2015-01-01;692.0
2015-01-01;698.0
2015-01-01;685.0
2015-01-01;692.0
2015-01-02;668.0
2015-01-02;664.0
2015-01-02;660.0
2015-01-02;664.0
2015-01-03;646.0
2015-01-03;646.0
2015-01-03;643.0
2015-01-03;648.0
2015-01-04;637.0
2015-01-04;636.0
2015-01-04;638.0
2015-01-04;637.0
2015-01-05;632.0
2015-01-05;634.0
2015-01-05;633.0
2015-01-05;633.0
2015-01-06;630.0
2015-01-06;627.0
2015-01-06;629.0
2015-01-06;629.0
2015-01-07;625.0
2015-01-07;624.0
2015-01-07;625.0
2015-01-07;625.0
2015-01-08;624.0
2015-01-08;623.0
2015-01-08;624.0
2015-01-08;624.0
2015-01-09;622.0
2015-01-09;623.0
2015-01-09;620.0
2015-01-09;622.0
2015-01-10;619.0
2015-01-10;619.0
2015-01-10;619.0
2015-01-10;619.0
2015-01-11;619.0
2015-01-11;623.0
2015-01-11;626.0
2015-01-11;623.0
2015-01-12;655.0
2015-01-12;644.0
2015-01-12;650.0
2015-01-12;650.0
2015-01-13;666.0
2015-01-13;664.0
2015-01-13;668.0
2015-01-13;666.0
2015-01-14;669.0
2015-01-14;670.0
2015-01-14;667.0
2015-01-14;669.0
2015-01-15;657.0
2015-01-15;663.0
2015-01-15;660.0
2015-01-15;660.0
2015-01-16;654.0
2015-01-16;655.0
2015-01-16;655.0
2015-01-16;656.0
2015-01-17;658.0
2015-01-17;661.0
2015-01-17;655.0
2015-01-17;658.0
2015-01-18;653.0
2015-01-18;654.0
2015-01-18;652.0
2015-01-18;653.0
2015-01-19;650.0
2015-01-19;651.0
2015-01-19;651.0
2015-01-19;652.0
2015-01-20;655.0
2015-01-20;656.0
2015-01-20;656.0
2015-01-20;656.0
2015-01-21;663.0
2015-01-21;677.0
2015-01-21;649.0
2015-01-21;663.0
2015-01-22;704.0
2015-01-22;709.0
2015-01-22;699.0
2015-01-22;704.0
2015-01-23;719.0
2015-01-23;718.0
2015-01-23;717.0
2015-01-23;718.0
2015-01-24;729.0
2015-01-24;726.0
2015-01-24;731.0
2015-01-24;729.0
2015-01-25;742.0
2015-01-25;741.0
2015-01-25;739.0
2015-01-25;741.0
2015-01-26;744.0
2015-01-26;744.0
2015-01-26;744.0
2015-01-26;744.0
2015-01-27;743.0
2015-01-27;742.0
2015-01-27;743.0
2015-01-27;743.0
2015-01-28;740.0
2015-01-28;741.0
2015-01-28;740.0
2015-01-28;738.0
2015-01-29;731.0
2015-01-29;731.0
2015-01-29;727.0
2015-01-29;734.0
2015-01-30;716.0
2015-01-30;714.0
2015-01-30;718.0
2015-01-30;716.0
2015-01-31;740.0
2015-01-31;732.0
2015-01-31;724.0
2015-01-31;732.0
2015-02-01;774.0
2015-02-01;777.0
2015-02-01;777.0
2015-02-01;780.0
2015-02-02;801.0
2015-02-02;802.0
2015-02-02;799.0
2015-02-02;801.0
2015-02-03;810.0
2015-02-03;811.0
2015-02-03;808.0
2015-02-03;810.0
2015-02-04;818.0
2015-02-04;818.0
2015-02-04;814.0
2015-02-04;821.0
2015-02-05;832.0
2015-02-05;832.0
2015-02-05;833.0
2015-02-05;830.0
2015-02-06;833.0
2015-02-06;833.0
2015-02-06;832.0
2015-02-06;833.0
2015-02-07;825.0
2015-02-07;828.0
2015-02-07;822.0
2015-02-07;825.0
2015-02-08;821.0
2015-02-08;821.0
2015-02-08;821.0
2015-02-08;820.0
2015-02-09;817.0
2015-02-09;817.0
2015-02-09;817.0
2015-02-09;817.0
2015-02-10;814.0
2015-02-10;815.0
2015-02-10;815.0
2015-02-10;815.0
2015-02-11;810.0
2015-02-11;807.0
2015-02-11;804.0
2015-02-11;807.0
2015-02-12;790.0
2015-02-12;785.0
2015-02-12;794.0
2015-02-12;790.0
2015-02-13;772.0
2015-02-13;775.0
2015-02-13;768.0
2015-02-13;772.0
2015-02-14;763.0
2015-02-14;763.0
2015-02-14;763.0
2015-02-14;763.0
2015-02-15;776.0
2015-02-15;770.0
2015-02-15;782.0
2015-02-15;776.0
2015-02-16;794.0
2015-02-16;802.0
2015-02-16;798.0
2015-02-16;798.0
2015-02-17;809.0
2015-02-17;808.0
2015-02-17;809.0
2015-02-17;809.0
2015-02-18;810.0
2015-02-18;810.0
2015-02-18;809.0
2015-02-18;810.0
2015-02-19;804.0
2015-02-19;801.0
2015-02-19;801.0
2015-02-19;797.0
2015-02-20;781.0
2015-02-20;775.0
2015-02-20;786.0
2015-02-20;781.0
2015-02-21;757.0
2015-02-21;763.0
2015-02-21;751.0
2015-02-21;757.0
2015-02-22;733.0
2015-02-22;733.0
2015-02-22;738.0
2015-02-22;728.0
2015-02-23;706.0
2015-02-23;714.0
2015-02-23;698.0
2015-02-23;706.0
2015-02-24;681.0
2015-02-24;686.0
2015-02-24;681.0
2015-02-24;675.0
2015-02-25;687.0
2015-02-25;674.0
2015-02-25;681.0
2015-02-25;681.0
2015-02-26;691.0
2015-02-26;689.0
2015-02-26;692.0
2015-02-26;691.0
2015-02-27;683.0
2015-02-27;683.0
2015-02-27;683.0
2015-02-27;682.0
2015-02-28;670.0
2015-02-28;675.0
2015-02-28;680.0
2015-02-28;675.0
2015-03-01;672.0
2015-03-01;667.0
2015-03-01;662.0
2015-03-01;667.0
2015-03-02;644.0
2015-03-02;649.0
2015-03-02;644.0
2015-03-02;638.0
2015-03-03;621.0
2015-03-03;624.0
2015-03-03;618.0
2015-03-03;621.0
2015-03-04;604.0
2015-03-04;600.0
2015-03-04;608.0
2015-03-04;604.0
2015-03-05;589.0
2015-03-05;590.0
2015-03-05;590.0
2015-03-05;590.0
2015-03-06;576.0
2015-03-06;572.0
2015-03-06;580.0
2015-03-06;576.0
2015-03-07;571.0
2015-03-07;571.0
2015-03-07;571.0
2015-03-07;570.0
2015-03-08;556.0
2015-03-08;561.0
2015-03-08;550.0
2015-03-08;556.0
2015-03-09;567.0
2015-03-09;569.0
2015-03-09;569.0
2015-03-09;570.0
2015-03-10;582.0
2015-03-10;598.0
2015-03-10;590.0
2015-03-10;590.0
2015-03-11;620.0
2015-03-11;624.0
2015-03-11;620.0
2015-03-11;615.0
2015-03-12;637.0
2015-03-12;645.0
2015-03-12;645.0
2015-03-12;652.0
2015-03-13;694.0
2015-03-13;706.0
2015-03-13;681.0
2015-03-13;694.0
2015-03-14;745.0
2015-03-14;738.0
2015-03-14;745.0
2015-03-14;752.0
2015-03-15;777.0
2015-03-15;780.0
2015-03-15;774.0
2015-03-15;777.0
2015-03-16;788.0
2015-03-16;787.0
2015-03-16;785.0
2015-03-16;787.0
2015-03-17;793.0
2015-03-17;797.0
2015-03-17;801.0
2015-03-17;797.0
2015-03-18;817.0
2015-03-18;817.0
2015-03-18;821.0
2015-03-18;812.0
2015-03-19;853.0
2015-03-19;861.0
2015-03-19;845.0
2015-03-19;853.0
2015-03-20;893.0
2015-03-20;889.0
2015-03-20;885.0
2015-03-20;889.0
2015-03-21;886.0
2015-03-21;892.0
2015-03-21;880.0
2015-03-21;886.0
2015-03-22;871.0
2015-03-22;853.0
2015-03-22;862.0
2015-03-22;862.0
2015-03-23;830.0
2015-03-23;836.0
2015-03-23;824.0
2015-03-23;830.0
2015-03-24;800.0
2015-03-24;805.0
2015-03-24;810.0
2015-03-24;805.0
2015-03-25;788.0
2015-03-25;790.0
2015-03-25;785.0
2015-03-25;788.0
2015-03-26;774.0
2015-03-26;770.0
2015-03-26;770.0
2015-03-26;766.0
2015-03-27;749.0
2015-03-27;759.0
2015-03-27;754.0
2015-03-27;754.0
2015-03-28;738.0
2015-03-28;736.0
2015-03-28;740.0
2015-03-28;738.0
2015-03-29;741.0
2015-03-29;743.0
2015-03-29;741.0
2015-03-29;738.0
2015-03-30;758.0
2015-03-30;762.0
2015-03-30;754.0
2015-03-30;758.0
2015-03-31;771.0
2015-03-31;772.0
2015-03-31;769.0
2015-03-31;771.0
2015-04-01;750.0
2015-04-01;755.0
2015-04-01;755.0
2015-04-01;760.0
2015-04-02;733.0
2015-04-02;727.0
2015-04-02;738.0
2015-04-02;733.0
2015-04-03;717.0
2015-04-03;719.0
2015-04-03;716.0
2015-04-03;718.0
2015-04-04;713.0
2015-04-04;723.0
2015-04-04;730.0
2015-04-04;727.0
2015-04-05;741.0
2015-04-05;746.0
2015-04-05;710.0
2015-04-05;744.0
2015-04-06;704.0
2015-04-06;747.0
2015-04-06;748.0
2015-04-06;748.0
2015-04-07;743.0
2015-04-07;745.0
2015-04-07;698.0
2015-04-07;744.0
2015-04-08;741.0
2015-04-08;747.0
2015-04-08;744.0
2015-04-08;692.0
2015-04-09;685.0
2015-04-09;743.0
2015-04-09;729.0
2015-04-09;736.0
2015-04-10;723.0
2015-04-10;681.0
2015-04-10;721.0
2015-04-10;718.0
2015-04-11;714.0
2015-04-11;716.0
2015-04-11;712.0
2015-04-11;682.0
2015-04-12;702.0
2015-04-12;705.0
2015-04-12;698.0
2015-04-12;689.0
2015-04-13;696.0
2015-04-13;702.0
2015-04-13;701.0
2015-04-13;702.0
2015-04-14;702.0
2015-04-14;701.0
2015-04-14;700.0
2015-04-14;702.0
2015-04-15;698.0
2015-04-15;701.0
2015-04-15;698.0
2015-04-15;697.0
2015-04-16;703.0
2015-04-16;703.0
2015-04-16;709.0
2015-04-16;706.0
2015-04-17;718.0
2015-04-17;718.0
2015-04-17;719.0
2015-04-17;716.0
2015-04-18;726.0
2015-04-18;729.0
2015-04-18;723.0
2015-04-18;726.0
2015-04-19;738.0
2015-04-19;740.0
2015-04-19;736.0
2015-04-19;738.0
2015-04-20;743.0
2015-04-20;744.0
2015-04-20;745.0
2015-04-20;744.0
2015-04-21;757.0
2015-04-21;751.0
2015-04-21;754.0
2015-04-21;754.0
2015-04-22;763.0
2015-04-22;763.0
2015-04-22;761.0
2015-04-22;764.0
2015-04-23;773.0
2015-04-23;776.0
2015-04-23;778.0
2015-04-23;776.0
2015-04-24;776.0
2015-04-24;775.0
2015-04-24;776.0
2015-04-24;776.0
2015-04-25;780.0
2015-04-25;782.0
2015-04-25;778.0
2015-04-25;780.0
2015-04-26;783.0
2015-04-26;786.0
2015-04-26;786.0
2015-04-26;788.0
2015-04-27;792.0
2015-04-27;790.0
2015-04-27;794.0
2015-04-27;792.0
2015-04-28;805.0
2015-04-28;809.0
2015-04-28;805.0
2015-04-28;801.0
2015-04-29;824.0
2015-04-29;827.0
2015-04-29;821.0
2015-04-29;824.0
2015-04-30;838.0
2015-04-30;841.0
2015-04-30;843.0
2015-04-30;841.0
2015-05-01;861.0
2015-05-01;864.0
2015-05-01;861.0
2015-05-01;857.0
2015-05-02;875.0
2015-05-02;876.0
2015-05-02;875.0
2015-05-02;873.0
2015-05-03;879.0
2015-05-03;879.0
2015-05-03;879.0
2015-05-03;879.0
2015-05-04;881.0
2015-05-04;880.0
2015-05-04;881.0
2015-05-04;881.0
2015-05-05;877.0
2015-05-05;877.0
2015-05-05;877.0
2015-05-05;877.0
2015-05-06;890.0
2015-05-06;879.0
2015-05-06;885.0
2015-05-06;885.0
2015-05-07;899.0
2015-05-07;900.0
2015-05-07;898.0
2015-05-07;899.0
2015-05-08;899.0
2015-05-08;900.0
2015-05-08;899.0
2015-05-08;898.0
2015-05-09;888.0
2015-05-09;892.0
2015-05-09;890.0
2015-05-09;890.0
2015-05-10;880.0
2015-05-10;878.0
2015-05-10;882.0
2015-05-10;880.0
2015-05-11;883.0
2015-05-11;880.0
2015-05-11;885.0
2015-05-11;883.0
2015-05-12;900.0
2015-05-12;909.0
2015-05-12;890.0
2015-05-12;900.0
2015-05-13;928.0
2015-05-13;930.0
2015-05-13;932.0
2015-05-13;930.0
2015-05-14;949.0
2015-05-14;946.0
2015-05-14;946.0
2015-05-14;943.0
2015-05-15;970.0
2015-05-15;964.0
2015-05-15;976.0
2015-05-15;970.0
2015-05-16;992.0
2015-05-16;994.0
2015-05-16;992.0
2015-05-16;990.0
2015-05-17;999.0
2015-05-17;999.0
2015-05-17;997.0
2015-05-17;1000.0
2015-05-18;1039.0
2015-05-18;1027.0
2015-05-18;1033.0
2015-05-18;1033.0
2015-05-19;1056.0
2015-05-19;1062.0
2015-05-19;1050.0
2015-05-19;1056.0
2015-05-20;1094.0
2015-05-20;1100.0
2015-05-20;1094.0
2015-05-20;1087.0
2015-05-21;1120.0
2015-05-21;1117.0
2015-05-21;1120.0
2015-05-21;1122.0
2015-05-22;1124.0
2015-05-22;1124.0
2015-05-22;1123.0
2015-05-22;1124.0
2015-05-23;1120.0
2015-05-23;1119.0
2015-05-23;1120.0
2015-05-23;1120.0
2015-05-24;1104.0
2015-05-24;1100.0
2015-05-24;1108.0
2015-05-24;1104.0
2015-05-25;1095.0
2015-05-25;1093.0
2015-05-25;1093.0
2015-05-25;1090.0
2015-05-26;1073.0
2015-05-26;1081.0
2015-05-26;1077.0
2015-05-26;1077.0
2015-05-27;1059.0
2015-05-27;1057.0
2015-05-27;1057.0
2015-05-27;1055.0
2015-05-28;1042.0
2015-05-28;1045.0
2015-05-28;1039.0
2015-05-28;1042.0
2015-05-29;1029.0
2015-05-29;1031.0
2015-05-29;1031.0
2015-05-29;1033.0
2015-05-30;1037.0
2015-05-30;1035.0
2015-05-30;1035.0
2015-05-30;1032.0
2015-05-31;1049.0
2015-05-31;1050.0
2015-05-31;1049.0
2015-05-31;1047.0
2015-06-01;1053.0
2015-06-01;1055.0
2015-06-01;1057.0
2015-06-01;1055.0
2015-06-02;1060.0
2015-06-02;1059.0
2015-06-02;1061.0
2015-06-02;1060.0
2015-06-03;1065.0
2015-06-03;1065.0
2015-06-03;1064.0
2015-06-03;1065.0
2015-06-04;1069.0
2015-06-04;1070.0
2015-06-04;1067.0
2015-06-04;1069.0
2015-06-05;1075.0
2015-06-05;1075.0
2015-06-05;1074.0
2015-06-05;1075.0
2015-06-06;1074.0
2015-06-06;1072.0
2015-06-06;1076.0
2015-06-06;1074.0
2015-06-07;1070.0
2015-06-07;1071.0
2015-06-07;1070.0
2015-06-07;1068.0
2015-06-08;1073.0
2015-06-08;1072.0
2015-06-08;1073.0
2015-06-08;1073.0
2015-06-09;1071.0
2015-06-09;1073.0
2015-06-09;1072.0
2015-06-09;1072.0
2015-06-10;1066.0
2015-06-10;1064.0
2015-06-10;1068.0
2015-06-10;1066.0
2015-06-11;1065.0
2015-06-11;1064.0
2015-06-11;1065.0
2015-06-11;1065.0
2015-06-12;1068.0
2015-06-12;1068.0
2015-06-12;1068.0
2015-06-12;1067.0
2015-06-13;1060.0
2015-06-13;1064.0
2015-06-13;1062.0
2015-06-13;1062.0
2015-06-14;1052.0
2015-06-14;1045.0
2015-06-14;1049.0
2015-06-14;1049.0
2015-06-15;1031.0
2015-06-15;1036.0
2015-06-15;1026.0
2015-06-15;1031.0
2015-06-16;1015.0
2015-06-16;1019.0
2015-06-16;1017.0
2015-06-16;1017.0
2015-06-17;1011.0
2015-06-17;1011.0
2015-06-17;1011.0
2015-06-17;1011.0
2015-06-18;1011.0
2015-06-18;1011.0
2015-06-18;1011.0
2015-06-18;1011.0
2015-06-19;1015.0
2015-06-19;1016.0
2015-06-19;1013.0
2015-06-19;1015.0
2015-06-20;1030.0
2015-06-20;1026.0
2015-06-20;1033.0
2015-06-20;1030.0
2015-06-21;1054.0
2015-06-21;1050.0
2015-06-21;1050.0
2015-06-21;1046.0
2015-06-22;1066.0
2015-06-22;1063.0
2015-06-22;1069.0
2015-06-22;1066.0
2015-06-23;1087.0
2015-06-23;1091.0
2015-06-23;1083.0
2015-06-23;1087.0
2015-06-24;1107.0
2015-06-24;1110.0
2015-06-24;1107.0
2015-06-24;1104.0
2015-06-25;1120.0
2015-06-25;1119.0
2015-06-25;1117.0
2015-06-25;1119.0
2015-06-26;1122.0
2015-06-26;1122.0
2015-06-26;1121.0
2015-06-26;1122.0
2015-06-27;1116.0
2015-06-27;1114.0
2015-06-27;1116.0
2015-06-27;1117.0
2015-06-28;1107.0
2015-06-28;1105.0
2015-06-28;1108.0
2015-06-28;1107.0
2015-06-29;1144.0
2015-06-29;1117.0
2015-06-29;1131.0
2015-06-29;1131.0
2015-06-30;1173.0
2015-06-30;1169.0
2015-06-30;1177.0
2015-06-30;1173.0
2015-07-01;1176.0
2015-07-01;1174.0
2015-07-01;1177.0
2015-07-01;1176.0
2015-07-02;1167.0
2015-07-02;1161.0
2015-07-02;1164.0
2015-07-02;1164.0
2015-07-03;1149.0
2015-07-03;1152.0
2015-07-03;1146.0
2015-07-03;1149.0
2015-07-04;1133.0
2015-07-04;1137.0
2015-07-04;1129.0
2015-07-04;1133.0
2015-07-05;1121.0
2015-07-05;1112.0
2015-07-05;1117.0
2015-07-05;1117.0
2015-07-06;1101.0
2015-07-06;1097.0
2015-07-06;1101.0
2015-07-06;1105.0
2015-07-07;1081.0
2015-07-07;1081.0
2015-07-07;1086.0
2015-07-07;1075.0
2015-07-08;1061.0
2015-07-08;1061.0
2015-07-08;1066.0
2015-07-08;1055.0
2015-07-09;1038.0
2015-07-09;1034.0
2015-07-09;1041.0
2015-07-09;1038.0
2015-07-10;1016.0
2015-07-10;1011.0
2015-07-10;1020.0
2015-07-10;1016.0
2015-07-11;998.0
2015-07-11;995.0
2015-07-11;991.0
2015-07-11;995.0
2015-07-12;985.0
2015-07-12;985.0
2015-07-12;984.0
2015-07-12;985.0
2015-07-13;982.0
2015-07-13;986.0
2015-07-13;984.0
2015-07-13;984.0
2015-07-14;995.0
2015-07-14;1008.0
2015-07-14;1002.0
2015-07-14;1002.0
2015-07-15;1022.0
2015-07-15;1024.0
2015-07-15;1022.0
2015-07-15;1020.0
2015-07-16;1022.0
2015-07-16;1025.0
2015-07-16;1024.0
2015-07-16;1024.0
2015-07-17;1016.0
2015-07-17;1015.0
2015-07-17;1016.0
2015-07-17;1017.0
2015-07-18;1019.0
2015-07-18;1017.0
2015-07-18;1019.0
2015-07-18;1020.0
2015-07-19;1030.0
2015-07-19;1035.0
2015-07-19;1033.0
2015-07-19;1033.0
2015-07-20;1053.0
2015-07-20;1059.0
2015-07-20;1047.0
2015-07-20;1053.0
2015-07-21;1082.0
2015-07-21;1087.0
2015-07-21;1077.0
2015-07-21;1082.0
2015-07-22;1099.0
2015-07-22;1104.0
2015-07-22;1094.0
2015-07-22;1099.0
2015-07-23;1116.0
2015-07-23;1117.0
2015-07-23;1114.0
2015-07-23;1116.0
2015-07-24;1112.0
2015-07-24;1114.0
2015-07-24;1112.0
2015-07-24;1110.0
2015-07-25;1102.0
2015-07-25;1103.0
2015-07-25;1104.0
2015-07-25;1103.0
2015-07-26;1095.0
2015-07-26;1093.0
2015-07-26;1093.0
2015-07-26;1090.0
2015-07-27;1079.0
2015-07-27;1076.0
2015-07-27;1079.0
2015-07-27;1082.0
2015-07-28;1062.0
2015-07-28;1058.0
2015-07-28;1066.0
2015-07-28;1062.0
2015-07-29;1045.0
2015-07-29;1045.0
2015-07-29;1042.0
2015-07-29;1047.0
2015-07-30;1036.0
2015-07-30;1035.0
2015-07-30;1035.0
2015-07-30;1033.0
2015-07-31;1028.0
2015-07-31;1031.0
2015-07-31;1024.0
2015-07-31;1028.0
2015-08-01;1020.0
2015-08-01;1024.0
2015-08-01;1022.0
2015-08-01;1022.0
2015-08-02;1014.0
2015-08-02;1011.0
2015-08-02;1016.0
2015-08-02;1014.0
2015-08-03;1001.0
2015-08-03;1004.0
2015-08-03;998.0
2015-08-03;1001.0
2015-08-04;995.0
2015-08-04;990.0
2015-08-04;993.0
2015-08-04;993.0
2015-08-05;985.0
2015-08-05;986.0
2015-08-05;985.0
2015-08-05;984.0
2015-08-06;982.0
2015-08-06;982.0
2015-08-06;982.0
2015-08-06;981.0
2015-08-07;975.0
2015-08-07;972.0
2015-08-07;977.0
2015-08-07;975.0
2015-08-08;968.0
2015-08-08;967.0
2015-08-08;968.0
2015-08-08;968.0
2015-08-09;967.0
2015-08-09;967.0
2015-08-09;967.0
2015-08-09;967.0
2015-08-10;967.0
2015-08-10;967.0
2015-08-10;967.0
2015-08-10;967.0
2015-08-11;960.0
2015-08-11;956.0
2015-08-11;960.0
2015-08-11;963.0
2015-08-12;946.0
2015-08-12;946.0
2015-08-12;951.0
2015-08-12;941.0
2015-08-13;933.0
2015-08-13;935.0
2015-08-13;935.0
2015-08-13;937.0
2015-08-14;934.0
2015-08-14;933.0
2015-08-14;934.0
2015-08-14;934.0
2015-08-15;935.0
2015-08-15;935.0
2015-08-15;935.0
2015-08-15;935.0
2015-08-16;934.0
2015-08-16;934.0
2015-08-16;934.0
2015-08-16;934.0
2015-08-17;934.0
2015-08-17;935.0
2015-08-17;936.0
2015-08-17;935.0
2015-08-18;931.0
2015-08-18;933.0
2015-08-18;928.0
2015-08-18;931.0
2015-08-19;930.0
2015-08-19;927.0
2015-08-19;930.0
2015-08-19;932.0
2015-08-20;966.0
2015-08-20;966.0
2015-08-20;976.0
2015-08-20;956.0
2015-08-21;1007.0
2015-08-21;999.0
2015-08-21;1014.0
2015-08-21;1007.0
2015-08-22;1032.0
2015-08-22;1030.0
2015-08-22;1031.0
2015-08-22;1031.0
2015-08-23;1032.0
2015-08-23;1032.0
2015-08-23;1032.0
2015-08-23;1031.0
2015-08-24;1027.0
2015-08-24;1027.0
2015-08-24;1024.0
2015-08-24;1030.0
2015-08-25;1018.0
2015-08-25;1024.0
2015-08-25;1021.0
2015-08-25;1021.0
2015-08-26;1008.0
2015-08-26;1005.0
2015-08-26;1002.0
2015-08-26;1005.0
2015-08-27;996.0
2015-08-27;990.0
2015-08-27;993.0
2015-08-27;993.0
2015-08-28;976.0
2015-08-28;971.0
2015-08-28;980.0
2015-08-28;976.0
2015-08-29;958.0
2015-08-29;954.0
2015-08-29;961.0
2015-08-29;958.0
2015-08-30;943.0
2015-08-30;945.0
2015-08-30;943.0
2015-08-30;941.0
2015-08-31;940.0
2015-08-31;940.0
2015-08-31;939.0
2015-08-31;940.0
2015-09-01;945.0
2015-09-01;946.0
2015-09-01;945.0
2015-09-01;943.0
2015-09-02;948.0
2015-09-02;948.0
2015-09-02;947.0
2015-09-02;948.0
2015-09-03;935.0
2015-09-03;939.0
2015-09-03;939.0
2015-09-03;942.0
2015-09-04;914.0
2015-09-04;924.0
2015-09-04;919.0
2015-09-04;919.0
2015-09-05;899.0
2015-09-05;895.0
2015-09-05;895.0
2015-09-05;891.0
2015-09-06;880.0
2015-09-06;884.0
2015-09-06;882.0
2015-09-06;882.0
2015-09-07;885.0
2015-09-07;885.0
2015-09-07;885.0
2015-09-07;885.0
2015-09-08;885.0
2015-09-08;886.0
2015-09-08;883.0
2015-09-08;885.0
2015-09-09;873.0
2015-09-09;873.0
2015-09-09;876.0
2015-09-09;870.0
2015-09-10;855.0
2015-09-10;859.0
2015-09-10;851.0
2015-09-10;855.0
2015-09-11;837.0
2015-09-11;837.0
2015-09-11;841.0
2015-09-11;832.0
2015-09-12;822.0
2015-09-12;824.0
2015-09-12;824.0
2015-09-12;826.0
2015-09-13;807.0
2015-09-13;814.0
2015-09-13;811.0
2015-09-13;811.0
2015-09-14;796.0
2015-09-14;799.0
2015-09-14;792.0
2015-09-14;796.0
2015-09-15;783.0
2015-09-15;783.0
2015-09-15;785.0
2015-09-15;780.0
2015-09-16;776.0
2015-09-16;775.0
2015-09-16;775.0
2015-09-16;773.0
2015-09-17;765.0
2015-09-17;765.0
2015-09-17;768.0
2015-09-17;762.0
2015-09-18;754.0
2015-09-18;756.0
2015-09-18;752.0
2015-09-18;754.0
2015-09-19;742.0
2015-09-19;744.0
2015-09-19;740.0
2015-09-19;742.0
2015-09-20;735.0
2015-09-20;735.0
2015-09-20;734.0
2015-09-20;736.0
2015-09-21;731.0
2015-09-21;731.0
2015-09-21;730.0
2015-09-21;731.0
2015-09-22;727.0
2015-09-22;728.0
2015-09-22;726.0
2015-09-22;727.0
2015-09-23;718.0
2015-09-23;718.0
2015-09-23;720.0
2015-09-23;716.0
2015-09-24;708.0
2015-09-24;710.0
2015-09-24;708.0
2015-09-24;705.0
2015-09-25;699.0
2015-09-25;698.0
2015-09-25;700.0
2015-09-25;699.0
2015-09-26;691.0
2015-09-26;686.0
2015-09-26;689.0
2015-09-26;689.0
2015-09-27;679.0
2015-09-27;680.0
2015-09-27;679.0
2015-09-27;677.0
2015-09-28;672.0
2015-09-28;673.0
2015-09-28;672.0
2015-09-28;670.0
2015-09-29;660.0
2015-09-29;660.0
2015-09-29;659.0
2015-09-29;660.0
2015-09-30;652.0
2015-09-30;648.0
2015-09-30;647.0
2015-09-30;650.0
2015-10-01;638.0
2015-10-02;629.0
2015-10-03;624.0
2015-10-04;619.0
2015-10-05;614.0
2015-10-06;612.0
2015-10-07;613.0
2015-10-08;613.0
2015-10-09;614.0
2015-10-10;610.0
2015-10-11;601.0
2015-10-12;595.0
2015-10-13;598.0
2015-10-14;613.0
2015-10-15;644.0
2015-10-16;688.0
2015-10-17;721.0
2015-10-18;738.0
2015-10-19;757.0
2015-10-20;758.0
2015-10-21;755.0
2015-10-22;746.0
2015-10-23;736.0
2015-10-24;723.0
2015-10-25;710.0
2015-10-26;693.0
2015-10-27;680.0
2015-10-28;670.0
2015-10-29;658.0
2015-10-30;652.0
2015-10-31;647.0
2015-11-01;636.0
2015-11-01;636.0
2015-11-01;640.0
2015-11-01;636.0
2015-11-02;639.0
2015-11-02;637.0
2015-11-02;638.0
2015-11-02;638.0
2015-11-03;635.0
2015-11-03;635.0
2015-11-03;633.0
2015-11-03;637.0
2015-11-04;628.0
2015-11-04;630.0
2015-11-04;625.0
2015-11-04;628.0
2015-11-05;631.0
2015-11-05;628.0
2015-11-05;631.0
2015-11-05;634.0
2015-11-06;645.0
2015-11-06;642.0
2015-11-06;639.0
2015-11-06;642.0
2015-11-07;659.0
2015-11-07;677.0
2015-11-07;668.0
2015-11-07;668.0
2015-11-08;706.0
2015-11-08;704.0
2015-11-08;708.0
2015-11-08;706.0
2015-11-09;690.0
2015-11-09;700.0
2015-11-09;695.0
2015-11-09;695.0
2015-11-10;676.0
2015-11-10;673.0
2015-11-10;669.0
2015-11-10;673.0
2015-11-11;666.0
2015-11-11;666.0
2015-11-11;665.0
2015-11-11;666.0
2015-11-12;671.0
2015-11-12;670.0
2015-11-12;668.0
2015-11-12;670.0
2015-11-13;678.0
2015-11-13;676.0
2015-11-13;678.0
2015-11-13;680.0
2015-11-14;679.0
2015-11-14;681.0
2015-11-14;680.0
2015-11-14;680.0
2015-11-15;673.0
2015-11-15;673.0
2015-11-15;676.0
2015-11-15;670.0
2015-11-16;679.0
2015-11-16;676.0
2015-11-16;679.0
2015-11-16;682.0
2015-11-17;718.0
2015-11-17;700.0
2015-11-17;709.0
2015-11-17;709.0
2015-11-18;729.0
2015-11-18;729.0
2015-11-18;729.0
2015-11-18;729.0
2015-11-19;716.0
2015-11-19;719.0
2015-11-19;721.0
2015-11-19;719.0
2015-11-20;702.0
2015-11-20;697.0
2015-11-20;702.0
2015-11-20;706.0
2015-11-21;688.0
2015-11-21;686.0
2015-11-21;686.0
2015-11-21;684.0
2015-11-22;683.0
2015-11-22;687.0
2015-11-22;685.0
2015-11-22;685.0
2015-11-23;698.0
2015-11-23;702.0
2015-11-23;702.0
2015-11-23;705.0
2015-11-24;722.0
2015-11-24;725.0
2015-11-24;719.0
2015-11-24;722.0
2015-11-25;729.0
2015-11-25;730.0
2015-11-25;730.0
2015-11-25;730.0
2015-11-26;725.0
2015-11-26;722.0
2015-11-26;718.0
2015-11-26;722.0
2015-11-27;705.0
2015-11-27;699.0
2015-11-27;710.0
2015-11-27;705.0
2015-11-28;678.0
2015-11-28;688.0
2015-11-28;683.0
2015-11-28;683.0
2015-11-29;660.0
2015-11-29;668.0
2015-11-29;664.0
2015-11-29;664.0
2015-11-30;652.0
2015-11-30;649.0
2015-11-30;651.0
2015-11-30;651.0
2015-12-01;638.0
2015-12-01;638.0
2015-12-01;641.0
2015-12-01;634.0
2015-12-02;622.0
2015-12-02;618.0
2015-12-02;622.0
2015-12-02;626.0
2015-12-03;612.0
2015-12-03;608.0
2015-12-03;610.0
2015-12-03;610.0
2015-12-04;606.0
2015-12-04;606.0
2015-12-04;606.0
2015-12-04;606.0
2015-12-05;604.0
2015-12-05;604.0
2015-12-05;602.0
2015-12-05;605.0
2015-12-06;598.0
2015-12-06;596.0
2015-12-06;597.0
2015-12-06;597.0
2015-12-07;593.0
2015-12-07;595.0
2015-12-07;590.0
2015-12-07;593.0
2015-12-08;584.0
2015-12-08;585.0
2015-12-08;583.0
2015-12-08;584.0
2015-12-09;584.0
2015-12-09;584.0
2015-12-09;583.0
2015-12-09;584.0
2015-12-10;586.0
2015-12-10;585.0
2015-12-10;586.0
2015-12-10;586.0
2015-12-11;585.0
2015-12-11;582.0
2015-12-11;584.0
2015-12-11;584.0
2015-12-12;582.0
2015-12-12;584.0
2015-12-12;585.0
2015-12-12;584.0
2015-12-13;574.0
2015-12-13;573.0
2015-12-13;572.0
2015-12-13;573.0
2015-12-14;567.0
2015-12-14;566.0
2015-12-14;567.0
2015-12-14;568.0
2015-12-15;563.0
2015-12-15;562.0
2015-12-15;563.0
2015-12-15;563.0
2015-12-16;562.0
2015-12-16;563.0
2015-12-16;563.0
2015-12-16;563.0
2015-12-17;567.0
2015-12-17;568.0
2015-12-17;566.0
2015-12-17;567.0
2015-12-18;604.0
2015-12-18;610.0
2015-12-18;604.0
2015-12-18;598.0
2015-12-19;639.0
2015-12-19;625.0
2015-12-19;632.0
2015-12-19;632.0
2015-12-20;647.0
2015-12-20;647.0
2015-12-20;648.0
2015-12-20;645.0
2015-12-21;644.0
2015-12-21;646.0
2015-12-21;647.0
2015-12-21;646.0
2015-12-22;639.0
2015-12-22;639.0
2015-12-22;639.0
2015-12-22;638.0
2015-12-23;642.0
2015-12-23;641.0
2015-12-23;641.0
2015-12-23;640.0
2015-12-24;652.0
2015-12-24;653.0
2015-12-24;650.0
2015-12-24;652.0
2015-12-25;654.0
2015-12-25;655.0
2015-12-25;655.0
2015-12-25;656.0
2015-12-26;668.0
2015-12-26;660.0
2015-12-26;676.0
2015-12-26;668.0
2015-12-27;700.0
2015-12-27;706.0
2015-12-27;693.0
2015-12-27;700.0
2015-12-28;717.0
2015-12-28;721.0
2015-12-28;719.0
2015-12-28;719.0
2015-12-29;720.0
2015-12-29;721.0
2015-12-29;719.0
2015-12-29;720.0
2015-12-30;713.0
2015-12-30;715.0
2015-12-30;714.0
2015-12-30;714.0
2015-12-31;712.0
2015-12-31;712.0
2015-12-31;712.0
2015-12-31;712.0
2016-01-01;708.0
2016-01-01;708.0
2016-01-01;710.0
2016-01-01;706.0
2016-01-02;701.0
2016-01-02;702.0
2016-01-02;700.0
2016-01-02;701.0
2016-01-03;696.0
2016-01-03;695.0
2016-01-03;697.0
2016-01-03;696.0
2016-01-04;702.0
2016-01-04;700.0
2016-01-04;704.0
2016-01-04;702.0
2016-01-05;705.0
2016-01-05;704.0
2016-01-05;702.0
2016-01-05;704.0
2016-01-06;692.0
2016-01-06;695.0
2016-01-06;689.0
2016-01-06;692.0
2016-01-07;701.0
2016-01-07;694.0
2016-01-07;708.0
2016-01-07;701.0
2016-01-08;731.0
2016-01-08;725.0
2016-01-08;736.0
2016-01-08;731.0
2016-01-09;738.0
2016-01-09;732.0
2016-01-09;735.0
2016-01-09;735.0
2016-01-10;708.0
2016-01-10;714.0
2016-01-10;714.0
2016-01-10;720.0
2016-01-11;686.0
2016-01-11;678.0
2016-01-11;693.0
2016-01-11;686.0
2016-01-12;655.0
2016-01-12;648.0
2016-01-12;655.0
2016-01-12;661.0
2016-01-13;626.0
2016-01-13;632.0
2016-01-13;619.0
2016-01-13;626.0
2016-01-14;602.0
2016-01-14;606.0
2016-01-14;602.0
2016-01-14;597.0
2016-01-15;575.0
2016-01-15;585.0
2016-01-15;580.0
2016-01-15;580.0
2016-01-16;560.0
2016-01-16;564.0
2016-01-16;556.0
2016-01-16;560.0
2016-01-17;544.0
2016-01-17;540.0
2016-01-17;544.0
2016-01-17;547.0
2016-01-18;528.0
2016-01-18;531.0
2016-01-18;524.0
2016-01-18;528.0
2016-01-19;515.0
2016-01-19;512.0
2016-01-19;512.0
2016-01-19;509.0
2016-01-20;501.0
2016-01-20;496.0
2016-01-20;499.0
2016-01-20;499.0
2016-01-21;488.0
2016-01-21;486.0
2016-01-21;484.0
2016-01-21;486.0
2016-01-22;479.0
2016-01-22;479.0
2016-01-22;477.0
2016-01-22;480.0
2016-01-23;469.0
2016-01-23;466.0
2016-01-23;472.0
2016-01-23;469.0
2016-01-24;460.0
2016-01-24;458.0
2016-01-24;458.0
2016-01-24;456.0
2016-01-25;450.0
2016-01-25;450.0
2016-01-25;452.0
2016-01-25;448.0
2016-01-26;440.0
2016-01-26;442.0
2016-01-26;442.0
2016-01-26;444.0
2016-01-27;436.0
2016-01-27;434.0
2016-01-27;437.0
2016-01-27;436.0
2016-01-28;427.0
2016-01-28;430.0
2016-01-28;429.0
2016-01-28;429.0
2016-01-29;425.0
2016-01-29;424.0
2016-01-29;425.0
2016-01-29;425.0
2016-01-30;419.0
2016-01-30;422.0
2016-01-30;421.0
2016-01-30;421.0
2016-01-31;417.0
2016-01-31;417.0
2016-01-31;418.0
2016-01-31;415.0
2016-02-01;413.0
2016-02-01;413.0
2016-02-01;413.0
2016-02-01;413.0
2016-02-02;410.0
2016-02-02;410.0
2016-02-02;410.0
2016-02-02;409.0
2016-02-03;407.0
2016-02-03;407.0
2016-02-03;407.0
2016-02-03;406.0
2016-02-04;403.0
2016-02-04;404.0
2016-02-04;404.0
2016-02-04;404.0
2016-02-05;402.0
2016-02-05;402.0
2016-02-05;402.0
2016-02-05;402.0
2016-02-06;399.0
2016-02-06;400.0
2016-02-06;400.0
2016-02-06;400.0
2016-02-07;399.0
2016-02-07;399.0
2016-02-07;399.0
2016-02-07;399.0
2016-02-08;401.0
2016-02-08;403.0
2016-02-08;405.0
2016-02-08;403.0
2016-02-09;409.0
2016-02-09;410.0
2016-02-09;407.0
2016-02-09;409.0
2016-02-10;426.0
2016-02-10;422.0
2016-02-10;417.0
2016-02-10;422.0
2016-02-11;449.0
2016-02-11;446.0
2016-02-11;452.0
2016-02-11;449.0
2016-02-12;476.0
2016-02-12;481.0
2016-02-12;471.0
2016-02-12;476.0
2016-02-13;495.0
2016-02-13;498.0
2016-02-13;492.0
2016-02-13;495.0
2016-02-14;505.0
2016-02-14;506.0
2016-02-14;507.0
2016-02-14;506.0
2016-02-15;511.0
2016-02-15;513.0
2016-02-15;514.0
2016-02-15;513.0
2016-02-16;517.0
2016-02-16;516.0
2016-02-16;517.0
2016-02-16;517.0
2016-02-17;514.0
2016-02-17;513.0
2016-02-17;514.0
2016-02-17;514.0
2016-02-18;526.0
2016-02-18;521.0
2016-02-18;521.0
2016-02-18;516.0
2016-02-19;546.0
2016-02-19;555.0
2016-02-19;564.0
2016-02-19;555.0
2016-02-20;586.0
2016-02-20;591.0
2016-02-20;595.0
2016-02-20;591.0
2016-02-21;603.0
2016-02-21;604.0
2016-02-21;602.0
2016-02-21;603.0
2016-02-22;605.0
2016-02-22;607.0
2016-02-22;606.0
2016-02-22;606.0
2016-02-23;601.0
2016-02-23;601.0
2016-02-23;600.0
2016-02-23;601.0
2016-02-24;597.0
2016-02-24;598.0
2016-02-24;598.0
2016-02-24;598.0
2016-02-25;602.0
2016-02-25;595.0
2016-02-25;599.0
2016-02-25;599.0
2016-02-26;621.0
2016-02-26;628.0
2016-02-26;628.0
2016-02-26;634.0
2016-02-27;651.0
2016-02-27;658.0
2016-02-27;655.0
2016-02-27;655.0
2016-02-28;659.0
2016-02-28;656.0
2016-02-28;658.0
2016-02-28;658.0
2016-02-29;647.0
2016-02-29;650.0
2016-02-29;644.0
2016-02-29;647.0
2016-03-01;639.0
2016-03-01;639.0
2016-03-01;639.0
2016-03-01;638.0
2016-03-02;645.0
2016-03-02;645.0
2016-03-02;644.0
2016-03-02;645.0
2016-03-03;641.0
2016-03-03;642.0
2016-03-03;641.0
2016-03-03;639.0
2016-03-04;632.0
2016-03-04;629.0
2016-03-04;632.0
2016-03-04;634.0
2016-03-05;623.0
2016-03-05;621.0
2016-03-05;624.0
2016-03-05;623.0
2016-03-06;621.0
2016-03-06;620.0
2016-03-06;621.0
2016-03-06;621.0
2016-03-07;622.0
2016-03-07;622.0
2016-03-07;623.0
2016-03-07;620.0
2016-03-08;613.0
2016-03-08;610.0
2016-03-08;616.0
2016-03-08;613.0
2016-03-09;607.0
2016-03-09;609.0
2016-03-09;604.0
2016-03-09;607.0
2016-03-10;589.0
2016-03-10;594.0
2016-03-10;583.0
2016-03-10;589.0
2016-03-11;572.0
2016-03-11;568.0
2016-03-11;564.0
2016-03-11;568.0
2016-03-12;551.0
2016-03-12;547.0
2016-03-12;554.0
2016-03-12;551.0
2016-03-13;533.0
2016-03-13;536.0
2016-03-13;536.0
2016-03-13;539.0
2016-03-14;524.0
2016-03-14;528.0
2016-03-14;526.0
2016-03-14;526.0
2016-03-15;528.0
2016-03-15;530.0
2016-03-15;528.0
2016-03-15;525.0
2016-03-16;541.0
2016-03-16;543.0
2016-03-16;539.0
2016-03-16;541.0
2016-03-17;550.0
2016-03-17;550.0
2016-03-17;552.0
2016-03-17;547.0
2016-03-18;558.0
2016-03-18;558.0
2016-03-18;558.0
2016-03-18;557.0
2016-03-19;557.0
2016-03-19;556.0
2016-03-19;558.0
2016-03-19;557.0
2016-03-20;551.0
2016-03-20;550.0
2016-03-20;552.0
2016-03-20;551.0
2016-03-21;551.0
2016-03-21;545.0
2016-03-21;551.0
2016-03-21;556.0
2016-03-22;570.0
2016-03-22;559.0
2016-03-22;565.0
2016-03-22;565.0
2016-03-23;590.0
2016-03-23;584.0
2016-03-23;590.0
2016-03-23;596.0
2016-03-24;608.0
2016-03-24;608.0
2016-03-24;606.0
2016-03-24;610.0
2016-03-25;614.0
2016-03-25;613.0
2016-03-25;614.0
2016-03-25;615.0
2016-03-26;621.0
2016-03-26;620.0
2016-03-26;621.0
2016-03-26;622.0
2016-03-27;634.0
2016-03-27;632.0
2016-03-27;636.0
2016-03-27;634.0
2016-03-28;644.0
2016-03-28;644.0
2016-03-28;647.0
2016-03-28;641.0
2016-03-29;669.0
2016-03-29;658.0
2016-03-29;669.0
2016-03-29;680.0
2016-03-30;690.0
2016-03-30;690.0
2016-03-30;687.0
2016-03-30;693.0
2016-03-31;701.0
2016-03-31;699.0
2016-03-31;702.0
2016-03-31;701.0
2016-04-01;707.0
2016-04-01;710.0
2016-04-01;713.0
2016-04-01;710.0
2016-04-02;735.0
2016-04-02;735.0
2016-04-02;743.0
2016-04-02;726.0
2016-04-03;782.0
2016-04-03;769.0
2016-04-03;794.0
2016-04-03;782.0
2016-04-04;814.0
2016-04-04;820.0
2016-04-04;825.0
2016-04-04;820.0
2016-04-05;835.0
2016-04-05;833.0
2016-04-05;835.0
2016-04-05;836.0
2016-04-06;845.0
2016-04-06;848.0
2016-04-06;842.0
2016-04-06;845.0
2016-04-07;850.0
2016-04-07;851.0
2016-04-07;851.0
2016-04-07;851.0
2016-04-08;855.0
2016-04-08;854.0
2016-04-08;856.0
2016-04-08;855.0
2016-04-09;858.0
2016-04-09;857.0
2016-04-09;858.0
2016-04-09;858.0
2016-04-10;843.0
2016-04-10;838.0
2016-04-10;848.0
2016-04-10;843.0
2016-04-11;823.0
2016-04-11;815.0
2016-04-11;807.0
2016-04-11;815.0
2016-04-12;792.0
2016-04-12;787.0
2016-04-12;796.0
2016-04-12;792.0
2016-04-13;785.0
2016-04-13;787.0
2016-04-13;786.0
2016-04-13;786.0
2016-04-14;788.0
2016-04-14;788.0
2016-04-14;786.0
2016-04-14;790.0
2016-04-15;798.0
2016-04-15;799.0
2016-04-15;798.0
2016-04-15;797.0
2016-04-16;785.0
2016-04-16;781.0
2016-04-16;789.0
2016-04-16;785.0
2016-04-17;765.0
2016-04-17;768.0
2016-04-17;762.0
2016-04-17;765.0
2016-04-18;749.0
2016-04-18;747.0
2016-04-18;747.0
2016-04-18;744.0
2016-04-19;742.0
2016-04-19;741.0
2016-04-19;742.0
2016-04-19;742.0
2016-04-20;760.0
2016-04-20;775.0
2016-04-20;775.0
2016-04-20;790.0
2016-04-21;842.0
2016-04-21;854.0
2016-04-21;842.0
2016-04-21;830.0
2016-04-22;900.0
2016-04-22;885.0
2016-04-22;914.0
2016-04-22;900.0
2016-04-23;945.0
2016-04-23;939.0
2016-04-23;951.0
2016-04-23;945.0
2016-04-24;970.0
2016-04-24;979.0
2016-04-24;979.0
2016-04-24;987.0
2016-04-25;1010.0
2016-04-25;1014.0
2016-04-25;1006.0
2016-04-25;1010.0
2016-04-26;1016.0
2016-04-26;1017.0
2016-04-26;1018.0
2016-04-26;1017.0
2016-04-27;1003.0
2016-04-27;1007.0
2016-04-27;1011.0
2016-04-27;1007.0
2016-04-28;986.0
2016-04-28;982.0
2016-04-28;986.0
2016-04-28;989.0
2016-04-29;964.0
2016-04-29;969.0
2016-04-29;959.0
2016-04-29;964.0
2016-04-30;936.0
2016-04-30;936.0
2016-04-30;931.0
2016-04-30;940.0
2016-05-01;913.0
2016-05-01;913.0
2016-05-01;916.0
2016-05-01;909.0
2016-05-02;896.0
2016-05-02;893.0
2016-05-02;893.0
2016-05-02;890.0
2016-05-03;886.0
2016-05-03;884.0
2016-05-03;882.0
2016-05-03;884.0
2016-05-04;879.0
2016-05-04;881.0
2016-05-04;882.0
2016-05-04;881.0
2016-05-05;904.0
2016-05-05;904.0
2016-05-05;910.0
2016-05-05;897.0
2016-05-06;950.0
2016-05-06;942.0
2016-05-06;957.0
2016-05-06;950.0
2016-05-07;967.0
2016-05-07;967.0
2016-05-07;967.0
2016-05-07;967.0
2016-05-08;983.0
2016-05-08;983.0
2016-05-08;979.0
2016-05-08;986.0
2016-05-09;989.0
2016-05-09;992.0
2016-05-09;985.0
2016-05-09;989.0
2016-05-10;965.0
2016-05-10;970.0
2016-05-10;975.0
2016-05-10;970.0
2016-05-11;938.0
2016-05-11;930.0
2016-05-11;946.0
2016-05-11;938.0
2016-05-12;907.0
2016-05-12;912.0
2016-05-12;902.0
2016-05-12;907.0
2016-05-13;893.0
2016-05-13;894.0
2016-05-13;891.0
2016-05-13;893.0
2016-05-14;893.0
2016-05-14;895.0
2016-05-14;891.0
2016-05-14;893.0
2016-05-15;908.0
2016-05-15;903.0
2016-05-15;913.0
2016-05-15;908.0
2016-05-16;927.0
2016-05-16;923.0
2016-05-16;925.0
2016-05-16;925.0
2016-05-17;930.0
2016-05-17;933.0
2016-05-17;930.0
2016-05-17;927.0
2016-05-18;945.0
2016-05-18;948.0
2016-05-18;941.0
2016-05-18;945.0
2016-05-19;957.0
2016-05-19;954.0
2016-05-19;951.0
2016-05-19;954.0
2016-05-20;958.0
2016-05-20;958.0
2016-05-20;958.0
2016-05-20;958.0
2016-05-21;963.0
2016-05-21;963.0
2016-05-21;965.0
2016-05-21;961.0
2016-05-22;969.0
2016-05-22;969.0
2016-05-22;969.0
2016-05-22;969.0
2016-05-23;968.0
2016-05-23;968.0
2016-05-23;968.0
2016-05-23;967.0
2016-05-24;978.0
2016-05-24;974.0
2016-05-24;981.0
2016-05-24;978.0
2016-05-25;991.0
2016-05-25;994.0
2016-05-25;993.0
2016-05-25;993.0
2016-05-26;995.0
2016-05-26;995.0
2016-05-26;993.0
2016-05-26;996.0
2016-05-27;975.0
2016-05-27;980.0
2016-05-27;980.0
2016-05-27;984.0
2016-05-28;967.0
2016-05-28;967.0
2016-05-28;967.0
2016-05-28;967.0
2016-05-29;970.0
2016-05-29;969.0
2016-05-29;971.0
2016-05-29;970.0
2016-05-30;984.0
2016-05-30;987.0
2016-05-30;981.0
2016-05-30;984.0
2016-05-31;993.0
2016-05-31;994.0
2016-05-31;993.0
2016-05-31;991.0
2016-06-01;994.0
2016-06-01;994.0
2016-06-01;994.0
2016-06-01;994.0
2016-06-02;992.0
2016-06-02;993.0
2016-06-02;991.0
2016-06-02;992.0
2016-06-03;992.0
2016-06-03;992.0
2016-06-03;992.0
2016-06-03;992.0
2016-06-04;993.0
2016-06-04;993.0
2016-06-04;993.0
2016-06-04;993.0
2016-06-05;992.0
2016-06-05;1000.0
2016-06-05;996.0
2016-06-05;996.0
2016-06-06;994.0
2016-06-06;991.0
2016-06-06;996.0
2016-06-06;994.0
2016-06-07;985.0
2016-06-07;993.0
2016-06-07;976.0
2016-06-07;985.0
2016-06-08;963.0
2016-06-08;966.0
2016-06-08;968.0
2016-06-08;966.0
2016-06-09;957.0
2016-06-09;955.0
2016-06-09;953.0
2016-06-09;955.0
2016-06-10;943.0
2016-06-10;943.0
2016-06-10;946.0
2016-06-10;939.0
2016-06-11;927.0
2016-06-11;927.0
2016-06-11;929.0
2016-06-11;924.0
2016-06-12;917.0
2016-06-12;918.0
2016-06-12;916.0
2016-06-12;917.0
2016-06-13;913.0
2016-06-13;912.0
2016-06-13;913.0
2016-06-13;913.0
2016-06-14;906.0
2016-06-14;906.0
2016-06-14;904.0
2016-06-14;908.0
2016-06-15;895.0
2016-06-15;892.0
2016-06-15;897.0
2016-06-15;895.0
2016-06-16;886.0
2016-06-16;886.0
2016-06-16;885.0
2016-06-16;886.0
2016-06-17;887.0
2016-06-17;886.0
2016-06-17;887.0
2016-06-17;888.0
2016-06-18;892.0
2016-06-18;893.0
2016-06-18;892.0
2016-06-18;890.0
2016-06-19;904.0
2016-06-19;911.0
2016-06-19;911.0
2016-06-19;918.0
2016-06-20;933.0
2016-06-20;933.0
2016-06-20;936.0
2016-06-20;930.0
2016-06-21;940.0
2016-06-21;941.0
2016-06-21;941.0
2016-06-21;941.0
2016-06-22;936.0
2016-06-22;938.0
2016-06-22;937.0
2016-06-22;937.0
2016-06-23;932.0
2016-06-23;932.0
2016-06-23;931.0
2016-06-23;932.0
2016-06-24;944.0
2016-06-24;948.0
2016-06-24;948.0
2016-06-24;952.0
2016-06-25;974.0
2016-06-25;968.0
2016-06-25;979.0
2016-06-25;974.0
2016-06-26;992.0
2016-06-26;996.0
2016-06-26;999.0
2016-06-26;996.0
2016-06-27;1003.0
2016-06-27;1006.0
2016-06-27;1005.0
2016-06-27;1005.0
2016-06-28;1002.0
2016-06-28;1000.0
2016-06-28;1002.0
2016-06-28;1003.0
2016-06-29;997.0
2016-06-29;997.0
2016-06-29;997.0
2016-06-29;996.0
2016-06-30;996.0
2016-06-30;999.0
2016-06-30;999.0
2016-06-30;1002.0
2016-07-01;1008.0
2016-07-01;1016.0
2016-07-01;1012.0
2016-07-01;1012.0
2016-07-02;1035.0
2016-07-02;1038.0
2016-07-02;1032.0
2016-07-02;1035.0
2016-07-03;1046.0
2016-07-03;1043.0
2016-07-03;1045.0
2016-07-03;1045.0
2016-07-04;1053.0
2016-07-04;1052.0
2016-07-04;1050.0
2016-07-04;1052.0
2016-07-05;1060.0
2016-07-05;1064.0
2016-07-05;1067.0
2016-07-05;1064.0
2016-07-06;1075.0
2016-07-06;1078.0
2016-07-06;1080.0
2016-07-06;1078.0
2016-07-07;1094.0
2016-07-07;1088.0
2016-07-07;1091.0
2016-07-07;1091.0
2016-07-08;1100.0
2016-07-08;1103.0
2016-07-08;1102.0
2016-07-08;1102.0
2016-07-09;1103.0
2016-07-09;1102.0
2016-07-09;1100.0
2016-07-09;1102.0
2016-07-10;1098.0
2016-07-10;1098.0
2016-07-10;1100.0
2016-07-10;1096.0
2016-07-11;1088.0
2016-07-11;1085.0
2016-07-11;1090.0
2016-07-11;1088.0
2016-07-12;1081.0
2016-07-12;1080.0
2016-07-12;1081.0
2016-07-12;1081.0
2016-07-13;1074.0
2016-07-13;1071.0
2016-07-13;1076.0
2016-07-13;1074.0
2016-07-14;1077.0
2016-07-14;1081.0
2016-07-14;1079.0
2016-07-14;1079.0
2016-07-15;1081.0
2016-07-15;1080.0
2016-07-15;1081.0
2016-07-15;1081.0
2016-07-16;1079.0
2016-07-16;1078.0
2016-07-16;1077.0
2016-07-16;1078.0
2016-07-17;1065.0
2016-07-17;1065.0
2016-07-17;1068.0
2016-07-17;1061.0
2016-07-18;1043.0
2016-07-18;1038.0
2016-07-18;1043.0
2016-07-18;1048.0
2016-07-19;1017.0
2016-07-19;1020.0
2016-07-19;1023.0
2016-07-19;1020.0
2016-07-20;1016.0
2016-07-20;1016.0
2016-07-20;1015.0
2016-07-20;1016.0
2016-07-21;1019.0
2016-07-21;1018.0
2016-07-21;1019.0
2016-07-21;1019.0
2016-07-22;1013.0
2016-07-22;1015.0
2016-07-22;1016.0
2016-07-22;1015.0
2016-07-23;1013.0
2016-07-23;1010.0
2016-07-23;1016.0
2016-07-23;1013.0
2016-07-24;1032.0
2016-07-24;1040.0
2016-07-24;1023.0
2016-07-24;1032.0
2016-07-25;1057.0
2016-07-25;1059.0
2016-07-25;1057.0
2016-07-25;1054.0
2016-07-26;1061.0
2016-07-26;1061.0
2016-07-26;1061.0
2016-07-26;1061.0
2016-07-27;1059.0
2016-07-27;1057.0
2016-07-27;1061.0
2016-07-27;1059.0
2016-07-28;1050.0
2016-07-28;1052.0
2016-07-28;1048.0
2016-07-28;1050.0
2016-07-29;1038.0
2016-07-29;1041.0
2016-07-29;1038.0
2016-07-29;1035.0
2016-07-30;1022.0
2016-07-30;1022.0
2016-07-30;1022.0
2016-07-30;1022.0
2016-07-31;1011.0
2016-07-31;1007.0
2016-07-31;1011.0
2016-07-31;1014.0
2016-08-01;994.0
2016-08-01;990.0
2016-08-01;997.0
2016-08-01;994.0
2016-08-02;986.0
2016-08-02;985.0
2016-08-02;986.0
2016-08-02;986.0
2016-08-03;982.0
2016-08-03;982.0
2016-08-03;982.0
2016-08-03;981.0
2016-08-04;982.0
2016-08-04;982.0
2016-08-04;982.0
2016-08-04;982.0
2016-08-05;988.0
2016-08-05;990.0
2016-08-05;986.0
2016-08-05;988.0
2016-08-06;993.0
2016-08-06;993.0
2016-08-06;992.0
2016-08-06;993.0
2016-08-07;983.0
2016-08-07;980.0
2016-08-07;986.0
2016-08-07;983.0
2016-08-08;976.0
2016-08-08;976.0
2016-08-08;975.0
2016-08-08;976.0
2016-08-09;973.0
2016-08-09;973.0
2016-08-09;973.0
2016-08-09;972.0
2016-08-10;977.0
2016-08-10;977.0
2016-08-10;978.0
2016-08-10;975.0
2016-08-11;981.0
2016-08-11;981.0
2016-08-11;981.0
2016-08-11;980.0
2016-08-12;978.0
2016-08-12;976.0
2016-08-12;980.0
2016-08-12;978.0
2016-08-13;969.0
2016-08-13;966.0
2016-08-13;972.0
2016-08-13;969.0
2016-08-14;958.0
2016-08-14;962.0
2016-08-14;954.0
2016-08-14;958.0
2016-08-15;942.0
2016-08-15;948.0
2016-08-15;945.0
2016-08-15;945.0
2016-08-16;930.0
2016-08-16;932.0
2016-08-16;934.0
2016-08-16;932.0
2016-08-17;926.0
2016-08-17;928.0
2016-08-17;927.0
2016-08-17;927.0
2016-08-18;932.0
2016-08-18;933.0
2016-08-18;932.0
2016-08-18;930.0
2016-08-19;936.0
2016-08-19;937.0
2016-08-19;935.0
2016-08-19;936.0
2016-08-20;935.0
2016-08-20;934.0
2016-08-20;936.0
2016-08-20;935.0
2016-08-21;929.0
2016-08-21;930.0
2016-08-21;928.0
2016-08-21;929.0
2016-08-22;924.0
2016-08-22;923.0
2016-08-22;924.0
2016-08-22;924.0
2016-08-23;919.0
2016-08-23;918.0
2016-08-23;917.0
2016-08-23;918.0
2016-08-24;910.0
2016-08-24;912.0
2016-08-24;910.0
2016-08-24;908.0
2016-08-25;902.0
2016-08-25;902.0
2016-08-25;902.0
2016-08-25;902.0
2016-08-26;899.0
2016-08-26;899.0
2016-08-26;900.0
2016-08-26;898.0
2016-08-27;894.0
2016-08-27;893.0
2016-08-27;893.0
2016-08-27;891.0
2016-08-28;891.0
2016-08-28;891.0
2016-08-28;891.0
2016-08-28;891.0
2016-08-29;885.0
2016-08-29;882.0
2016-08-29;887.0
2016-08-29;885.0
2016-08-30;877.0
2016-08-30;877.0
2016-08-30;877.0
2016-08-30;877.0
2016-08-31;880.0
2016-08-31;881.0
2016-08-31;878.0
2016-08-31;880.0
2016-09-01;877.0
2016-09-01;874.0
2016-09-01;879.0
2016-09-01;877.0
2016-09-02;862.0
2016-09-02;866.0
2016-09-02;858.0
2016-09-02;862.0
2016-09-03;834.0
2016-09-03;840.0
2016-09-03;845.0
2016-09-03;840.0
2016-09-04;819.0
2016-09-04;815.0
2016-09-04;815.0
2016-09-04;811.0
2016-09-05;795.0
2016-09-05;790.0
2016-09-05;795.0
2016-09-05;799.0
2016-09-06;774.0
2016-09-06;769.0
2016-09-06;774.0
2016-09-06;778.0
2016-09-07;754.0
2016-09-07;759.0
2016-09-07;754.0
2016-09-07;749.0
2016-09-08;729.0
2016-09-08;734.0
2016-09-08;738.0
2016-09-08;734.0
2016-09-09;718.0
2016-09-09;718.0
2016-09-09;717.0
2016-09-09;718.0
2016-09-10;718.0
2016-09-10;718.0
2016-09-10;718.0
2016-09-10;717.0
2016-09-11;714.0
2016-09-11;714.0
2016-09-11;715.0
2016-09-11;713.0
2016-09-12;714.0
2016-09-12;716.0
2016-09-12;716.0
2016-09-12;717.0
2016-09-13;721.0
2016-09-13;722.0
2016-09-13;723.0
2016-09-13;722.0
2016-09-14;731.0
2016-09-14;739.0
2016-09-14;735.0
2016-09-14;735.0
2016-09-15;766.0
2016-09-15;756.0
2016-09-15;776.0
2016-09-15;766.0
2016-09-16;814.0
2016-09-16;804.0
2016-09-16;814.0
2016-09-16;823.0
2016-09-17;838.0
2016-09-17;839.0
2016-09-17;836.0
2016-09-17;838.0
2016-09-18;836.0
2016-09-18;836.0
2016-09-18;835.0
2016-09-18;836.0
2016-09-19;812.0
2016-09-19;812.0
2016-09-19;808.0
2016-09-19;816.0
2016-09-20;796.0
2016-09-20;792.0
2016-09-20;788.0
2016-09-20;792.0
2016-09-21;774.0
2016-09-21;778.0
2016-09-21;781.0
2016-09-21;778.0
2016-09-22;764.0
2016-09-22;760.0
2016-09-22;768.0
2016-09-22;764.0
2016-09-23;762.0
2016-09-23;762.0
2016-09-23;762.0
2016-09-23;761.0
2016-09-24;764.0
2016-09-24;764.0
2016-09-24;766.0
2016-09-24;762.0
2016-09-25;772.0
2016-09-25;774.0
2016-09-25;773.0
2016-09-25;773.0
2016-09-26;771.0
2016-09-26;773.0
2016-09-26;771.0
2016-09-26;768.0
2016-09-27;756.0
2016-09-27;759.0
2016-09-27;752.0
2016-09-27;756.0
2016-09-28;740.0
2016-09-28;738.0
2016-09-28;740.0
2016-09-28;742.0
2016-09-29;727.0
2016-09-29;731.0
2016-09-29;729.0
2016-09-29;729.0
2016-09-30;718.0
2016-09-30;718.0
2016-09-30;720.0
2016-09-30;716.0
2016-10-01;710.0
2016-10-01;709.0
2016-10-01;710.0
2016-10-01;710.0
2016-10-02;709.0
2016-10-02;710.0
2016-10-02;708.0
2016-10-02;709.0
2016-10-03;730.0
2016-10-03;745.0
2016-10-03;738.0
2016-10-03;738.0
2016-10-04;762.0
2016-10-04;756.0
2016-10-04;767.0
2016-10-04;762.0
2016-10-05;802.0
2016-10-05;787.0
2016-10-05;795.0
2016-10-05;795.0
2016-10-06;820.0
2016-10-06;816.0
2016-10-06;818.0
2016-10-06;818.0
2016-10-07;822.0
2016-10-07;822.0
2016-10-07;822.0
2016-10-07;822.0
2016-10-08;819.0
2016-10-08;816.0
2016-10-08;818.0
2016-10-08;818.0
2016-10-09;812.0
2016-10-09;811.0
2016-10-09;813.0
2016-10-09;812.0
2016-10-10;813.0
2016-10-10;812.0
2016-10-10;814.0
2016-10-10;813.0
2016-10-11;818.0
2016-10-11;818.0
2016-10-11;818.0
2016-10-11;818.0
2016-10-12;819.0
2016-10-12;819.0
2016-10-12;819.0
2016-10-12;818.0
2016-10-13;816.0
2016-10-13;816.0
2016-10-13;816.0
2016-10-13;816.0
2016-10-14;815.0
2016-10-14;815.0
2016-10-14;814.0
2016-10-14;816.0
2016-10-15;828.0
2016-10-15;830.0
2016-10-15;825.0
2016-10-15;828.0
2016-10-16;837.0
2016-10-16;836.0
2016-10-16;834.0
2016-10-16;836.0
2016-10-17;836.0
2016-10-17;837.0
2016-10-17;834.0
2016-10-17;836.0
2016-10-18;822.0
2016-10-18;822.0
2016-10-18;824.0
2016-10-18;820.0
2016-10-19;805.0
2016-10-19;810.0
2016-10-19;800.0
2016-10-19;805.0
2016-10-20;798.0
2016-10-20;794.0
2016-10-20;789.0
2016-10-20;794.0
2016-10-21;769.0
2016-10-21;762.0
2016-10-21;766.0
2016-10-21;766.0
2016-10-22;753.0
2016-10-22;753.0
2016-10-22;749.0
2016-10-22;756.0
2016-10-23;745.0
2016-10-23;744.0
2016-10-23;742.0
2016-10-23;744.0
2016-10-24;745.0
2016-10-24;743.0
2016-10-24;746.0
2016-10-24;745.0
2016-10-25;751.0
2016-10-25;750.0
2016-10-25;750.0
2016-10-25;749.0
2016-10-26;755.0
2016-10-26;756.0
2016-10-26;754.0
2016-10-26;755.0
2016-10-27;807.0
2016-10-27;798.0
2016-10-27;816.0
2016-10-27;807.0
2016-10-28;821.0
2016-10-28;821.0
2016-10-28;820.0
2016-10-28;821.0
2016-10-29;832.0
2016-10-29;828.0
2016-10-29;835.0
2016-10-29;832.0
2016-10-30;837.0
2016-10-30;838.0
2016-10-30;835.0
2016-10-30;837.0
2016-10-31;816.0
2016-11-01;783.0
2016-11-01;798.0
2016-11-01;791.0
2016-11-01;791.0
2016-11-02;757.0
2016-11-02;763.0
2016-11-02;768.0
2016-11-02;763.0
2016-11-03;737.0
2016-11-03;745.0
2016-11-03;741.0
2016-11-03;741.0
2016-11-04;735.0
2016-11-04;734.0
2016-11-04;734.0
2016-11-04;733.0
2016-11-05;729.0
2016-11-05;729.0
2016-11-05;729.0
2016-11-05;729.0
2016-11-06;737.0
2016-11-06;739.0
2016-11-06;735.0
2016-11-06;737.0
2016-11-07;742.0
2016-11-07;742.0
2016-11-07;742.0
2016-11-07;742.0
2016-11-08;741.0
2016-11-08;740.0
2016-11-08;741.0
2016-11-08;741.0
2016-11-09;742.0
2016-11-09;739.0
2016-11-09;741.0
2016-11-09;741.0
2016-11-10;742.0
2016-11-10;742.0
2016-11-10;742.0
2016-11-10;742.0
2016-11-11;740.0
2016-11-11;743.0
2016-11-11;745.0
2016-11-11;743.0
2016-11-12;748.0
2016-11-12;750.0
2016-11-12;749.0
2016-11-12;749.0
2016-11-13;749.0
2016-11-13;749.0
2016-11-13;749.0
2016-11-13;748.0
2016-11-14;755.0
2016-11-14;754.0
2016-11-14;756.0
2016-11-14;755.0
2016-11-15;764.0
2016-11-15;765.0
2016-11-15;764.0
2016-11-15;762.0
2016-11-16;756.0
2016-11-16;761.0
2016-11-16;759.0
2016-11-16;759.0
2016-11-17;740.0
2016-11-17;736.0
2016-11-17;732.0
2016-11-17;736.0
2016-11-18;716.0
2016-11-18;720.0
2016-11-18;712.0
2016-11-18;716.0
2016-11-19;709.0
2016-11-19;712.0
2016-11-19;706.0
2016-11-19;709.0
2016-11-20;746.0
2016-11-20;741.0
2016-11-20;741.0
2016-11-20;736.0
2016-11-21;755.0
2016-11-21;761.0
2016-11-21;748.0
2016-11-21;755.0
2016-11-22;760.0
2016-11-22;757.0
2016-11-22;760.0
2016-11-22;762.0
2016-11-23;759.0
2016-11-23;761.0
2016-11-23;759.0
2016-11-23;757.0
2016-11-24;748.0
2016-11-24;740.0
2016-11-24;744.0
2016-11-24;744.0
2016-11-25;741.0
2016-11-25;741.0
2016-11-25;740.0
2016-11-25;741.0
2016-11-26;752.0
2016-11-26;757.0
2016-11-26;757.0
2016-11-26;762.0
2016-11-27;761.0
2016-11-27;762.0
2016-11-27;762.0
2016-11-27;762.0
2016-11-28;748.0
2016-11-28;748.0
2016-11-28;744.0
2016-11-28;752.0
2016-11-29;732.0
2016-11-29;728.0
2016-11-29;724.0
2016-11-29;728.0
2016-11-30;711.0
2016-11-30;710.0
2016-11-30;712.0
2016-11-30;711.0
2016-12-01;707.0
2016-12-01;707.0
2016-12-01;706.0
2016-12-01;708.0
2016-12-02;701.0
2016-12-02;702.0
2016-12-02;702.0
2016-12-02;702.0
2016-12-03;693.0
2016-12-03;696.0
2016-12-03;693.0
2016-12-03;690.0
2016-12-04;683.0
2016-12-04;680.0
2016-12-04;685.0
2016-12-04;683.0
2016-12-05;674.0
2016-12-05;674.0
2016-12-05;676.0
2016-12-05;672.0
2016-12-06;665.0
2016-12-06;663.0
2016-12-06;667.0
2016-12-06;665.0
2016-12-07;655.0
2016-12-07;656.0
2016-12-07;653.0
2016-12-07;655.0
2016-12-08;651.0
2016-12-08;650.0
2016-12-08;651.0
2016-12-08;652.0
2016-12-09;650.0
2016-12-09;650.0
2016-12-09;650.0
2016-12-09;649.0
2016-12-10;644.0
2016-12-10;646.0
2016-12-10;646.0
2016-12-10;648.0
2016-12-11;638.0
2016-12-11;639.0
2016-12-11;636.0
2016-12-11;638.0
2016-12-12;627.0
2016-12-12;632.0
2016-12-12;630.0
2016-12-12;630.0
2016-12-13;622.0
2016-12-13;622.0
2016-12-13;622.0
2016-12-13;621.0
2016-12-14;619.0
2016-12-14;619.0
2016-12-14;618.0
2016-12-14;620.0
2016-12-15;615.0
2016-12-15;611.0
2016-12-15;613.0
2016-12-15;613.0
2016-12-16;607.0
2016-12-16;608.0
2016-12-16;609.0
2016-12-16;608.0
2016-12-17;650.0
2016-12-17;645.0
2016-12-17;640.0
2016-12-17;645.0
2016-12-18;665.0
2016-12-18;660.0
2016-12-18;665.0
2016-12-18;670.0
2016-12-19;678.0
2016-12-19;675.0
2016-12-19;680.0
2016-12-19;678.0
2016-12-20;690.0
2016-12-20;698.0
2016-12-20;694.0
2016-12-20;694.0
2016-12-21;712.0
2016-12-21;709.0
2016-12-21;712.0
2016-12-21;715.0
2016-12-22;721.0
2016-12-22;721.0
2016-12-22;721.0
2016-12-22;720.0
2016-12-23;719.0
2016-12-23;719.0
2016-12-23;720.0
2016-12-23;718.0
2016-12-24;720.0
2016-12-24;720.0
2016-12-24;720.0
2016-12-24;720.0
2016-12-25;743.0
2016-12-25;727.0
2016-12-25;759.0
2016-12-25;743.0
2016-12-26;791.0
2016-12-26;789.0
2016-12-26;792.0
2016-12-26;791.0
2016-12-27;793.0
2016-12-27;793.0
2016-12-27;793.0
2016-12-27;792.0
2016-12-28;775.0
2016-12-28;779.0
2016-12-28;782.0
2016-12-28;779.0
2016-12-29;761.0
2016-12-29;760.0
2016-12-29;762.0
2016-12-29;761.0
2016-12-30;758.0
2016-12-30;760.0
2016-12-30;761.0
2016-12-30;760.0
2016-12-31;768.0
2016-12-31;762.0
2016-12-31;768.0
2016-12-31;773.0
2017-01-01;791.0
2017-01-01;785.0
2017-01-01;791.0
2017-01-01;796.0
2017-01-02;842.0
2017-01-02;842.0
2017-01-02;833.0
2017-01-02;850.0
2017-01-03;857.0
2017-01-03;857.0
2017-01-03;857.0
2017-01-03;857.0
2017-01-04;843.0
2017-01-04;840.0
2017-01-04;843.0
2017-01-04;846.0
2017-01-05;837.0
2017-01-05;835.0
2017-01-05;838.0
2017-01-05;837.0
2017-01-06;839.0
2017-01-06;840.0
2017-01-06;839.0
2017-01-06;838.0
2017-01-07;835.0
2017-01-07;835.0
2017-01-07;836.0
2017-01-07;834.0
2017-01-08;831.0
2017-01-08;836.0
2017-01-08;834.0
2017-01-08;834.0
2017-01-09;819.0
2017-01-09;816.0
2017-01-09;821.0
2017-01-09;819.0
2017-01-10;811.0
2017-01-10;810.0
2017-01-10;811.0
2017-01-10;812.0
2017-01-11;807.0
2017-01-11;808.0
2017-01-11;805.0
2017-01-11;807.0
2017-01-12;805.0
2017-01-12;806.0
2017-01-12;806.0
2017-01-12;806.0
2017-01-13;801.0
2017-01-13;801.0
2017-01-13;798.0
2017-01-13;803.0
2017-01-14;789.0
2017-01-14;792.0
2017-01-14;785.0
2017-01-14;789.0
2017-01-15;778.0
2017-01-15;775.0
2017-01-15;780.0
2017-01-15;778.0
2017-01-16;760.0
2017-01-16;769.0
2017-01-16;765.0
2017-01-16;765.0
2017-01-17;737.0
2017-01-17;737.0
2017-01-17;732.0
2017-01-17;742.0
2017-01-18;714.0
2017-01-18;706.0
2017-01-18;697.0
2017-01-18;706.0
2017-01-19;671.0
2017-01-19;664.0
2017-01-19;678.0
2017-01-19;671.0
2017-01-20;636.0
2017-01-20;639.0
2017-01-20;639.0
2017-01-20;642.0
2017-01-21;623.0
2017-01-21;624.0
2017-01-21;622.0
2017-01-21;623.0
2017-01-22;617.0
2017-01-22;620.0
2017-01-22;622.0
2017-01-22;620.0
2017-01-23;603.0
2017-01-23;603.0
2017-01-23;608.0
2017-01-23;598.0
2017-01-24;581.0
2017-01-24;586.0
2017-01-24;576.0
2017-01-24;581.0
2017-01-25;563.0
2017-01-25;554.0
2017-01-25;559.0
2017-01-25;559.0
2017-01-26;541.0
2017-01-26;544.0
2017-01-26;538.0
2017-01-26;541.0
2017-01-27;542.0
2017-01-27;542.0
2017-01-27;545.0
2017-01-27;538.0
2017-01-28;571.0
2017-01-28;566.0
2017-01-28;575.0
2017-01-28;571.0
2017-01-29;604.0
2017-01-29;619.0
2017-01-29;612.0
2017-01-29;612.0
2017-01-30;638.0
2017-01-30;643.0
2017-01-30;638.0
2017-01-30;632.0
2017-01-31;667.0
2017-01-31;667.0
2017-01-31;660.0
2017-01-31;673.0
2017-02-01;720.0
2017-02-01;733.0
2017-02-01;706.0
2017-02-01;720.0
2017-02-02;759.0
2017-02-02;763.0
2017-02-02;761.0
2017-02-02;761.0
2017-02-03;762.0
2017-02-03;762.0
2017-02-03;759.0
2017-02-03;764.0
2017-02-04;755.0
2017-02-04;755.0
2017-02-04;754.0
2017-02-04;756.0
2017-02-05;752.0
2017-02-05;751.0
2017-02-05;753.0
2017-02-05;752.0
2017-02-06;751.0
2017-02-06;751.0
2017-02-06;750.0
2017-02-06;751.0
2017-02-07;754.0
2017-02-07;755.0
2017-02-07;755.0
2017-02-07;755.0
2017-02-08;760.0
2017-02-08;758.0
2017-02-08;762.0
2017-02-08;760.0
2017-02-09;769.0
2017-02-09;769.0
2017-02-09;771.0
2017-02-09;767.0
2017-02-10;768.0
2017-02-10;765.0
2017-02-10;770.0
2017-02-10;768.0
2017-02-11;742.0
2017-02-11;756.0
2017-02-11;749.0
2017-02-11;749.0
2017-02-12;719.0
2017-02-12;722.0
2017-02-12;716.0
2017-02-12;719.0
2017-02-13;692.0
2017-02-13;686.0
2017-02-13;697.0
2017-02-13;692.0
2017-02-14;666.0
2017-02-14;646.0
2017-02-14;656.0
2017-02-14;656.0
2017-02-15;631.0
2017-02-15;624.0
2017-02-15;616.0
2017-02-15;624.0
2017-02-16;596.0
2017-02-16;596.0
2017-02-16;601.0
2017-02-16;590.0
2017-02-17;578.0
2017-02-17;581.0
2017-02-17;575.0
2017-02-17;578.0
2017-02-18;567.0
2017-02-18;567.0
2017-02-18;567.0
2017-02-18;566.0
2017-02-19;551.0
2017-02-19;559.0
2017-02-19;555.0
2017-02-19;555.0
2017-02-20;538.0
2017-02-20;545.0
2017-02-20;542.0
2017-02-20;542.0
2017-02-21;525.0
2017-02-21;528.0
2017-02-21;528.0
2017-02-21;531.0
2017-02-22;515.0
2017-02-22;516.0
2017-02-22;513.0
2017-02-22;515.0
2017-02-23;515.0
2017-02-23;514.0
2017-02-23;515.0
2017-02-23;516.0
2017-02-24;527.0
2017-02-24;529.0
2017-02-24;527.0
2017-02-24;524.0
2017-02-25;533.0
2017-02-25;533.0
2017-02-25;533.0
2017-02-25;533.0
2017-02-26;533.0
2017-02-26;532.0
2017-02-26;533.0
2017-02-26;534.0
2017-02-27;559.0
2017-02-27;554.0
2017-02-27;554.0
2017-02-27;548.0
2017-02-28;576.0
2017-02-28;571.0
2017-02-28;580.0
2017-02-28;576.0
2017-03-01;587.0
2017-03-01;588.0
2017-03-01;588.0
2017-03-01;588.0
2017-03-02;592.0
2017-03-02;592.0
2017-03-02;592.0
2017-03-02;592.0
2017-03-03;587.0
2017-03-03;589.0
2017-03-03;587.0
2017-03-03;585.0
2017-03-04;574.0
2017-03-04;570.0
2017-03-04;578.0
2017-03-04;574.0
2017-03-05;574.0
2017-03-05;582.0
2017-03-05;590.0
2017-03-05;582.0
2017-03-06;646.0
2017-03-06;638.0
2017-03-06;653.0
2017-03-06;646.0
2017-03-07;661.0
2017-03-07;662.0
2017-03-07;662.0
2017-03-07;662.0
2017-03-08;670.0
2017-03-08;666.0
2017-03-08;666.0
2017-03-08;662.0
2017-03-09;685.0
2017-03-09;695.0
2017-03-09;690.0
2017-03-09;690.0
2017-03-10;716.0
2017-03-10;710.0
2017-03-10;722.0
2017-03-10;716.0
2017-03-11;737.0
2017-03-11;753.0
2017-03-11;745.0
2017-03-11;745.0
2017-03-12;773.0
2017-03-12;775.0
2017-03-12;770.0
2017-03-12;773.0
2017-03-13;779.0
2017-03-13;783.0
2017-03-13;781.0
2017-03-13;781.0
2017-03-14;790.0
2017-03-14;794.0
2017-03-14;797.0
2017-03-14;794.0
2017-03-15;804.0
2017-03-15;804.0
2017-03-15;803.0
2017-03-15;805.0
2017-03-16;801.0
2017-03-16;804.0
2017-03-16;797.0
2017-03-16;801.0
2017-03-17;778.0
2017-03-17;783.0
2017-03-17;788.0
2017-03-17;783.0
2017-03-18;760.0
2017-03-18;754.0
2017-03-18;766.0
2017-03-18;760.0
2017-03-19;755.0
2017-03-19;753.0
2017-03-19;757.0
2017-03-19;755.0
2017-03-20;751.0
2017-03-20;755.0
2017-03-20;755.0
2017-03-20;758.0
2017-03-21;735.0
2017-03-21;735.0
2017-03-21;731.0
2017-03-21;738.0
2017-03-22;737.0
2017-03-22;732.0
2017-03-22;737.0
2017-03-22;742.0
2017-03-23;758.0
2017-03-23;762.0
2017-03-23;754.0
2017-03-23;758.0
2017-03-24;764.0
2017-03-24;762.0
2017-03-24;759.0
2017-03-24;762.0
2017-03-25;741.0
2017-03-25;746.0
2017-03-25;736.0
2017-03-25;741.0
2017-03-26;716.0
2017-03-26;717.0
2017-03-26;718.0
2017-03-26;717.0
2017-03-27;693.0
2017-03-27;695.0
2017-03-27;693.0
2017-03-27;690.0
2017-03-28;706.0
2017-03-28;701.0
2017-03-28;701.0
2017-03-28;695.0
2017-03-29;719.0
2017-03-29;716.0
2017-03-29;719.0
2017-03-29;722.0
2017-03-30;727.0
2017-03-30;726.0
2017-03-30;728.0
2017-03-30;727.0
2017-03-31;730.0
2017-03-31;730.0
2017-03-31;730.0
2017-03-31;729.0
2017-04-01;729.0
2017-04-01;730.0
2017-04-01;727.0
2017-04-01;729.0
2017-04-02;726.0
2017-04-02;725.0
2017-04-02;726.0
2017-04-02;726.0
2017-04-03;738.0
2017-04-03;735.0
2017-04-03;735.0
2017-04-03;732.0
2017-04-04;743.0
2017-04-04;742.0
2017-04-04;744.0
2017-04-04;743.0
2017-04-05;740.0
2017-04-05;742.0
2017-04-05;744.0
2017-04-05;742.0
2017-04-06;731.0
2017-04-06;733.0
2017-04-06;728.0
2017-04-06;731.0
2017-04-07;718.0
2017-04-07;718.0
2017-04-07;720.0
2017-04-07;715.0
2017-04-08;712.0
2017-04-08;710.0
2017-04-08;712.0
2017-04-08;714.0
2017-04-09;718.0
2017-04-09;718.0
2017-04-09;717.0
2017-04-09;718.0
2017-04-10;718.0
2017-04-10;717.0
2017-04-10;718.0
2017-04-10;718.0
2017-04-11;718.0
2017-04-11;718.0
2017-04-11;718.0
2017-04-11;717.0
2017-04-12;723.0
2017-04-12;720.0
2017-04-12;726.0
2017-04-12;723.0
2017-04-13;731.0
2017-04-13;740.0
2017-04-13;749.0
2017-04-13;740.0
2017-04-14;815.0
2017-04-14;796.0
2017-04-14;777.0
2017-04-14;796.0
2017-04-15;846.0
2017-04-15;843.0
2017-04-15;839.0
2017-04-15;843.0
2017-04-16;854.0
2017-04-16;851.0
2017-04-16;857.0
2017-04-16;854.0
2017-04-17;872.0
2017-04-17;884.0
2017-04-17;878.0
2017-04-17;878.0
2017-04-18;891.0
2017-04-18;892.0
2017-04-18;891.0
2017-04-18;889.0
2017-04-19;880.0
2017-04-19;880.0
2017-04-19;882.0
2017-04-19;877.0
2017-04-20;867.0
2017-04-20;867.0
2017-04-20;865.0
2017-04-20;869.0
2017-04-21;859.0
2017-04-21;852.0
2017-04-21;856.0
2017-04-21;856.0
2017-04-22;852.0
2017-04-22;852.0
2017-04-22;852.0
2017-04-22;851.0
2017-04-23;850.0
2017-04-23;851.0
2017-04-23;851.0
2017-04-23;851.0
2017-04-24;839.0
2017-04-24;839.0
2017-04-24;843.0
2017-04-24;834.0
2017-04-25;812.0
2017-04-25;817.0
2017-04-25;817.0
2017-04-25;822.0
2017-04-26;800.0
2017-04-26;797.0
2017-04-26;800.0
2017-04-26;803.0
2017-04-27;792.0
2017-04-27;792.0
2017-04-27;791.0
2017-04-27;792.0
2017-04-28;798.0
2017-04-28;799.0
2017-04-28;797.0
2017-04-28;798.0
2017-04-29;792.0
2017-04-29;792.0
2017-04-29;790.0
2017-04-29;794.0
2017-04-30;783.0
2017-04-30;780.0
2017-04-30;785.0
2017-04-30;783.0
2017-05-01;795.0
2017-05-01;801.0
2017-05-01;806.0
2017-05-01;801.0
2017-05-02;861.0
2017-05-02;830.0
2017-05-02;846.0
2017-05-02;846.0
2017-05-03;910.0
2017-05-03;923.0
2017-05-03;896.0
2017-05-03;910.0
2017-05-04;965.0
2017-05-04;955.0
2017-05-04;975.0
2017-05-04;965.0
2017-05-05;1001.0
2017-05-05;994.0
2017-05-05;998.0
2017-05-05;998.0
2017-05-06;1009.0
2017-05-06;1008.0
2017-05-06;1010.0
2017-05-06;1009.0
2017-05-07;1028.0
2017-05-07;1028.0
2017-05-07;1034.0
2017-05-07;1021.0
2017-05-08;1044.0
2017-05-08;1044.0
2017-05-08;1045.0
2017-05-08;1042.0
2017-05-09;1032.0
2017-05-09;1026.0
2017-05-09;1020.0
2017-05-09;1026.0
2017-05-10;999.0
2017-05-10;1005.0
2017-05-10;993.0
2017-05-10;999.0
2017-05-11;971.0
2017-05-11;964.0
2017-05-11;978.0
2017-05-11;971.0
2017-05-12;948.0
2017-05-12;946.0
2017-05-12;950.0
2017-05-12;948.0
2017-05-13;916.0
2017-05-13;925.0
2017-05-13;921.0
2017-05-13;921.0
2017-05-14;909.0
2017-05-14;909.0
2017-05-14;907.0
2017-05-14;910.0
2017-05-15;913.0
2017-05-15;913.0
2017-05-15;911.0
2017-05-15;915.0
2017-05-16;915.0
2017-05-16;914.0
2017-05-16;916.0
2017-05-16;915.0
2017-05-17;904.0
2017-05-17;908.0
2017-05-17;904.0
2017-05-17;899.0
2017-05-18;883.0
2017-05-18;878.0
2017-05-18;888.0
2017-05-18;883.0
2017-05-19;860.0
2017-05-19;864.0
2017-05-19;864.0
2017-05-19;867.0
2017-05-20;854.0
2017-05-20;853.0
2017-05-20;854.0
2017-05-20;854.0
2017-05-21;856.0
2017-05-21;856.0
2017-05-21;852.0
2017-05-21;859.0
2017-05-22;874.0
2017-05-22;879.0
2017-05-22;879.0
2017-05-22;883.0
2017-05-23;895.0
2017-05-23;911.0
2017-05-23;903.0
2017-05-23;903.0
2017-05-24;919.0
2017-05-24;919.0
2017-05-24;919.0
2017-05-24;919.0
2017-05-25;913.0
2017-05-25;915.0
2017-05-25;913.0
2017-05-25;910.0
2017-05-26;903.0
2017-05-26;906.0
2017-05-26;903.0
2017-05-26;899.0
2017-05-27;886.0
2017-05-27;880.0
2017-05-27;891.0
2017-05-27;886.0
2017-05-28;864.0
2017-05-28;869.0
2017-05-28;858.0
2017-05-28;864.0
2017-05-29;838.0
2017-05-29;844.0
2017-05-29;832.0
2017-05-29;838.0
2017-05-30;813.0
2017-05-30;808.0
2017-05-30;818.0
2017-05-30;813.0
2017-05-31;789.0
2017-05-31;798.0
2017-05-31;794.0
2017-05-31;794.0
2017-06-01;807.0
2017-06-01;803.0
2017-06-01;803.0
2017-06-01;798.0
2017-06-02;817.0
2017-06-02;829.0
2017-06-02;840.0
2017-06-02;829.0
2017-06-03;885.0
2017-06-03;876.0
2017-06-03;894.0
2017-06-03;885.0
2017-06-04;906.0
2017-06-04;907.0
2017-06-04;908.0
2017-06-04;907.0
2017-06-05;898.0
2017-06-05;893.0
2017-06-05;898.0
2017-06-05;902.0
2017-06-06;877.0
2017-06-06;876.0
2017-06-06;877.0
2017-06-06;877.0
2017-06-07;876.0
2017-06-07;874.0
2017-06-07;871.0
2017-06-07;874.0
2017-06-08;854.0
2017-06-08;859.0
2017-06-08;848.0
2017-06-08;854.0
2017-06-09;826.0
2017-06-09;826.0
2017-06-09;832.0
2017-06-09;820.0
2017-06-10;797.0
2017-06-10;803.0
2017-06-10;791.0
2017-06-10;797.0
2017-06-11;771.0
2017-06-11;775.0
2017-06-11;771.0
2017-06-11;766.0
2017-06-12;751.0
2017-06-12;753.0
2017-06-12;748.0
2017-06-12;751.0
2017-06-13;739.0
2017-06-13;741.0
2017-06-13;742.0
2017-06-13;741.0
2017-06-14;740.0
2017-06-14;737.0
2017-06-14;739.0
2017-06-14;739.0
2017-06-15;757.0
2017-06-15;754.0
2017-06-15;751.0
2017-06-15;754.0
2017-06-16;769.0
2017-06-16;776.0
2017-06-16;776.0
2017-06-16;782.0
2017-06-17;783.0
2017-06-17;783.0
2017-06-17;783.0
2017-06-17;783.0
2017-06-18;779.0
2017-06-18;780.0
2017-06-18;781.0
2017-06-18;780.0
2017-06-19;773.0
2017-06-19;771.0
2017-06-19;774.0
2017-06-19;773.0
2017-06-20;765.0
2017-06-20;767.0
2017-06-20;766.0
2017-06-20;766.0
2017-06-21;764.0
2017-06-21;765.0
2017-06-21;764.0
2017-06-21;763.0
2017-06-22;769.0
2017-06-22;770.0
2017-06-22;769.0
2017-06-22;768.0
2017-06-23;784.0
2017-06-23;785.0
2017-06-23;784.0
2017-06-23;782.0
2017-06-24;799.0
2017-06-24;799.0
2017-06-24;792.0
2017-06-24;806.0
2017-06-25;851.0
2017-06-25;858.0
2017-06-25;851.0
2017-06-25;843.0
2017-06-26;880.0
2017-06-26;859.0
2017-06-26;870.0
2017-06-26;870.0
2017-06-27;887.0
2017-06-27;886.0
2017-06-27;888.0
2017-06-27;887.0
2017-06-28;886.0
2017-06-28;888.0
2017-06-28;888.0
2017-06-28;890.0
2017-06-29;896.0
2017-06-29;897.0
2017-06-29;898.0
2017-06-29;897.0
2017-06-30;896.0
2017-06-30;896.0
2017-06-30;896.0
2017-06-30;896.0
2017-07-01;892.0
2017-07-01;890.0
2017-07-01;892.0
2017-07-01;894.0
2017-07-02;910.0
2017-07-02;916.0
2017-07-02;921.0
2017-07-02;916.0
2017-07-03;947.0
2017-07-03;953.0
2017-07-03;941.0
2017-07-03;947.0
2017-07-04;965.0
2017-07-04;965.0
2017-07-04;966.0
2017-07-04;963.0
2017-07-05;968.0
2017-07-05;968.0
2017-07-05;968.0
2017-07-05;968.0
2017-07-06;963.0
2017-07-06;966.0
2017-07-06;963.0
2017-07-06;960.0
2017-07-07;953.0
2017-07-07;955.0
2017-07-07;950.0
2017-07-07;953.0
2017-07-08;943.0
2017-07-08;945.0
2017-07-08;940.0
2017-07-08;943.0
2017-07-09;932.0
2017-07-09;932.0
2017-07-09;930.0
2017-07-09;934.0
2017-07-10;924.0
2017-07-10;923.0
2017-07-10;923.0
2017-07-10;921.0
2017-07-11;931.0
2017-07-11;927.0
2017-07-11;934.0
2017-07-11;931.0
2017-07-12;970.0
2017-07-12;953.0
2017-07-12;962.0
2017-07-12;962.0
2017-07-13;989.0
2017-07-13;992.0
2017-07-13;986.0
2017-07-13;989.0
2017-07-14;994.0
2017-07-14;994.0
2017-07-14;994.0
2017-07-14;994.0
2017-07-15;989.0
2017-07-15;989.0
2017-07-15;986.0
2017-07-15;991.0
2017-07-16;978.0
2017-07-16;970.0
2017-07-16;974.0
2017-07-16;974.0
2017-07-17;954.0
2017-07-17;960.0
2017-07-17;948.0
2017-07-17;954.0
2017-07-18;932.0
2017-07-18;928.0
2017-07-18;936.0
2017-07-18;932.0
2017-07-19;921.0
2017-07-19;921.0
2017-07-19;920.0
2017-07-19;921.0
2017-07-20;919.0
2017-07-20;919.0
2017-07-20;918.0
2017-07-20;919.0
2017-07-21;920.0
2017-07-21;920.0
2017-07-21;920.0
2017-07-21;919.0
2017-07-22;918.0
2017-07-22;917.0
2017-07-22;918.0
2017-07-22;919.0
2017-07-23;917.0
2017-07-23;915.0
2017-07-23;916.0
2017-07-23;916.0
2017-07-24;911.0
2017-07-24;912.0
2017-07-24;910.0
2017-07-24;911.0
2017-07-25;912.0
2017-07-25;912.0
2017-07-25;912.0
2017-07-25;911.0
2017-07-26;915.0
2017-07-26;913.0
2017-07-26;915.0
2017-07-26;916.0
2017-07-27;923.0
2017-07-27;921.0
2017-07-27;923.0
2017-07-27;924.0
2017-07-28;932.0
2017-07-28;934.0
2017-07-28;929.0
2017-07-28;932.0
2017-07-29;937.0
2017-07-29;943.0
2017-07-29;940.0
2017-07-29;940.0
2017-07-30;952.0
2017-07-30;954.0
2017-07-30;949.0
2017-07-30;952.0
2017-07-31;958.0
2017-07-31;957.0
2017-07-31;958.0
2017-07-31;958.0
2017-08-01;963.0
2017-08-01;965.0
2017-08-01;964.0
2017-08-01;964.0
2017-08-02;962.0
2017-08-02;963.0
2017-08-02;960.0
2017-08-02;962.0
2017-08-03;950.0
2017-08-03;954.0
2017-08-03;945.0
2017-08-03;950.0
2017-08-04;929.0
2017-08-04;924.0
2017-08-04;934.0
2017-08-04;929.0
2017-08-05;908.0
2017-08-05;903.0
2017-08-05;897.0
2017-08-05;903.0
2017-08-06;875.0
2017-08-06;885.0
2017-08-06;880.0
2017-08-06;880.0
2017-08-07;864.0
2017-08-07;860.0
2017-08-07;855.0
2017-08-07;860.0
2017-08-08;841.0
2017-08-08;836.0
2017-08-08;841.0
2017-08-08;846.0
2017-08-09;822.0
2017-08-09;818.0
2017-08-09;826.0
2017-08-09;822.0
2017-08-10;816.0
2017-08-10;819.0
2017-08-10;821.0
2017-08-10;819.0
2017-08-11;838.0
2017-08-11;841.0
2017-08-11;834.0
2017-08-11;838.0
2017-08-12;848.0
2017-08-12;846.0
2017-08-12;847.0
2017-08-12;847.0
2017-08-13;846.0
2017-08-13;846.0
2017-08-13;844.0
2017-08-13;848.0
2017-08-14;833.0
2017-08-14;827.0
2017-08-14;838.0
2017-08-14;833.0
2017-08-15;816.0
2017-08-15;811.0
2017-08-15;811.0
2017-08-15;806.0
2017-08-16;789.0
2017-08-16;789.0
2017-08-16;793.0
2017-08-16;784.0
2017-08-17;772.0
2017-08-17;769.0
2017-08-17;772.0
2017-08-17;774.0
2017-08-18;757.0
2017-08-18;760.0
2017-08-18;753.0
2017-08-18;757.0
2017-08-19;749.0
2017-08-19;751.0
2017-08-19;746.0
2017-08-19;749.0
2017-08-20;754.0
2017-08-20;753.0
2017-08-20;751.0
2017-08-20;753.0
2017-08-21;744.0
2017-08-21;749.0
2017-08-21;747.0
2017-08-21;747.0
2017-08-22;727.0
2017-08-22;730.0
2017-08-22;727.0
2017-08-22;724.0
2017-08-23;716.0
2017-08-23;714.0
2017-08-23;718.0
2017-08-23;716.0
2017-08-24;709.0
2017-08-24;710.0
2017-08-24;708.0
2017-08-24;709.0
2017-08-25;708.0
2017-08-25;707.0
2017-08-25;709.0
2017-08-25;708.0
2017-08-26;705.0
2017-08-26;705.0
2017-08-26;706.0
2017-08-26;704.0
2017-08-27;696.0
2017-08-27;696.0
2017-08-27;699.0
2017-08-27;692.0
2017-08-28;687.0
2017-08-28;685.0
2017-08-28;682.0
2017-08-28;685.0
2017-08-29;679.0
2017-08-29;680.0
2017-08-29;680.0
2017-08-29;680.0
2017-08-30;687.0
2017-08-30;689.0
2017-08-30;684.0
2017-08-30;687.0
2017-08-31;702.0
2017-08-31;702.0
2017-08-31;706.0
2017-08-31;698.0
2017-09-01;717.0
2017-09-01;720.0
2017-09-01;714.0
2017-09-01;717.0
2017-09-02;731.0
2017-09-02;728.0
2017-09-02;733.0
2017-09-02;731.0
2017-09-03;734.0
2017-09-03;735.0
2017-09-03;734.0
2017-09-03;732.0
2017-09-04;726.0
2017-09-04;723.0
2017-09-04;723.0
2017-09-04;719.0
2017-09-05;702.0
2017-09-05;706.0
2017-09-05;710.0
2017-09-05;706.0
2017-09-06;686.0
2017-09-06;692.0
2017-09-06;686.0
2017-09-06;680.0
2017-09-07;667.0
2017-09-07;669.0
2017-09-07;669.0
2017-09-07;671.0
2017-09-08;662.0
2017-09-08;663.0
2017-09-08;663.0
2017-09-08;663.0
2017-09-09;660.0
2017-09-09;659.0
2017-09-09;661.0
2017-09-09;660.0
2017-09-10;652.0
2017-09-10;648.0
2017-09-10;652.0
2017-09-10;655.0
2017-09-11;643.0
2017-09-11;641.0
2017-09-11;639.0
2017-09-11;641.0
2017-09-12;637.0
2017-09-12;636.0
2017-09-12;637.0
2017-09-12;637.0
2017-09-13;638.0
2017-09-13;639.0
2017-09-13;638.0
2017-09-13;636.0
2017-09-14;645.0
2017-09-14;646.0
2017-09-14;644.0
2017-09-14;645.0
2017-09-15;649.0
2017-09-15;649.0
2017-09-15;649.0
2017-09-15;649.0
2017-09-16;643.0
2017-09-16;643.0
2017-09-16;649.0
2017-09-16;637.0
2017-09-17;660.0
2017-09-17;654.0
2017-09-17;657.0
2017-09-17;657.0
2017-09-18;675.0
2017-09-18;680.0
2017-09-18;670.0
2017-09-18;675.0
2017-09-19;693.0
2017-09-19;711.0
2017-09-19;702.0
2017-09-19;702.0
2017-09-20;730.0
2017-09-20;737.0
2017-09-20;734.0
2017-09-20;734.0
2017-09-21;736.0
2017-09-21;738.0
2017-09-21;740.0
2017-09-21;738.0
2017-09-22;727.0
2017-09-22;720.0
2017-09-22;724.0
2017-09-22;724.0
2017-09-23;709.0
2017-09-23;706.0
2017-09-23;709.0
2017-09-23;712.0
2017-09-24;726.0
2017-09-24;715.0
2017-09-24;737.0
2017-09-24;726.0
2017-09-25;776.0
2017-09-25;771.0
2017-09-25;771.0
2017-09-25;766.0
2017-09-26;781.0
2017-09-26;782.0
2017-09-26;782.0
2017-09-26;782.0
2017-09-27;780.0
2017-09-27;778.0
2017-09-27;781.0
2017-09-27;780.0
2017-09-28;767.0
2017-09-28;767.0
2017-09-28;770.0
2017-09-28;764.0
2017-09-29;763.0
2017-09-29;762.0
2017-09-29;762.0
2017-09-29;761.0
2017-09-30;768.0
2017-09-30;768.0
2017-09-30;768.0
2017-09-30;767.0
2017-10-01;767.0
2017-10-01;768.0
2017-10-01;768.0
2017-10-01;768.0
2017-10-02;764.0
2017-10-02;765.0
2017-10-02;763.0
2017-10-02;764.0
2017-10-03;765.0
2017-10-03;762.0
2017-10-03;768.0
2017-10-03;765.0
2017-10-04;788.0
2017-10-04;788.0
2017-10-04;780.0
2017-10-04;795.0
2017-10-05;808.0
2017-10-05;805.0
2017-10-05;808.0
2017-10-05;810.0
2017-10-06;811.0
2017-10-06;812.0
2017-10-06;812.0
2017-10-06;812.0
2017-10-07;809.0
2017-10-07;808.0
2017-10-07;806.0
2017-10-07;808.0
2017-10-08;800.0
2017-10-08;801.0
2017-10-08;801.0
2017-10-08;802.0
2017-10-09;793.0
2017-10-09;793.0
2017-10-09;791.0
2017-10-09;795.0
2017-10-10;779.0
2017-10-10;782.0
2017-10-10;782.0
2017-10-10;785.0
2017-10-11;769.0
2017-10-11;766.0
2017-10-11;772.0
2017-10-11;769.0
2017-10-12;758.0
2017-10-12;758.0
2017-10-12;756.0
2017-10-12;760.0
2017-10-13;743.0
2017-10-13;754.0
2017-10-13;755.0
2017-10-13;755.0
2017-10-14;736.0
2017-10-14;757.0
2017-10-14;755.0
2017-10-14;756.0
2017-10-15;755.0
2017-10-15;730.0
2017-10-15;757.0
2017-10-15;756.0
2017-10-16;748.0
2017-10-16;726.0
2017-10-16;746.0
2017-10-16;749.0
2017-10-17;728.0
2017-10-17;748.0
2017-10-17;746.0
2017-10-17;750.0
2017-10-18;736.0
2017-10-18;766.0
2017-10-18;762.0
2017-10-18;758.0
2017-10-19;772.0
2017-10-19;743.0
2017-10-19;775.0
2017-10-19;774.0
2017-10-20;777.0
2017-10-20;778.0
2017-10-20;750.0
2017-10-20;778.0
2017-10-21;757.0
2017-10-21;780.0
2017-10-21;778.0
2017-10-21;779.0
2017-10-22;767.0
2017-10-22;792.0
2017-10-22;783.0
2017-10-22;788.0
2017-10-23;783.0
2017-10-23;814.0
2017-10-23;804.0
2017-10-23;809.0
2017-10-24;805.0
2017-10-24;839.0
2017-10-24;823.0
2017-10-24;831.0
2017-10-25;827.0
2017-10-25;868.0
2017-10-25;856.0
2017-10-25;862.0
2017-10-26;844.0
2017-10-26;892.0
2017-10-26;887.0
2017-10-26;890.0
2017-10-27;886.0
2017-10-27;848.0
2017-10-27;889.0
2017-10-27;892.0
2017-10-28;838.0
2017-10-28;872.0
2017-10-28;868.0
2017-10-28;876.0
2017-10-29;832.0
2017-10-29;860.0
2017-10-29;858.0
2017-10-29;861.0
2017-10-30;858.0
2017-10-30;860.0
2017-10-30;832.0
2017-10-30;859.0
2017-10-31;865.0
2017-10-31;863.0
2017-10-31;866.0
2017-10-31;832.0
2017-11-01;829.0
2017-11-01;866.0
2017-11-01;865.0
2017-11-01;864.0
2017-11-02;855.0
2017-11-02;857.0
2017-11-02;856.0
2017-11-02;824.0
2017-11-03;844.0
2017-11-03;847.0
2017-11-03;849.0
2017-11-03;814.0
2017-11-04;801.0
2017-11-04;834.0
2017-11-04;837.0
2017-11-04;830.0
2017-11-05;787.0
2017-11-05;814.0
2017-11-05;823.0
2017-11-05;819.0
2017-11-06;805.0
2017-11-06;802.0
2017-11-06;773.0
2017-11-06;798.0
2017-11-07;789.0
2017-11-07;758.0
2017-11-07;786.0
2017-11-07;782.0
2017-11-08;768.0
2017-11-08;772.0
2017-11-08;742.0
2017-11-08;764.0
2017-11-09;749.0
2017-11-09;752.0
2017-11-09;746.0
2017-11-09;727.0
2017-11-10;732.0
2017-11-10;735.0
2017-11-10;728.0
2017-11-10;709.0
2017-11-11;715.0
2017-11-11;718.0
2017-11-11;711.0
2017-11-11;696.0
2017-11-12;701.0
2017-11-12;688.0
2017-11-12;699.0
2017-11-12;697.0
2017-11-13;690.0
2017-11-13;689.0
2017-11-13;689.0
2017-11-13;688.0
2017-11-14;686.0
2017-11-14;688.0
2017-11-14;683.0
2017-11-14;686.0
2017-11-15;691.0
2017-11-15;691.0
2017-11-15;691.0
2017-11-15;691.0
2017-11-16;701.0
2017-11-16;701.0
2017-11-16;704.0
2017-11-16;697.0
2017-11-17;708.0
2017-11-17;708.0
2017-11-17;708.0
2017-11-17;708.0
2017-11-18;706.0
2017-11-18;704.0
2017-11-18;705.0
2017-11-18;705.0
2017-11-19;696.0
2017-11-19;694.0
2017-11-19;698.0
2017-11-19;696.0
2017-11-20;689.0
2017-11-20;689.0
2017-11-20;687.0
2017-11-20;690.0
2017-11-21;680.0
2017-11-21;678.0
2017-11-21;680.0
2017-11-21;682.0
2017-11-22;672.0
2017-11-22;670.0
2017-11-22;672.0
2017-11-22;674.0
2017-11-23;662.0
2017-11-23;659.0
2017-11-23;665.0
2017-11-23;662.0
2017-11-24;653.0
2017-11-24;654.0
2017-11-24;655.0
2017-11-24;654.0
2017-11-25;656.0
2017-11-25;656.0
2017-11-25;656.0
2017-11-25;655.0
2017-11-26;654.0
2017-11-26;653.0
2017-11-26;654.0
2017-11-26;654.0
2017-11-27;650.0
2017-11-27;648.0
2017-11-27;650.0
2017-11-27;651.0
2017-11-28;642.0
2017-11-28;642.0
2017-11-28;641.0
2017-11-28;643.0
2017-11-29;638.0
2017-11-29;637.0
2017-11-29;638.0
2017-11-29;639.0
2017-11-30;638.0
2017-11-30;636.0
2017-11-30;637.0
2017-11-30;637.0
2017-12-01;645.0
2017-12-01;646.0
2017-12-01;647.0
2017-12-01;646.0
2017-12-02;646.0
2017-12-02;645.0
2017-12-02;646.0
2017-12-02;646.0
2017-12-03;639.0
2017-12-03;640.0
2017-12-03;637.0
2017-12-03;639.0
2017-12-04;629.0
2017-12-04;631.0
2017-12-04;632.0
2017-12-04;631.0
2017-12-05;624.0
2017-12-05;625.0
2017-12-05;623.0
2017-12-05;624.0
2017-12-06;619.0
2017-12-06;621.0
2017-12-06;619.0
2017-12-06;616.0
2017-12-07;615.0
2017-12-07;615.0
2017-12-07;617.0
2017-12-07;612.0
2017-12-08;617.0
2017-12-08;618.0
2017-12-08;618.0
2017-12-08;618.0
2017-12-09;623.0
2017-12-09;620.0
2017-12-09;623.0
2017-12-09;626.0
2017-12-10;638.0
2017-12-10;638.0
2017-12-10;635.0
2017-12-10;640.0
2017-12-11;639.0
2017-12-11;637.0
2017-12-11;641.0
2017-12-11;639.0
2017-12-12;630.0
2017-12-12;622.0
2017-12-12;626.0
2017-12-12;626.0
2017-12-13;605.0
2017-12-13;609.0
2017-12-13;609.0
2017-12-13;612.0
2017-12-14;594.0
2017-12-14;590.0
2017-12-14;597.0
2017-12-14;594.0
2017-12-15;574.0
2017-12-15;565.0
2017-12-15;583.0
2017-12-15;574.0
2017-12-16;565.0
2017-12-16;565.0
2017-12-16;565.0
2017-12-16;565.0
2017-12-17;557.0
2017-12-17;559.0
2017-12-17;559.0
2017-12-17;560.0
2017-12-18;550.0
2017-12-18;552.0
2017-12-18;553.0
2017-12-18;552.0
2017-12-19;546.0
2017-12-19;545.0
2017-12-19;547.0
2017-12-19;546.0
2017-12-20;540.0
2017-12-20;542.0
2017-12-20;541.0
2017-12-20;541.0
2017-12-21;536.0
2017-12-21;536.0
2017-12-21;535.0
2017-12-21;536.0
2017-12-22;533.0
2017-12-22;533.0
2017-12-22;533.0
2017-12-22;532.0
2017-12-23;532.0
2017-12-23;531.0
2017-12-23;533.0
2017-12-23;532.0
2017-12-24;538.0
2017-12-24;539.0
2017-12-24;539.0
2017-12-24;539.0
2017-12-25;543.0
2017-12-25;544.0
2017-12-25;542.0
2017-12-25;543.0
2017-12-26;542.0
2017-12-26;540.0
2017-12-26;544.0
2017-12-26;542.0
2017-12-27;537.0
2017-12-27;538.0
2017-12-27;539.0
2017-12-27;538.0
2017-12-28;527.0
2017-12-28;530.0
2017-12-28;527.0
2017-12-28;524.0
2017-12-29;520.0
2017-12-29;518.0
2017-12-29;518.0
2017-12-29;516.0
2017-12-30;513.0
2017-12-30;513.0
2017-12-30;513.0
2017-12-30;513.0
2017-12-31;512.0
2017-12-31;514.0
2017-12-31;514.0
2017-12-31;515.0
2018-01-01;527.0
2018-01-01;532.0
2018-01-01;527.0
2018-01-01;522.0
2018-01-02;553.0
2018-01-02;564.0
2018-01-02;559.0
2018-01-02;559.0
2018-01-03;571.0
2018-01-03;571.0
2018-01-03;571.0
2018-01-03;570.0
2018-01-04;560.0
2018-01-04;555.0
2018-01-04;560.0
2018-01-04;564.0
2018-01-05;537.0
2018-01-05;545.0
2018-01-05;541.0
2018-01-05;541.0
2018-01-06;528.0
2018-01-06;527.0
2018-01-06;529.0
2018-01-06;528.0
2018-01-07;521.0
2018-01-07;522.0
2018-01-07;519.0
2018-01-07;521.0
2018-01-08;523.0
2018-01-08;521.0
2018-01-08;522.0
2018-01-08;522.0
2018-01-09;538.0
2018-01-09;535.0
2018-01-09;535.0
2018-01-09;531.0
2018-01-10;555.0
2018-01-10;562.0
2018-01-10;548.0
2018-01-10;555.0
2018-01-11;580.0
2018-01-11;591.0
2018-01-11;586.0
2018-01-11;586.0
2018-01-12;606.0
2018-01-12;602.0
2018-01-12;604.0
2018-01-12;604.0
2018-01-13;611.0
2018-01-13;608.0
2018-01-13;610.0
2018-01-13;610.0
2018-01-14;606.0
2018-01-14;606.0
2018-01-14;608.0
2018-01-14;604.0
2018-01-15;596.0
2018-01-15;598.0
2018-01-15;597.0
2018-01-15;597.0
2018-01-16;591.0
2018-01-16;590.0
2018-01-16;591.0
2018-01-16;592.0
2018-01-17;599.0
2018-01-17;599.0
2018-01-17;602.0
2018-01-17;595.0
2018-01-18;620.0
2018-01-18;618.0
2018-01-18;618.0
2018-01-18;615.0
2018-01-19;627.0
2018-01-19;628.0
2018-01-19;625.0
2018-01-19;627.0
2018-01-20;633.0
2018-01-20;630.0
2018-01-20;632.0
2018-01-20;632.0
2018-01-21;644.0
2018-01-21;650.0
2018-01-21;656.0
2018-01-21;650.0
2018-01-22;679.0
2018-01-22;685.0
2018-01-22;679.0
2018-01-22;672.0
2018-01-23;712.0
2018-01-23;707.0
2018-01-23;707.0
2018-01-23;702.0
2018-01-24;730.0
2018-01-24;735.0
2018-01-24;725.0
2018-01-24;730.0
2018-01-25;741.0
2018-01-25;741.0
2018-01-25;740.0
2018-01-25;741.0
2018-01-26;740.0
2018-01-26;739.0
2018-01-26;739.0
2018-01-26;737.0
2018-01-27;731.0
2018-01-27;735.0
2018-01-27;733.0
2018-01-27;733.0
2018-01-28;722.0
2018-01-28;722.0
2018-01-28;724.0
2018-01-28;720.0
2018-01-29;713.0
2018-01-29;714.0
2018-01-29;711.0
2018-01-29;713.0
2018-01-30;704.0
2018-01-30;701.0
2018-01-30;701.0
2018-01-30;698.0
2018-01-31;691.0
2018-01-31;691.0
2018-01-31;691.0
2018-01-31;690.0
2018-02-01;682.0
2018-02-01;685.0
2018-02-01;679.0
2018-02-01;682.0
2018-02-02;669.0
2018-02-02;671.0
2018-02-02;671.0
2018-02-02;673.0
2018-02-03;666.0
2018-02-03;668.0
2018-02-03;667.0
2018-02-03;667.0
2018-02-04;655.0
2018-02-04;662.0
2018-02-04;659.0
2018-02-04;659.0
2018-02-05;637.0
2018-02-05;643.0
2018-02-05;648.0
2018-02-05;643.0
2018-02-06;622.0
2018-02-06;633.0
2018-02-06;611.0
2018-02-06;622.0
2018-02-07;587.0
2018-02-07;587.0
2018-02-07;594.0
2018-02-07;580.0
2018-02-08;567.0
2018-02-08;562.0
2018-02-08;562.0
2018-02-08;556.0
2018-02-09;536.0
2018-02-09;547.0
2018-02-09;542.0
2018-02-09;542.0
2018-02-10;523.0
2018-02-10;519.0
2018-02-10;527.0
2018-02-10;523.0
2018-02-11;510.0
2018-02-11;508.0
2018-02-11;512.0
2018-02-11;510.0
2018-02-12;500.0
2018-02-12;499.0
2018-02-12;500.0
2018-02-12;500.0
2018-02-13;492.0
2018-02-13;494.0
2018-02-13;490.0
2018-02-13;492.0
2018-02-14;480.0
2018-02-14;484.0
2018-02-14;482.0
2018-02-14;482.0
2018-02-15;472.0
2018-02-15;472.0
2018-02-15;470.0
2018-02-15;474.0
2018-02-16;466.0
2018-02-16;464.0
2018-02-16;464.0
2018-02-16;462.0
2018-02-17;466.0
2018-02-17;468.0
2018-02-17;466.0
2018-02-17;463.0
2018-02-18;476.0
2018-02-18;474.0
2018-02-18;474.0
2018-02-18;472.0
2018-02-19;483.0
2018-02-19;486.0
2018-02-19;486.0
2018-02-19;489.0
2018-02-20;491.0
2018-02-20;492.0
2018-02-20;489.0
2018-02-20;491.0
2018-02-21;482.0
2018-02-21;485.0
2018-02-21;482.0
2018-02-21;479.0
2018-02-22;471.0
2018-02-22;468.0
2018-02-22;468.0
2018-02-22;464.0
2018-02-23;454.0
2018-02-23;454.0
2018-02-23;457.0
2018-02-23;451.0
2018-02-24;442.0
2018-02-24;445.0
2018-02-24;439.0
2018-02-24;442.0
2018-02-25;430.0
2018-02-25;432.0
2018-02-25;434.0
2018-02-25;432.0
2018-02-26;424.0
2018-02-26;422.0
2018-02-26;426.0
2018-02-26;424.0
2018-02-27;417.0
2018-02-27;419.0
2018-02-27;415.0
2018-02-27;417.0
2018-02-28;412.0
2018-02-28;410.0
2018-02-28;413.0
2018-02-28;412.0
2018-03-01;407.0
2018-03-01;408.0
2018-03-01;407.0
2018-03-01;406.0
2018-03-02;406.0
2018-03-02;406.0
2018-03-02;406.0
2018-03-02;406.0
2018-03-03;405.0
2018-03-03;405.0
2018-03-03;405.0
2018-03-03;405.0
2018-03-04;407.0
2018-03-04;407.0
2018-03-04;406.0
2018-03-04;407.0
2018-03-05;410.0
2018-03-05;410.0
2018-03-05;409.0
2018-03-05;411.0
2018-03-06;413.0
2018-03-06;411.0
2018-03-06;414.0
2018-03-06;413.0
2018-03-07;423.0
2018-03-07;427.0
2018-03-07;419.0
2018-03-07;423.0
2018-03-08;439.0
2018-03-08;441.0
2018-03-08;437.0
2018-03-08;439.0
2018-03-09;445.0
2018-03-09;445.0
2018-03-09;445.0
2018-03-09;445.0
2018-03-10;444.0
2018-03-10;445.0
2018-03-10;442.0
2018-03-10;444.0
2018-03-11;438.0
2018-03-11;439.0
2018-03-11;440.0
2018-03-11;439.0
2018-03-12;435.0
2018-03-12;433.0
2018-03-12;433.0
2018-03-12;431.0
2018-03-13;423.0
2018-03-13;427.0
2018-03-13;425.0
2018-03-13;425.0
2018-03-14;419.0
2018-03-14;419.0
2018-03-14;416.0
2018-03-14;421.0
2018-03-15;410.0
2018-03-15;413.0
2018-03-15;412.0
2018-03-15;412.0
2018-03-16;406.0
2018-03-16;407.0
2018-03-16;406.0
2018-03-16;405.0
2018-03-17;402.0
2018-03-17;403.0
2018-03-17;401.0
2018-03-17;402.0
2018-03-18;403.0
2018-03-18;401.0
2018-03-18;404.0
2018-03-18;403.0
2018-03-19;429.0
2018-03-19;414.0
2018-03-19;422.0
2018-03-19;422.0
2018-03-20;455.0
2018-03-20;450.0
2018-03-20;460.0
2018-03-20;455.0
2018-03-21;465.0
2018-03-21;468.0
2018-03-21;470.0
2018-03-21;468.0
2018-03-22;486.0
2018-03-22;482.0
2018-03-22;477.0
2018-03-22;482.0
2018-03-23;505.0
2018-03-23;510.0
2018-03-23;500.0
2018-03-23;505.0
2018-03-24;540.0
2018-03-24;547.0
2018-03-24;540.0
2018-03-24;532.0
2018-03-25;577.0
2018-03-25;582.0
2018-03-25;571.0
2018-03-25;577.0
2018-03-26;596.0
2018-03-26;593.0
2018-03-26;599.0
2018-03-26;596.0
2018-03-27;597.0
2018-03-27;597.0
2018-03-27;599.0
2018-03-27;595.0
2018-03-28;613.0
2018-03-28;608.0
2018-03-28;603.0
2018-03-28;608.0
2018-03-29;633.0
2018-03-29;640.0
2018-03-29;626.0
2018-03-29;633.0
2018-03-30;680.0
2018-03-30;673.0
2018-03-30;665.0
2018-03-30;673.0
2018-03-31;709.0
2018-03-31;709.0
2018-03-31;704.0
2018-03-31;714.0
2018-04-01;720.0
2018-04-01;720.0
2018-04-01;720.0
2018-04-01;720.0
2018-04-02;713.0
2018-04-02;710.0
2018-04-02;715.0
2018-04-02;713.0
2018-04-03;701.0
2018-04-03;704.0
2018-04-03;697.0
2018-04-03;701.0
2018-04-04;704.0
2018-04-04;707.0
2018-04-04;707.0
2018-04-04;710.0
2018-04-05;721.0
2018-04-05;717.0
2018-04-05;719.0
2018-04-05;719.0
2018-04-06;724.0
2018-04-06;724.0
2018-04-06;724.0
2018-04-06;724.0
2018-04-07;717.0
2018-04-07;720.0
2018-04-07;722.0
2018-04-07;720.0
2018-04-08;708.0
2018-04-08;710.0
2018-04-08;706.0
2018-04-08;708.0
2018-04-09;699.0
2018-04-09;696.0
2018-04-09;702.0
2018-04-09;699.0
2018-04-10;688.0
2018-04-10;690.0
2018-04-10;686.0
2018-04-10;688.0
2018-04-11;682.0
2018-04-11;683.0
2018-04-11;680.0
2018-04-11;682.0
2018-04-12;681.0
2018-04-12;679.0
2018-04-12;679.0
2018-04-12;676.0
2018-04-13;693.0
2018-04-13;695.0
2018-04-13;690.0
2018-04-13;693.0
2018-04-14;714.0
2018-04-14;706.0
2018-04-14;714.0
2018-04-14;722.0
2018-04-15;770.0
2018-04-15;749.0
2018-04-15;760.0
2018-04-15;760.0
2018-04-16;792.0
2018-04-16;796.0
2018-04-16;788.0
2018-04-16;792.0
2018-04-17;812.0
2018-04-17;809.0
2018-04-17;815.0
2018-04-17;812.0
2018-04-18;831.0
2018-04-18;835.0
2018-04-18;827.0
2018-04-18;831.0
2018-04-19;842.0
2018-04-19;844.0
2018-04-19;845.0
2018-04-19;844.0
2018-04-20;846.0
2018-04-20;846.0
2018-04-20;846.0
2018-04-20;846.0
2018-04-21;864.0
2018-04-21;868.0
2018-04-21;860.0
2018-04-21;864.0
2018-04-22;879.0
2018-04-22;881.0
2018-04-22;880.0
2018-04-22;880.0
2018-04-23;880.0
2018-04-23;879.0
2018-04-23;877.0
2018-04-23;879.0
2018-04-24;877.0
2018-04-24;876.0
2018-04-24;877.0
2018-04-24;877.0
2018-04-25;880.0
2018-04-25;877.0
2018-04-25;882.0
2018-04-25;880.0
2018-04-26;896.0
2018-04-26;900.0
2018-04-26;896.0
2018-04-26;892.0
2018-04-27;933.0
2018-04-27;920.0
2018-04-27;933.0
2018-04-27;946.0
2018-04-28;972.0
2018-04-28;978.0
2018-04-28;983.0
2018-04-28;978.0
2018-04-29;1010.0
2018-04-29;1005.0
2018-04-29;1005.0
2018-04-29;1000.0
2018-04-30;1077.0
2018-04-30;1094.0
2018-04-30;1060.0
2018-04-30;1077.0
2018-05-01;1138.0
2018-05-01;1149.0
2018-05-01;1127.0
2018-05-01;1138.0
2018-05-02;1171.0
2018-05-02;1167.0
2018-05-02;1174.0
2018-05-02;1171.0
2018-05-03;1176.0
2018-05-03;1176.0
2018-05-03;1176.0
2018-05-03;1176.0
2018-05-04;1164.0
2018-05-04;1168.0
2018-05-04;1171.0
2018-05-04;1168.0
2018-05-05;1148.0
2018-05-05;1143.0
2018-05-05;1153.0
2018-05-05;1148.0
2018-05-06;1122.0
2018-05-06;1120.0
2018-05-06;1122.0
2018-05-06;1123.0
2018-05-07;1100.0
2018-05-07;1095.0
2018-05-07;1105.0
2018-05-07;1100.0
2018-05-08;1096.0
2018-05-08;1096.0
2018-05-08;1097.0
2018-05-08;1094.0
2018-05-09;1100.0
2018-05-09;1100.0
2018-05-09;1099.0
2018-05-09;1100.0
2018-05-10;1107.0
2018-05-10;1109.0
2018-05-10;1111.0
2018-05-10;1109.0
2018-05-11;1112.0
2018-05-11;1113.0
2018-05-11;1110.0
2018-05-11;1112.0
2018-05-12;1103.0
2018-05-12;1105.0
2018-05-12;1100.0
2018-05-12;1103.0
2018-05-13;1090.0
2018-05-13;1094.0
2018-05-13;1098.0
2018-05-13;1094.0
2018-05-14;1086.0
2018-05-14;1087.0
2018-05-14;1085.0
2018-05-14;1086.0
2018-05-15;1081.0
2018-05-15;1083.0
2018-05-15;1078.0
2018-05-15;1081.0
2018-05-16;1064.0
2018-05-16;1064.0
2018-05-16;1060.0
2018-05-16;1068.0
2018-05-17;1042.0
2018-05-17;1038.0
2018-05-17;1042.0
2018-05-17;1046.0
2018-05-18;1021.0
2018-05-18;1021.0
2018-05-18;1017.0
2018-05-18;1024.0
2018-05-19;1002.0
2018-05-19;997.0
2018-05-19;1006.0
2018-05-19;1002.0
2018-05-20;984.0
2018-05-20;981.0
2018-05-20;981.0
2018-05-20;977.0
2018-05-21;960.0
2018-05-21;954.0
2018-05-21;965.0
2018-05-21;960.0
2018-05-22;935.0
2018-05-22;943.0
2018-05-22;939.0
2018-05-22;939.0
2018-05-23;924.0
2018-05-23;923.0
2018-05-23;924.0
2018-05-23;925.0
2018-05-24;916.0
2018-05-24;916.0
2018-05-24;916.0
2018-05-24;916.0
2018-05-25;926.0
2018-05-25;926.0
2018-05-25;932.0
2018-05-25;919.0
2018-05-26;954.0
2018-05-26;960.0
2018-05-26;957.0
2018-05-26;957.0
2018-05-27;961.0
2018-05-27;959.0
2018-05-27;961.0
2018-05-27;962.0
2018-05-28;972.0
2018-05-28;974.0
2018-05-28;969.0
2018-05-28;972.0
2018-05-29;982.0
2018-05-29;980.0
2018-05-29;981.0
2018-05-29;981.0
2018-05-30;982.0
2018-05-30;982.0
2018-05-30;982.0
2018-05-30;982.0
2018-05-31;988.0
2018-05-31;991.0
2018-05-31;985.0
2018-05-31;988.0
2018-06-01;1005.0
2018-06-01;1003.0
2018-06-01;1000.0
2018-06-01;1003.0
2018-06-02;1020.0
2018-06-02;1016.0
2018-06-02;1024.0
2018-06-02;1020.0
2018-06-03;1040.0
2018-06-03;1038.0
2018-06-03;1042.0
2018-06-03;1040.0
2018-06-04;1048.0
2018-06-04;1045.0
2018-06-04;1050.0
2018-06-04;1048.0
2018-06-05;1054.0
2018-06-05;1050.0
2018-06-05;1052.0
2018-06-05;1052.0
2018-06-06;1064.0
2018-06-06;1061.0
2018-06-06;1067.0
2018-06-06;1064.0
2018-06-07;1076.0
2018-06-07;1077.0
2018-06-07;1075.0
2018-06-07;1076.0
2018-06-08;1079.0
2018-06-08;1078.0
2018-06-08;1079.0
2018-06-08;1079.0
2018-06-09;1072.0
2018-06-09;1070.0
2018-06-09;1074.0
2018-06-09;1072.0
2018-06-10;1063.0
2018-06-10;1064.0
2018-06-10;1064.0
2018-06-10;1065.0
2018-06-11;1063.0
2018-06-11;1063.0
2018-06-11;1064.0
2018-06-11;1062.0
2018-06-12;1057.0
2018-06-12;1055.0
2018-06-12;1059.0
2018-06-12;1057.0
2018-06-13;1048.0
2018-06-13;1050.0
2018-06-13;1048.0
2018-06-13;1046.0
2018-06-14;1039.0
2018-06-14;1037.0
2018-06-14;1041.0
2018-06-14;1039.0
2018-06-15;1032.0
2018-06-15;1033.0
2018-06-15;1030.0
2018-06-15;1032.0
2018-06-16;1028.0
2018-06-16;1028.0
2018-06-16;1029.0
2018-06-16;1027.0
2018-06-17;1037.0
2018-06-17;1037.0
2018-06-17;1034.0
2018-06-17;1039.0
2018-06-18;1046.0
2018-06-18;1046.0
2018-06-18;1047.0
2018-06-18;1045.0
2018-06-19;1046.0
2018-06-19;1047.0
2018-06-19;1046.0
2018-06-19;1044.0
2018-06-20;1037.0
2018-06-20;1039.0
2018-06-20;1034.0
2018-06-20;1037.0
2018-06-21;1026.0
2018-06-21;1027.0
2018-06-21;1028.0
2018-06-21;1027.0
2018-06-22;1025.0
2018-06-22;1025.0
2018-06-22;1025.0
2018-06-22;1025.0
2018-06-23;1040.0
2018-06-23;1040.0
2018-06-23;1036.0
2018-06-23;1044.0
2018-06-24;1048.0
2018-06-24;1048.0
2018-06-24;1048.0
2018-06-24;1048.0
2018-06-25;1042.0
2018-06-25;1044.0
2018-06-25;1039.0
2018-06-25;1042.0
2018-06-26;1033.0
2018-06-26;1030.0
2018-06-26;1030.0
2018-06-26;1026.0
2018-06-27;1024.0
2018-06-27;1026.0
2018-06-27;1021.0
2018-06-27;1024.0
2018-06-28;1046.0
2018-06-28;1046.0
2018-06-28;1041.0
2018-06-28;1051.0
2018-06-29;1069.0
2018-06-29;1074.0
2018-06-29;1074.0
2018-06-29;1079.0
2018-06-30;1097.0
2018-06-30;1094.0
2018-06-30;1090.0
2018-06-30;1094.0
2018-07-01;1109.0
2018-07-01;1114.0
2018-07-01;1112.0
2018-07-01;1112.0
2018-07-02;1119.0
2018-07-02;1121.0
2018-07-02;1122.0
2018-07-02;1121.0
2018-07-03;1126.0
2018-07-03;1126.0
2018-07-03;1125.0
2018-07-03;1126.0
2018-07-04;1121.0
2018-07-04;1119.0
2018-07-04;1121.0
2018-07-04;1123.0
2018-07-05;1111.0
2018-07-05;1115.0
2018-07-05;1107.0
2018-07-05;1111.0
2018-07-06;1099.0
2018-07-06;1097.0
2018-07-06;1099.0
2018-07-06;1101.0
2018-07-07;1088.0
2018-07-07;1086.0
2018-07-07;1090.0
2018-07-07;1088.0
2018-07-08;1083.0
2018-07-08;1083.0
2018-07-08;1083.0
2018-07-08;1083.0
2018-07-09;1086.0
2018-07-09;1086.0
2018-07-09;1086.0
2018-07-09;1086.0
2018-07-10;1080.0
2018-07-10;1082.0
2018-07-10;1083.0
2018-07-10;1082.0
2018-07-11;1075.0
2018-07-11;1073.0
2018-07-11;1076.0
2018-07-11;1075.0
2018-07-12;1068.0
2018-07-12;1070.0
2018-07-12;1065.0
2018-07-12;1068.0
2018-07-13;1057.0
2018-07-13;1060.0
2018-07-13;1060.0
2018-07-13;1062.0
2018-07-14;1047.0
2018-07-14;1050.0
2018-07-14;1044.0
2018-07-14;1047.0
2018-07-15;1034.0
2018-07-15;1030.0
2018-07-15;1026.0
2018-07-15;1030.0
2018-07-16;1012.0
2018-07-16;1016.0
2018-07-16;1008.0
2018-07-16;1012.0
2018-07-17;1004.0
2018-07-17;1004.0
2018-07-17;1004.0
2018-07-17;1004.0
2018-07-18;1011.0
2018-07-18;1002.0
2018-07-18;1020.0
2018-07-18;1011.0
2018-07-19;1051.0
2018-07-19;1037.0
2018-07-19;1051.0
2018-07-19;1065.0
2018-07-20;1082.0
2018-07-20;1080.0
2018-07-20;1080.0
2018-07-20;1078.0
2018-07-21;1096.0
2018-07-21;1099.0
2018-07-21;1092.0
2018-07-21;1096.0
2018-07-22;1178.0
2018-07-22;1175.0
2018-07-22;1180.0
2018-07-22;1099.0
2018-07-23;1155.0
2018-07-23;1103.0
2018-07-23;1135.0
2018-07-23;1145.0
2018-07-24;1106.0
2018-07-24;1106.0
2018-07-24;1106.0
2018-07-24;1106.0
2018-07-25;1105.0
2018-07-25;1105.0
2018-07-25;1105.0
2018-07-25;1104.0
2018-07-26;1105.0
2018-07-26;1107.0
2018-07-26;1109.0
2018-07-26;1107.0
2018-07-27;1108.0
2018-07-27;1108.0
2018-07-27;1107.0
2018-07-27;1108.0
2018-07-28;1106.0
2018-07-28;1105.0
2018-07-28;1106.0
2018-07-28;1106.0
2018-07-29;1105.0
2018-07-29;1104.0
2018-07-29;1105.0
2018-07-29;1105.0
2018-07-30;1103.0
2018-07-30;1103.0
2018-07-30;1103.0
2018-07-30;1103.0
2018-07-31;1102.0
2018-07-31;1102.0
2018-07-31;1102.0
2018-07-31;1102.0
2018-08-01;1106.0
2018-08-01;1108.0
2018-08-01;1107.0
2018-08-01;1107.0
2018-08-02;1108.0
2018-08-02;1111.0
2018-08-02;1111.0
2018-08-02;1114.0
2018-08-03;1111.0
2018-08-03;1110.0
2018-08-03;1111.0
2018-08-03;1111.0
2018-08-04;1109.0
2018-08-04;1109.0
2018-08-04;1109.0
2018-08-04;1109.0
2018-08-05;1108.0
2018-08-05;1107.0
2018-08-05;1108.0
2018-08-05;1108.0
2018-08-06;1098.0
2018-08-06;1095.0
2018-08-06;1101.0
2018-08-06;1098.0
2018-08-07;1087.0
2018-08-07;1078.0
2018-08-07;1083.0
2018-08-07;1083.0
2018-08-08;1064.0
2018-08-08;1068.0
2018-08-08;1068.0
2018-08-08;1071.0
2018-08-09;1059.0
2018-08-09;1059.0
2018-08-09;1058.0
2018-08-09;1060.0
2018-08-10;1054.0
2018-08-10;1053.0
2018-08-10;1054.0
2018-08-10;1055.0
2018-08-11;1049.0
2018-08-11;1048.0
2018-08-11;1049.0
2018-08-11;1050.0
2018-08-12;1045.0
2018-08-12;1044.0
2018-08-12;1046.0
2018-08-12;1045.0
2018-08-13;1040.0
2018-08-13;1042.0
2018-08-13;1037.0
2018-08-13;1040.0
2018-08-14;1033.0
2018-08-14;1035.0
2018-08-14;1034.0
2018-08-14;1034.0
2018-08-15;1022.0
2018-08-15;1026.0
2018-08-15;1029.0
2018-08-15;1026.0
2018-08-16;1008.0
2018-08-16;1008.0
2018-08-16;1004.0
2018-08-16;1011.0
2018-08-17;993.0
2018-08-17;1002.0
2018-08-17;998.0
2018-08-17;998.0
2018-08-18;980.0
2018-08-18;986.0
2018-08-18;983.0
2018-08-18;983.0
2018-08-19;999.0
2018-08-19;999.0
2018-08-19;994.0
2018-08-19;1003.0
2018-08-20;1015.0
2018-08-20;1018.0
2018-08-20;1017.0
2018-08-20;1017.0
2018-08-21;1024.0
2018-08-21;1024.0
2018-08-21;1022.0
2018-08-21;1026.0
2018-08-22;1028.0
2018-08-22;1027.0
2018-08-22;1028.0
2018-08-22;1028.0
2018-08-23;1020.0
2018-08-23;1020.0
2018-08-23;1022.0
2018-08-23;1018.0
2018-08-24;1002.0
2018-08-24;1010.0
2018-08-24;1006.0
2018-08-24;1006.0
2018-08-25;1001.0
2018-08-25;1001.0
2018-08-25;1001.0
2018-08-25;1001.0
2018-08-26;999.0
2018-08-26;999.0
2018-08-26;999.0
2018-08-26;998.0
2018-08-27;998.0
2018-08-27;998.0
2018-08-27;998.0
2018-08-27;998.0
2018-08-28;995.0
2018-08-28;994.0
2018-08-28;996.0
2018-08-28;995.0
2018-08-29;988.0
2018-08-29;990.0
2018-08-29;986.0
2018-08-29;988.0
2018-08-30;986.0
2018-08-30;987.0
2018-08-30;987.0
2018-08-30;988.0
2018-08-31;979.0
2018-08-31;979.0
2018-08-31;982.0
2018-08-31;976.0
2018-09-01;960.0
2018-09-01;966.0
2018-09-01;954.0
2018-09-01;960.0
2018-09-02;939.0
2018-09-02;934.0
2018-09-02;929.0
2018-09-02;934.0
2018-09-03;915.0
2018-09-03;917.0
2018-09-03;919.0
2018-09-03;917.0
2018-09-04;909.0
2018-09-04;909.0
2018-09-04;908.0
2018-09-04;909.0
2018-09-05;911.0
2018-09-05;910.0
2018-09-05;911.0
2018-09-05;911.0
2018-09-06;917.0
2018-09-06;917.0
2018-09-06;915.0
2018-09-06;918.0
2018-09-07;918.0
2018-09-07;920.0
2018-09-07;919.0
2018-09-07;919.0
2018-09-08;916.0
2018-09-08;914.0
2018-09-08;916.0
2018-09-08;917.0
2018-09-09;914.0
2018-09-09;914.0
2018-09-09;914.0
2018-09-09;913.0
2018-09-10;905.0
2018-09-10;907.0
2018-09-10;907.0
2018-09-10;909.0
2018-09-11;902.0
2018-09-11;902.0
2018-09-11;900.0
2018-09-11;904.0
2018-09-12;892.0
2018-09-12;894.0
2018-09-12;890.0
2018-09-12;892.0
2018-09-13;880.0
2018-09-13;883.0
2018-09-13;883.0
2018-09-13;886.0
2018-09-14;870.0
2018-09-14;870.0
2018-09-14;869.0
2018-09-14;870.0
2018-09-15;876.0
2018-09-15;879.0
2018-09-15;872.0
2018-09-15;876.0
2018-09-16;882.0
2018-09-16;882.0
2018-09-16;882.0
2018-09-16;881.0
2018-09-17;873.0
2018-09-17;871.0
2018-09-17;875.0
2018-09-17;873.0
2018-09-18;874.0
2018-09-18;874.0
2018-09-18;874.0
2018-09-18;874.0
2018-09-19;869.0
2018-09-19;871.0
2018-09-19;866.0
2018-09-19;869.0
2018-09-20;856.0
2018-09-20;852.0
2018-09-20;859.0
2018-09-20;856.0
2018-09-21;840.0
2018-09-21;841.0
2018-09-21;842.0
2018-09-21;841.0
2018-09-22;841.0
2018-09-22;841.0
2018-09-22;841.0
2018-09-22;841.0
2018-09-23;841.0
2018-09-23;841.0
2018-09-23;840.0
2018-09-23;841.0
2018-09-24;838.0
2018-09-24;839.0
2018-09-24;836.0
2018-09-24;838.0
2018-09-25;831.0
2018-09-25;833.0
2018-09-25;829.0
2018-09-25;831.0
2018-09-26;821.0
2018-09-26;818.0
2018-09-26;823.0
2018-09-26;821.0
2018-09-27;806.0
2018-09-27;809.0
2018-09-27;811.0
2018-09-27;809.0
2018-09-28;795.0
2018-09-28;791.0
2018-09-28;795.0
2018-09-28;798.0
2018-09-29;784.0
2018-09-29;785.0
2018-09-29;785.0
2018-09-29;786.0
2018-09-30;769.0
2018-09-30;766.0
2018-09-30;772.0
2018-09-30;769.0
2018-10-01;762.0
2018-10-01;759.0
2018-10-01;761.0
2018-10-01;761.0
2018-10-02;755.0
2018-10-02;756.0
2018-10-02;753.0
2018-10-02;755.0
2018-10-03;742.0
2018-10-03;745.0
2018-10-03;738.0
2018-10-03;742.0
2018-10-04;721.0
2018-10-04;726.0
2018-10-04;726.0
2018-10-04;730.0
2018-10-05;709.0
2018-10-05;709.0
2018-10-05;710.0
2018-10-05;708.0
2018-10-06;706.0
2018-10-06;706.0
2018-10-06;706.0
2018-10-06;705.0
2018-10-07;706.0
2018-10-07;706.0
2018-10-07;705.0
2018-10-07;706.0
2018-10-08;703.0
2018-10-08;702.0
2018-10-08;703.0
2018-10-08;704.0
2018-10-09;699.0
2018-10-09;698.0
2018-10-09;699.0
2018-10-09;699.0
2018-10-10;695.0
2018-10-10;695.0
2018-10-10;695.0
2018-10-10;695.0
2018-10-11;695.0
2018-10-11;695.0
2018-10-11;694.0
2018-10-11;696.0
2018-10-12;694.0
2018-10-12;693.0
2018-10-12;695.0
2018-10-12;694.0
2018-10-13;690.0
2018-10-13;690.0
2018-10-13;688.0
2018-10-13;691.0
2018-10-14;682.0
2018-10-14;680.0
2018-10-14;683.0
2018-10-14;682.0
2018-10-15;680.0
2018-10-15;678.0
2018-10-15;682.0
2018-10-15;680.0
2018-10-16;696.0
2018-10-16;696.0
2018-10-16;693.0
2018-10-16;698.0
2018-10-17;700.0
2018-10-17;700.0
2018-10-17;700.0
2018-10-17;700.0
2018-10-18;697.0
2018-10-18;696.0
2018-10-18;694.0
2018-10-18;696.0
2018-10-19;688.0
2018-10-19;688.0
2018-10-19;686.0
2018-10-19;690.0
2018-10-20;680.0
2018-10-20;678.0
2018-10-20;679.0
2018-10-20;679.0
2018-10-21;683.0
2018-10-21;689.0
2018-10-21;683.0
2018-10-21;677.0
2018-10-22;705.0
2018-10-22;703.0
2018-10-22;703.0
2018-10-22;701.0
2018-10-23;705.0
2018-10-23;703.0
2018-10-23;701.0
2018-10-23;703.0
2018-10-24;698.0
2018-10-24;699.0
2018-10-24;700.0
2018-10-24;699.0
2018-10-25;705.0
2018-10-25;705.0
2018-10-25;705.0
2018-10-25;704.0
2018-10-26;709.0
2018-10-26;708.0
2018-10-26;709.0
2018-10-26;709.0
2018-10-27;711.0
2018-10-27;711.0
2018-10-27;711.0
2018-10-27;711.0
2018-10-28;716.0
2018-10-28;711.0
2018-10-28;720.0
2018-10-28;716.0
2018-10-29;743.0
2018-10-29;738.0
2018-10-29;748.0
2018-10-29;743.0
2018-10-30;763.0
2018-10-30;760.0
2018-10-30;766.0
2018-10-30;763.0
2018-10-31;769.0
2018-10-31;771.0
2018-10-31;769.0
2018-10-31;767.0
2018-11-01;767.0
2018-11-01;769.0
2018-11-01;767.0
2018-11-01;764.0
2018-11-02;753.0
2018-11-02;750.0
2018-11-02;755.0
2018-11-02;753.0
2018-11-03;742.0
2018-11-03;742.0
2018-11-03;739.0
2018-11-03;744.0
2018-11-04;730.0
2018-11-04;733.0
2018-11-04;730.0
2018-11-04;727.0
2018-11-05;722.0
2018-11-05;717.0
2018-11-05;712.0
2018-11-05;717.0
2018-11-06;700.0
2018-11-06;697.0
2018-11-06;702.0
2018-11-06;700.0
2018-11-07;681.0
2018-11-07;689.0
2018-11-07;685.0
2018-11-07;685.0
2018-11-08;673.0
2018-11-08;671.0
2018-11-08;674.0
2018-11-08;673.0
2018-11-09;667.0
2018-11-09;666.0
2018-11-09;668.0
2018-11-09;667.0
2018-11-10;668.0
2018-11-10;666.0
2018-11-10;670.0
2018-11-10;668.0
2018-11-11;687.0
2018-11-11;680.0
2018-11-11;694.0
2018-11-11;687.0
2018-11-12;707.0
2018-11-12;707.0
2018-11-12;710.0
2018-11-12;704.0
2018-11-13;714.0
2018-11-13;714.0
2018-11-13;714.0
2018-11-13;714.0
2018-11-14;709.0
2018-11-14;710.0
2018-11-14;708.0
2018-11-14;709.0
2018-11-15;702.0
2018-11-15;702.0
2018-11-15;702.0
2018-11-15;702.0
2018-11-16;696.0
2018-11-16;698.0
2018-11-16;697.0
2018-11-16;697.0
2018-11-17;693.0
2018-11-17;692.0
2018-11-17;694.0
2018-11-17;693.0
2018-11-18;690.0
2018-11-18;692.0
2018-11-18;691.0
2018-11-18;691.0
2018-11-19;690.0
2018-11-19;690.0
2018-11-19;690.0
2018-11-19;690.0
2018-11-20;694.0
2018-11-20;696.0
2018-11-20;694.0
2018-11-20;692.0
2018-11-21;736.0
2018-11-21;708.0
2018-11-21;722.0
2018-11-21;722.0
2018-11-22;764.0
2018-11-22;760.0
2018-11-22;768.0
2018-11-22;764.0
2018-11-23;768.0
2018-11-23;768.0
2018-11-23;768.0
2018-11-23;768.0
2018-11-24;764.0
2018-11-24;764.0
2018-11-24;766.0
2018-11-24;762.0
2018-11-25;746.0
2018-11-25;754.0
2018-11-25;750.0
2018-11-25;750.0
2018-11-26;733.0
2018-11-26;736.0
2018-11-26;730.0
2018-11-26;733.0
2018-11-27;721.0
2018-11-27;722.0
2018-11-27;721.0
2018-11-27;720.0
2018-11-28;718.0
2018-11-28;718.0
2018-11-28;718.0
2018-11-28;718.0
2018-11-29;721.0
2018-11-29;720.0
2018-11-29;722.0
2018-11-29;721.0
2018-11-30;728.0
2018-11-30;724.0
2018-11-30;726.0
2018-11-30;726.0
2018-12-01;736.0
2018-12-01;736.0
2018-12-01;738.0
2018-12-01;734.0
2018-12-02;740.0
2018-12-02;740.0
2018-12-02;740.0
2018-12-02;740.0
2018-12-03;736.0
2018-12-03;738.0
2018-12-03;734.0
2018-12-03;736.0
2018-12-04;722.0
2018-12-04;726.0
2018-12-04;718.0
2018-12-04;722.0
2018-12-05;705.0
2018-12-05;708.0
2018-12-05;702.0
2018-12-05;705.0
2018-12-06;691.0
2018-12-06;688.0
2018-12-06;694.0
2018-12-06;691.0
2018-12-07;675.0
2018-12-07;675.0
2018-12-07;678.0
2018-12-07;672.0
2018-12-08;656.0
2018-12-08;656.0
2018-12-08;656.0
2018-12-08;656.0
2018-12-09;654.0
2018-12-09;653.0
2018-12-09;652.0
2018-12-09;653.0
2018-12-10;649.0
2018-12-10;650.0
2018-12-10;649.0
2018-12-10;648.0
2018-12-11;650.0
2018-12-11;648.0
2018-12-11;646.0
2018-12-11;648.0
2018-12-12;654.0
2018-12-12;659.0
2018-12-12;659.0
2018-12-12;664.0
2018-12-13;688.0
2018-12-13;693.0
2018-12-13;693.0
2018-12-13;698.0
2018-12-14;708.0
2018-12-14;708.0
2018-12-14;708.0
2018-12-14;708.0
2018-12-15;704.0
2018-12-15;706.0
2018-12-15;705.0
2018-12-15;705.0
2018-12-16;672.0
2018-12-16;683.0
2018-12-16;694.0
2018-12-16;683.0
2018-12-17;664.0
2018-12-17;667.0
2018-12-17;667.0
2018-12-17;670.0
2018-12-18;653.0
2018-12-18;653.0
2018-12-18;654.0
2018-12-18;652.0
2018-12-19;654.0
2018-12-19;652.0
2018-12-19;656.0
2018-12-19;654.0
2018-12-20;668.0
2018-12-20;667.0
2018-12-20;666.0
2018-12-20;667.0
2018-12-21;678.0
2018-12-21;677.0
2018-12-21;676.0
2018-12-21;677.0
2018-12-22;676.0
2018-12-22;674.0
2018-12-22;678.0
2018-12-22;676.0
2018-12-23;665.0
2018-12-23;665.0
2018-12-23;666.0
2018-12-23;664.0
2018-12-24;661.0
2018-12-24;661.0
2018-12-24;662.0
2018-12-24;660.0
2018-12-25;660.0
2018-12-25;650.0
2018-12-25;655.0
2018-12-25;655.0
2018-12-26;655.0
2018-12-26;650.0
2018-12-26;660.0
2018-12-26;655.0
2018-12-27;670.0
2018-12-27;676.0
2018-12-27;673.0
2018-12-27;673.0
2018-12-28;697.0
2018-12-28;702.0
2018-12-28;692.0
2018-12-28;697.0
2018-12-29;715.0
2018-12-29;714.0
2018-12-29;716.0
2018-12-29;715.0
2018-12-30;707.0
2018-12-30;707.0
2018-12-30;706.0
2018-12-30;708.0
2018-12-31;688.0
2018-12-31;693.0
2018-12-31;698.0
2018-12-31;693.0
2019-01-01;664.0
2019-01-01;672.0
2019-01-01;668.0
2019-01-01;668.0
2019-01-02;620.0
2019-01-02;624.0
2019-01-02;624.0
2019-01-02;628.0
2019-01-03;607.0
2019-01-03;602.0
2019-01-03;612.0
2019-01-03;607.0
2019-01-04;596.0
2019-01-04;597.0
2019-01-04;598.0
2019-01-04;597.0
2019-01-05;606.0
2019-01-05;616.0
2019-01-05;611.0
2019-01-05;611.0
2019-01-06;634.0
2019-01-06;632.0
2019-01-06;630.0
2019-01-06;632.0
2019-01-07;629.0
2019-01-07;632.0
2019-01-07;629.0
2019-01-07;626.0
2019-01-08;611.0
2019-01-08;616.0
2019-01-08;606.0
2019-01-08;611.0
2019-01-09;597.0
2019-01-09;597.0
2019-01-09;598.0
2019-01-09;596.0
2019-01-10;583.0
2019-01-10;588.0
2019-01-10;583.0
2019-01-10;578.0
2019-01-11;564.0
2019-01-11;560.0
2019-01-11;567.0
2019-01-11;564.0
2019-01-12;550.0
2019-01-12;551.0
2019-01-12;548.0
2019-01-12;550.0
2019-01-13;544.0
2019-01-13;546.0
2019-01-13;542.0
2019-01-13;544.0
2019-01-14;541.0
2019-01-14;540.0
2019-01-14;541.0
2019-01-14;541.0
2019-01-15;557.0
2019-01-15;564.0
2019-01-15;549.0
2019-01-15;557.0
2019-01-16;585.0
2019-01-16;581.0
2019-01-16;577.0
2019-01-16;581.0
2019-01-17;600.0
2019-01-17;602.0
2019-01-17;597.0
2019-01-17;600.0
2019-01-18;604.0
2019-01-18;604.0
2019-01-18;604.0
2019-01-18;604.0
2019-01-19;605.0
2019-01-19;605.0
2019-01-19;604.0
2019-01-19;605.0
2019-01-20;611.0
2019-01-20;610.0
2019-01-20;609.0
2019-01-20;610.0
2019-01-21;612.0
2019-01-21;612.0
2019-01-21;612.0
2019-01-21;612.0
2019-01-22;614.0
2019-01-22;614.0
2019-01-22;614.0
2019-01-22;613.0
2019-01-23;615.0
2019-01-23;615.0
2019-01-23;616.0
2019-01-23;613.0
2019-01-24;608.0
2019-01-24;610.0
2019-01-24;606.0
2019-01-24;608.0
2019-01-25;600.0
2019-01-25;598.0
2019-01-25;602.0
2019-01-25;600.0
2019-01-26;590.0
2019-01-26;591.0
2019-01-26;588.0
2019-01-26;590.0
2019-01-27;581.0
2019-01-27;581.0
2019-01-27;582.0
2019-01-27;579.0
2019-01-28;576.0
2019-01-28;576.0
2019-01-28;577.0
2019-01-28;575.0
2019-01-29;568.0
2019-01-29;572.0
2019-01-29;570.0
2019-01-29;570.0
2019-01-30;564.0
2019-01-30;562.0
2019-01-30;565.0
2019-01-30;564.0
2019-01-31;561.0
2019-01-31;562.0
2019-01-31;562.0
2019-01-31;562.0
2019-02-01;558.0
2019-02-01;557.0
2019-02-01;559.0
2019-02-01;558.0
2019-02-02;558.0
2019-02-02;560.0
2019-02-02;556.0
2019-02-02;558.0
2019-02-03;571.0
2019-02-03;567.0
2019-02-03;569.0
2019-02-03;569.0
2019-02-04;584.0
2019-02-04;586.0
2019-02-04;584.0
2019-02-04;581.0
2019-02-05;607.0
2019-02-05;597.0
2019-02-05;602.0
2019-02-05;602.0
2019-02-06;612.0
2019-02-06;612.0
2019-02-06;612.0
2019-02-06;612.0
2019-02-07;614.0
2019-02-07;615.0
2019-02-07;615.0
2019-02-07;615.0
2019-02-08;612.0
2019-02-08;611.0
2019-02-08;611.0
2019-02-08;610.0
2019-02-09;609.0
2019-02-09;608.0
2019-02-09;609.0
2019-02-09;609.0
2019-02-10;604.0
2019-02-10;602.0
2019-02-10;606.0
2019-02-10;604.0
2019-02-11;595.0
2019-02-11;593.0
2019-02-11;597.0
2019-02-11;595.0
2019-02-12;589.0
2019-02-12;590.0
2019-02-12;590.0
2019-02-12;590.0
2019-02-13;593.0
2019-02-13;590.0
2019-02-13;592.0
2019-02-13;592.0
2019-02-14;611.0
2019-02-14;606.0
2019-02-14;609.0
2019-02-14;609.0
2019-02-15;612.0
2019-02-15;612.0
2019-02-15;612.0
2019-02-15;612.0
2019-02-16;612.0
2019-02-16;611.0
2019-02-16;612.0
2019-02-16;612.0
2019-02-17;608.0
2019-02-17;608.0
2019-02-17;610.0
2019-02-17;605.0
2019-02-18;590.0
2019-02-18;593.0
2019-02-18;596.0
2019-02-18;593.0
2019-02-19;586.0
2019-02-19;587.0
2019-02-19;584.0
2019-02-19;586.0
2019-02-20;581.0
2019-02-20;579.0
2019-02-20;582.0
2019-02-20;581.0
2019-02-21;571.0
2019-02-21;574.0
2019-02-21;573.0
2019-02-21;573.0
2019-02-22;569.0
2019-02-22;570.0
2019-02-22;570.0
2019-02-22;570.0
2019-02-23;578.0
2019-02-23;579.0
2019-02-23;577.0
2019-02-23;578.0
2019-02-24;579.0
2019-02-24;580.0
2019-02-24;580.0
2019-02-24;580.0
2019-02-25;578.0
2019-02-25;579.0
2019-02-25;578.0
2019-02-25;576.0
2019-02-26;573.0
2019-02-26;570.0
2019-02-26;572.0
2019-02-26;572.0
2019-02-27;564.0
2019-02-27;566.0
2019-02-27;564.0
2019-02-27;562.0
2019-02-28;554.0
2019-02-28;554.0
2019-02-28;552.0
2019-02-28;555.0
2019-03-01;547.0
2019-03-01;545.0
2019-03-01;546.0
2019-03-01;546.0
2019-03-02;545.0
2019-03-02;545.0
2019-03-02;545.0
2019-03-02;545.0
2019-03-03;548.0
2019-03-03;550.0
2019-03-03;546.0
2019-03-03;548.0
2019-03-04;591.0
2019-03-04;571.0
2019-03-04;581.0
2019-03-04;581.0
2019-03-05;620.0
2019-03-05;620.0
2019-03-05;625.0
2019-03-05;615.0
2019-03-06;628.0
2019-03-06;623.0
2019-03-06;626.0
2019-03-06;626.0
2019-03-07;608.0
2019-03-07;613.0
2019-03-07;608.0
2019-03-07;603.0
2019-03-08;598.0
2019-03-08;598.0
2019-03-08;598.0
2019-03-08;598.0
2019-03-09;598.0
2019-03-09;601.0
2019-03-09;603.0
2019-03-09;601.0
2019-03-10;608.0
2019-03-10;608.0
2019-03-10;607.0
2019-03-10;608.0
2019-03-11;605.0
2019-03-11;605.0
2019-03-11;606.0
2019-03-11;604.0
2019-03-12;606.0
2019-03-12;609.0
2019-03-12;609.0
2019-03-12;611.0
2019-03-13;614.0
2019-03-13;614.0
2019-03-13;614.0
2019-03-13;613.0
2019-03-14;615.0
2019-03-14;615.0
2019-03-14;614.0
2019-03-14;615.0
2019-03-15;623.0
2019-03-15;621.0
2019-03-15;621.0
2019-03-15;619.0
2019-03-16;633.0
2019-03-16;629.0
2019-03-16;631.0
2019-03-16;631.0
2019-03-17;648.0
2019-03-17;645.0
2019-03-17;642.0
2019-03-17;645.0
2019-03-18;652.0
2019-03-18;651.0
2019-03-18;652.0
2019-03-18;652.0
2019-03-19;654.0
2019-03-19;656.0
2019-03-19;651.0
2019-03-19;654.0
2019-03-20;660.0
2019-03-20;673.0
2019-03-20;667.0
2019-03-20;667.0
2019-03-21;682.0
2019-03-21;682.0
2019-03-21;684.0
2019-03-21;680.0
2019-03-22;691.0
2019-03-22;688.0
2019-03-22;684.0
2019-03-22;688.0
2019-03-23;710.0
2019-03-23;702.0
2019-03-23;706.0
2019-03-23;706.0
2019-03-24;725.0
2019-03-24;723.0
2019-03-24;723.0
2019-03-24;720.0
2019-03-25;738.0
2019-03-25;742.0
2019-03-25;734.0
2019-03-25;738.0
2019-03-26;756.0
2019-03-26;756.0
2019-03-26;752.0
2019-03-26;759.0
2019-03-27;767.0
2019-03-27;766.0
2019-03-27;767.0
2019-03-27;767.0
2019-03-28;768.0
2019-03-28;769.0
2019-03-28;769.0
2019-03-28;769.0
2019-03-29;767.0
2019-03-29;766.0
2019-03-29;766.0
2019-03-29;764.0
2019-03-30;760.0
2019-03-30;759.0
2019-03-30;760.0
2019-03-30;761.0
2019-03-31;751.0
2019-03-31;753.0
2019-03-31;748.0
2019-03-31;751.0
2019-04-01;740.0
2019-04-01;745.0
2019-04-01;743.0
2019-04-01;743.0
2019-04-02;749.0
2019-04-02;749.0
2019-04-02;748.0
2019-04-02;749.0
2019-04-03;746.0
2019-04-03;744.0
2019-04-03;747.0
2019-04-03;746.0
2019-04-04;744.0
2019-04-04;744.0
2019-04-04;744.0
2019-04-04;744.0
2019-04-05;742.0
2019-04-05;739.0
2019-04-05;736.0
2019-04-05;739.0
2019-04-06;724.0
2019-04-06;727.0
2019-04-06;720.0
2019-04-06;724.0
2019-04-07;708.0
2019-04-07;708.0
2019-04-07;710.0
2019-04-07;706.0
2019-04-08;698.0
2019-04-08;696.0
2019-04-08;693.0
2019-04-08;696.0
2019-04-09;684.0
2019-04-09;680.0
2019-04-09;676.0
2019-04-09;680.0
2019-04-10;660.0
2019-04-10;655.0
2019-04-10;664.0
2019-04-10;660.0
2019-04-11;640.0
2019-04-11;643.0
2019-04-11;643.0
2019-04-11;646.0
2019-04-12;636.0
2019-04-12;633.0
2019-04-12;630.0
2019-04-12;633.0
2019-04-13;626.0
2019-04-13;626.0
2019-04-13;626.0
2019-04-13;626.0
2019-04-14;631.0
2019-04-14;628.0
2019-04-14;630.0
2019-04-14;630.0
2019-04-15;634.0
2019-04-15;634.0
2019-04-15;634.0
2019-04-15;634.0
2019-04-16;634.0
2019-04-16;633.0
2019-04-16;634.0
2019-04-16;634.0
2019-04-17;637.0
2019-04-17;641.0
2019-04-17;633.0
2019-04-17;637.0
2019-04-18;670.0
2019-04-18;678.0
2019-04-18;662.0
2019-04-18;670.0
2019-04-19;714.0
2019-04-19;704.0
2019-04-19;709.0
2019-04-19;709.0
2019-04-20;733.0
2019-04-20;728.0
2019-04-20;738.0
2019-04-20;733.0
2019-04-21;753.0
2019-04-21;753.0
2019-04-21;758.0
2019-04-21;747.0
2019-04-22;761.0
2019-04-22;761.0
2019-04-22;761.0
2019-04-22;761.0
2019-04-23;761.0
2019-04-23;761.0
2019-04-23;761.0
2019-04-23;761.0
2019-04-24;760.0
2019-04-24;759.0
2019-04-24;759.0
2019-04-24;758.0
2019-04-25;792.0
2019-04-25;777.0
2019-04-25;762.0
2019-04-25;777.0
2019-04-26;866.0
2019-04-26;858.0
2019-04-26;849.0
2019-04-26;858.0
2019-04-27;908.0
2019-04-27;910.0
2019-04-27;905.0
2019-04-27;908.0
2019-04-28;918.0
2019-04-28;914.0
2019-04-28;918.0
2019-04-28;922.0
2019-04-29;926.0
2019-04-29;928.0
2019-04-29;928.0
2019-04-29;930.0
2019-04-30;919.0
2019-04-30;916.0
2019-04-30;921.0
2019-04-30;919.0
2019-05-01;909.0
2019-05-01;906.0
2019-05-01;909.0
2019-05-01;912.0
2019-05-02;910.0
2019-05-02;906.0
2019-05-02;910.0
2019-05-02;914.0
2019-05-03;925.0
2019-05-03;929.0
2019-05-03;925.0
2019-05-03;920.0
2019-05-04;957.0
2019-05-04;945.0
2019-05-04;957.0
2019-05-04;968.0
2019-05-05;1025.0
2019-05-05;1045.0
2019-05-05;1025.0
2019-05-05;1005.0
2019-05-06;1093.0
2019-05-06;1086.0
2019-05-06;1078.0
2019-05-06;1086.0
2019-05-07;1105.0
2019-05-07;1112.0
2019-05-07;1109.0
2019-05-07;1109.0
2019-05-08;1108.0
2019-05-08;1110.0
2019-05-08;1106.0
2019-05-08;1108.0
2019-05-09;1092.0
2019-05-09;1098.0
2019-05-09;1095.0
2019-05-09;1095.0
2019-05-10;1078.0
2019-05-10;1094.0
2019-05-10;1086.0
2019-05-10;1086.0
2019-05-11;1065.0
2019-05-11;1061.0
2019-05-11;1069.0
2019-05-11;1065.0
2019-05-12;1044.0
2019-05-12;1049.0
2019-05-12;1039.0
2019-05-12;1044.0
2019-05-13;1028.0
2019-05-13;1032.0
2019-05-13;1024.0
2019-05-13;1028.0
2019-05-14;1016.0
2019-05-14;1018.0
2019-05-14;1016.0
2019-05-14;1014.0
2019-05-15;1011.0
2019-05-15;1011.0
2019-05-15;1011.0
2019-05-15;1010.0
2019-05-16;1029.0
2019-05-16;1048.0
2019-05-16;1029.0
2019-05-16;1010.0
2019-05-17;1085.0
2019-05-17;1085.0
2019-05-17;1076.0
2019-05-17;1094.0
2019-05-18;1116.0
2019-05-18;1120.0
2019-05-18;1112.0
2019-05-18;1116.0
2019-05-19;1129.0
2019-05-19;1129.0
2019-05-19;1129.0
2019-05-19;1129.0
2019-05-20;1155.0
2019-05-20;1160.0
2019-05-20;1150.0
2019-05-20;1155.0
2019-05-21;1158.0
2019-05-21;1158.0
2019-05-21;1157.0
2019-05-21;1159.0
2019-05-22;1152.0
2019-05-22;1150.0
2019-05-22;1153.0
2019-05-22;1152.0
2019-05-23;1147.0
2019-05-23;1152.0
2019-05-23;1147.0
2019-05-23;1142.0
2019-05-24;1163.0
2019-05-24;1162.0
2019-05-24;1163.0
2019-05-24;1163.0
2019-05-25;1155.0
2019-05-25;1157.0
2019-05-25;1155.0
2019-05-25;1152.0
2019-05-26;1130.0
2019-05-26;1137.0
2019-05-26;1130.0
2019-05-26;1123.0
2019-05-27;1110.0
2019-05-27;1126.0
2019-05-27;1094.0
2019-05-27;1110.0
2019-05-28;1068.0
2019-05-28;1074.0
2019-05-28;1061.0
2019-05-28;1068.0
2019-05-29;1032.0
2019-05-29;1025.0
2019-05-29;1032.0
2019-05-29;1039.0
2019-05-30;1002.0
2019-05-30;999.0
2019-05-30;1004.0
2019-05-30;1002.0
2019-05-31;989.0
2019-05-31;987.0
2019-05-31;990.0
2019-05-31;989.0
2019-06-01;987.0
2019-06-01;987.0
2019-06-01;987.0
2019-06-01;987.0
2019-06-02;985.0
2019-06-02;983.0
2019-06-02;986.0
2019-06-02;985.0
2019-06-03;969.0
2019-06-03;973.0
2019-06-03;976.0
2019-06-03;973.0
2019-06-04;955.0
2019-06-04;951.0
2019-06-04;958.0
2019-06-04;955.0
2019-06-05;946.0
2019-06-05;946.0
2019-06-05;946.0
2019-06-05;946.0
2019-06-06;962.0
2019-06-06;968.0
2019-06-06;962.0
2019-06-06;956.0
2019-06-07;981.0
2019-06-07;978.0
2019-06-07;975.0
2019-06-07;978.0
2019-06-08;976.0
2019-06-08;976.0
2019-06-08;974.0
2019-06-08;978.0
2019-06-09;960.0
2019-06-09;963.0
2019-06-09;965.0
2019-06-09;963.0
2019-06-10;949.0
2019-06-10;949.0
2019-06-10;946.0
2019-06-10;952.0
2019-06-11;946.0
2019-06-11;949.0
2019-06-11;949.0
2019-06-11;951.0
2019-06-12;981.0
2019-06-12;988.0
2019-06-12;973.0
2019-06-12;981.0
2019-06-13;1005.0
2019-06-13;1000.0
2019-06-13;1010.0
2019-06-13;1005.0
2019-06-14;1041.0
2019-06-14;1037.0
2019-06-14;1037.0
2019-06-14;1033.0
2019-06-15;1061.0
2019-06-15;1057.0
2019-06-15;1064.0
2019-06-15;1061.0
2019-06-16;1069.0
2019-06-16;1068.0
2019-06-16;1069.0
2019-06-16;1070.0
2019-06-17;1071.0
2019-06-17;1072.0
2019-06-17;1072.0
2019-06-17;1072.0
2019-06-18;1075.0
2019-06-18;1074.0
2019-06-18;1075.0
2019-06-18;1075.0
2019-06-19;1072.0
2019-06-19;1073.0
2019-06-19;1071.0
2019-06-19;1072.0
2019-06-20;1064.0
2019-06-20;1064.0
2019-06-20;1066.0
2019-06-20;1062.0
2019-06-21;1047.0
2019-06-21;1051.0
2019-06-21;1051.0
2019-06-21;1054.0
2019-06-22;1040.0
2019-06-22;1038.0
2019-06-22;1036.0
2019-06-22;1038.0
2019-06-23;1032.0
2019-06-23;1028.0
2019-06-23;1030.0
2019-06-23;1030.0
2019-06-24;1025.0
2019-06-24;1024.0
2019-06-24;1023.0
2019-06-24;1024.0
2019-06-25;1031.0
2019-06-25;1029.0
2019-06-25;1026.0
2019-06-25;1029.0
2019-06-26;1040.0
2019-06-26;1040.0
2019-06-26;1041.0
2019-06-26;1038.0
2019-06-27;1045.0
2019-06-27;1045.0
2019-06-27;1045.0
2019-06-27;1045.0
2019-06-28;1044.0
2019-06-28;1044.0
2019-06-28;1043.0
2019-06-28;1044.0
2019-06-29;1041.0
2019-06-29;1040.0
2019-06-29;1039.0
2019-06-29;1040.0
2019-06-30;1046.0
2019-06-30;1047.0
2019-06-30;1046.0
2019-06-30;1044.0
2019-07-01;1058.0
2019-07-01;1071.0
2019-07-01;1065.0
2019-07-01;1065.0
2019-07-02;1088.0
2019-07-02;1101.0
2019-07-02;1095.0
2019-07-02;1095.0
2019-07-03;1124.0
2019-07-03;1115.0
2019-07-03;1120.0
2019-07-03;1120.0
2019-07-04;1132.0
2019-07-04;1132.0
2019-07-04;1131.0
2019-07-04;1132.0
2019-07-05;1128.0
2019-07-05;1125.0
2019-07-05;1128.0
2019-07-05;1130.0
2019-07-06;1117.0
2019-07-06;1120.0
2019-07-06;1113.0
2019-07-06;1117.0
2019-07-07;1106.0
2019-07-07;1099.0
2019-07-07;1103.0
2019-07-07;1103.0
2019-07-08;1082.0
2019-07-08;1086.0
2019-07-08;1086.0
2019-07-08;1089.0
2019-07-09;1067.0
2019-07-09;1062.0
2019-07-09;1067.0
2019-07-09;1072.0
2019-07-10;1049.0
2019-07-10;1053.0
2019-07-10;1044.0
2019-07-10;1049.0
2019-07-11;1028.0
2019-07-11;1033.0
2019-07-11;1023.0
2019-07-11;1028.0
2019-07-12;1018.0
2019-07-12;1020.0
2019-07-12;1020.0
2019-07-12;1021.0
2019-07-13;1008.0
2019-07-13;1011.0
2019-07-13;1014.0
2019-07-13;1011.0
2019-07-14;1001.0
2019-07-14;1001.0
2019-07-14;1000.0
2019-07-14;1001.0
2019-07-15;998.0
2019-07-15;998.0
2019-07-15;998.0
2019-07-15;998.0
2019-07-16;999.0
2019-07-16;1000.0
2019-07-16;999.0
2019-07-16;998.0
2019-07-17;1002.0
2019-07-17;1002.0
2019-07-17;1002.0
2019-07-17;1002.0
2019-07-18;999.0
2019-07-18;999.0
2019-07-18;1000.0
2019-07-18;997.0
2019-07-19;988.0
2019-07-19;990.0
2019-07-19;990.0
2019-07-19;991.0
2019-07-20;985.0
2019-07-20;984.0
2019-07-20;984.0
2019-07-20;983.0
2019-07-21;983.0
2019-07-21;988.0
2019-07-21;988.0
2019-07-21;993.0
2019-07-22;1014.0
2019-07-22;1007.0
2019-07-22;1021.0
2019-07-22;1014.0
2019-07-23;1032.0
2019-07-23;1037.0
2019-07-23;1035.0
2019-07-23;1035.0
2019-07-24;1039.0
2019-07-24;1039.0
2019-07-24;1039.0
2019-07-24;1038.0
2019-07-25;1033.0
2019-07-25;1030.0
2019-07-25;1027.0
2019-07-25;1030.0
2019-07-26;1015.0
2019-07-26;1015.0
2019-07-26;1018.0
2019-07-26;1012.0
2019-07-27;1003.0
2019-07-27;1005.0
2019-07-27;1003.0
2019-07-27;1000.0
2019-07-28;995.0
2019-07-28;996.0
2019-07-28;994.0
2019-07-28;995.0
2019-07-29;990.0
2019-07-29;991.0
2019-07-29;989.0
2019-07-29;990.0
2019-07-30;984.0
2019-07-30;981.0
2019-07-30;984.0
2019-07-30;986.0
2019-07-31;975.0
2019-07-31;976.0
2019-07-31;976.0
2019-07-31;977.0
2019-08-01;971.0
2019-08-01;967.0
2019-08-01;969.0
2019-08-01;969.0
2019-08-02;959.0
2019-08-02;959.0
2019-08-02;957.0
2019-08-02;961.0
2019-08-03;951.0
2019-08-03;952.0
2019-08-03;949.0
2019-08-03;951.0
2019-08-04;946.0
2019-08-04;945.0
2019-08-04;947.0
2019-08-04;946.0
2019-08-05;949.0
2019-08-05;949.0
2019-08-05;949.0
2019-08-05;949.0
2019-08-06;948.0
2019-08-06;949.0
2019-08-06;947.0
2019-08-06;948.0
2019-08-07;945.0
2019-08-07;943.0
2019-08-07;941.0
2019-08-07;943.0
2019-08-08;929.0
2019-08-08;932.0
2019-08-08;935.0
2019-08-08;932.0
2019-08-09;922.0
2019-08-09;915.0
2019-08-09;919.0
2019-08-09;919.0
2019-08-10;905.0
2019-08-10;903.0
2019-08-10;906.0
2019-08-10;905.0
2019-08-11;900.0
2019-08-11;898.0
2019-08-11;900.0
2019-08-11;901.0
2019-08-12;895.0
2019-08-12;894.0
2019-08-12;895.0
2019-08-12;895.0
2019-08-13;909.0
2019-08-13;927.0
2019-08-13;918.0
2019-08-13;918.0
2019-08-14;951.0
2019-08-14;954.0
2019-08-14;951.0
2019-08-14;947.0
2019-08-15;967.0
2019-08-15;976.0
2019-08-15;972.0
2019-08-15;972.0
2019-08-16;988.0
2019-08-16;985.0
2019-08-16;991.0
2019-08-16;988.0
2019-08-17;1003.0
2019-08-17;997.0
2019-08-17;1000.0
2019-08-17;1000.0
2019-08-18;1005.0
2019-08-18;1005.0
2019-08-18;1005.0
2019-08-18;1005.0
2019-08-19;999.0
2019-08-19;1001.0
2019-08-19;996.0
2019-08-19;999.0
2019-08-20;984.0
2019-08-20;979.0
2019-08-20;988.0
2019-08-20;984.0
2019-08-21;956.0
2019-08-21;962.0
2019-08-21;962.0
2019-08-21;967.0
2019-08-22;941.0
2019-08-22;940.0
2019-08-22;940.0
2019-08-22;938.0
2019-08-23;928.0
2019-08-23;931.0
2019-08-23;931.0
2019-08-23;934.0
2019-08-24;914.0
2019-08-24;911.0
2019-08-24;917.0
2019-08-24;914.0
2019-08-25;895.0
2019-08-25;898.0
2019-08-25;892.0
2019-08-25;895.0
2019-08-26;878.0
2019-08-26;881.0
2019-08-26;874.0
2019-08-26;878.0
2019-08-27;873.0
2019-08-27;879.0
2019-08-27;867.0
2019-08-27;873.0
2019-08-28;888.0
2019-08-28;887.0
2019-08-28;887.0
2019-08-28;885.0
2019-08-29;885.0
2019-08-29;885.0
2019-08-29;884.0
2019-08-29;885.0
2019-08-30;873.0
2019-08-30;869.0
2019-08-30;876.0
2019-08-30;873.0
2019-08-31;857.0
2019-08-31;853.0
2019-08-31;861.0
2019-08-31;857.0
2019-09-01;841.0
2019-09-01;838.0
2019-09-01;844.0
2019-09-01;841.0
2019-09-02;825.0
2019-09-02;831.0
2019-09-02;828.0
2019-09-02;828.0
2019-09-03;821.0
2019-09-03;821.0
2019-09-03;821.0
2019-09-03;821.0
2019-09-04;818.0
2019-09-04;818.0
2019-09-04;819.0
2019-09-04;816.0
2019-09-05;813.0
2019-09-05;813.0
2019-09-05;813.0
2019-09-05;812.0
2019-09-06;814.0
2019-09-06;818.0
2019-09-06;816.0
2019-09-06;816.0
2019-09-07;825.0
2019-09-07;823.0
2019-09-07;826.0
2019-09-07;825.0
2019-09-08;830.0
2019-09-08;832.0
2019-09-08;827.0
2019-09-08;830.0
2019-09-09;838.0
2019-09-09;838.0
2019-09-09;836.0
2019-09-09;840.0
2019-09-10;841.0
2019-09-10;840.0
2019-09-10;841.0
2019-09-10;842.0
2019-09-11;836.0
2019-09-11;831.0
2019-09-11;834.0
2019-09-11;834.0
2019-09-12;818.0
2019-09-12;814.0
2019-09-12;822.0
2019-09-12;818.0
2019-09-13;797.0
2019-09-13;791.0
2019-09-13;802.0
2019-09-13;797.0
2019-09-14;786.0
2019-09-14;787.0
2019-09-14;787.0
2019-09-14;787.0
2019-09-15;784.0
2019-09-15;784.0
2019-09-15;783.0
2019-09-15;784.0
2019-09-16;784.0
2019-09-16;785.0
2019-09-16;783.0
2019-09-16;784.0
2019-09-17;784.0
2019-09-17;784.0
2019-09-17;783.0
2019-09-17;784.0
2019-09-18;776.0
2019-09-18;779.0
2019-09-18;778.0
2019-09-18;778.0
2019-09-19;772.0
2019-09-19;770.0
2019-09-19;772.0
2019-09-19;773.0
2019-09-20;778.0
2019-09-20;779.0
2019-09-20;776.0
2019-09-20;778.0
2019-09-21;789.0
2019-09-21;791.0
2019-09-21;789.0
2019-09-21;786.0
2019-09-22;797.0
2019-09-22;796.0
2019-09-22;798.0
2019-09-22;797.0
2019-09-23;816.0
2019-09-23;816.0
2019-09-23;811.0
2019-09-23;820.0
2019-09-24;821.0
2019-09-24;821.0
2019-09-24;818.0
2019-09-24;824.0
2019-09-25;805.0
2019-09-25;805.0
2019-09-25;809.0
2019-09-25;801.0
2019-09-26;789.0
2019-09-26;792.0
2019-09-26;789.0
2019-09-26;786.0
2019-09-27;778.0
2019-09-27;777.0
2019-09-27;778.0
2019-09-27;778.0
2019-09-28;778.0
2019-09-28;778.0
2019-09-28;778.0
2019-09-28;778.0
2019-09-29;768.0
2019-09-29;771.0
2019-09-29;774.0
2019-09-29;771.0
2019-09-30;762.0
2019-09-30;760.0
2019-09-30;758.0
2019-09-30;760.0
2019-10-01;751.0
2019-10-01;752.0
2019-10-01;750.0
2019-10-01;751.0
2019-10-02;748.0
2019-10-02;748.0
2019-10-02;748.0
2019-10-02;748.0
2019-10-03;742.0
2019-10-03;739.0
2019-10-03;742.0
2019-10-03;745.0
2019-10-04;736.0
2019-10-04;736.0
2019-10-04;735.0
2019-10-04;737.0
2019-10-05;729.0
2019-10-05;732.0
2019-10-05;729.0
2019-10-05;725.0
2019-10-06;719.0
2019-10-06;712.0
2019-10-06;716.0
2019-10-06;716.0
2019-10-07;706.0
2019-10-07;702.0
2019-10-07;698.0
2019-10-07;702.0
2019-10-08;687.0
2019-10-08;687.0
2019-10-08;683.0
2019-10-08;690.0
2019-10-09;685.0
2019-10-09;691.0
2019-10-09;685.0
2019-10-09;679.0
2019-10-10;725.0
2019-10-10;747.0
2019-10-10;747.0
2019-10-10;768.0
2019-10-11;846.0
2019-10-11;820.0
2019-10-11;833.0
2019-10-11;833.0
2019-10-12;863.0
2019-10-12;858.0
2019-10-12;863.0
2019-10-12;868.0
2019-10-13;844.0
2019-10-13;847.0
2019-10-13;847.0
2019-10-13;849.0
2019-10-14;838.0
2019-10-14;838.0
2019-10-14;838.0
2019-10-14;838.0
2019-10-15;818.0
2019-10-15;821.0
2019-10-15;815.0
2019-10-15;818.0
2019-10-16;808.0
2019-10-16;804.0
2019-10-16;804.0
2019-10-16;800.0
2019-10-17;791.0
2019-10-17;786.0
2019-10-17;786.0
2019-10-17;781.0
2019-10-18;766.0
2019-10-18;761.0
2019-10-18;770.0
2019-10-18;766.0
2019-10-19;758.0
2019-10-19;758.0
2019-10-19;758.0
2019-10-19;758.0
2019-10-20;762.0
2019-10-20;765.0
2019-10-20;765.0
2019-10-20;767.0
2019-10-21;778.0
2019-10-21;780.0
2019-10-21;775.0
2019-10-21;778.0
2019-10-22;785.0
2019-10-22;783.0
2019-10-22;787.0
2019-10-22;785.0
2019-10-23;788.0
2019-10-23;787.0
2019-10-23;786.0
2019-10-23;787.0
2019-10-24;794.0
2019-10-24;790.0
2019-10-24;794.0
2019-10-24;798.0
2019-10-25;808.0
2019-10-25;807.0
2019-10-25;808.0
2019-10-25;809.0
2019-10-26;794.0
2019-10-26;798.0
2019-10-26;794.0
2019-10-26;790.0
2019-10-27;780.0
2019-10-27;789.0
2019-10-27;771.0
2019-10-27;780.0
2019-10-28;753.0
2019-10-28;748.0
2019-10-28;758.0
2019-10-28;753.0
2019-10-29;731.0
2019-10-29;735.0
2019-10-29;727.0
2019-10-29;731.0
2019-10-30;718.0
2019-10-30;716.0
2019-10-30;716.0
2019-10-30;713.0
2019-10-31;704.0
2019-10-31;702.0
2019-10-31;704.0
2019-10-31;705.0
2019-11-01;693.0
2019-11-01;690.0
2019-11-01;693.0
2019-11-01;696.0
2019-11-02;685.0
2019-11-02;685.0
2019-11-02;684.0
2019-11-02;686.0
2019-11-03;691.0
2019-11-03;689.0
2019-11-03;687.0
2019-11-03;689.0
2019-11-04;699.0
2019-11-04;700.0
2019-11-04;698.0
2019-11-04;699.0
2019-11-05;694.0
2019-11-05;696.0
2019-11-05;691.0
2019-11-05;694.0
2019-11-06;704.0
2019-11-06;697.0
2019-11-06;711.0
2019-11-06;704.0
2019-11-07;739.0
2019-11-07;732.0
2019-11-07;745.0
2019-11-07;739.0
2019-11-08;763.0
2019-11-08;763.0
2019-11-08;766.0
2019-11-08;759.0
2019-11-09;778.0
2019-11-09;780.0
2019-11-09;775.0
2019-11-09;778.0
2019-11-10;782.0
2019-11-10;782.0
2019-11-10;782.0
2019-11-10;782.0
2019-11-11;782.0
2019-11-11;781.0
2019-11-11;782.0
2019-11-11;782.0
2019-11-12;785.0
2019-11-12;784.0
2019-11-12;782.0
2019-11-12;784.0
2019-11-13;786.0
2019-11-13;788.0
2019-11-13;788.0
2019-11-13;789.0
2019-11-14;789.0
2019-11-14;789.0
2019-11-14;788.0
2019-11-14;789.0
2019-11-15;788.0
2019-11-15;791.0
2019-11-15;790.0
2019-11-15;790.0
2019-11-16;801.0
2019-11-16;803.0
2019-11-16;801.0
2019-11-16;798.0
2019-11-17;798.0
2019-11-17;802.0
2019-11-17;794.0
2019-11-17;798.0
2019-11-18;774.0
2019-11-18;784.0
2019-11-18;779.0
2019-11-18;779.0
2019-11-19;759.0
2019-11-19;763.0
2019-11-19;755.0
2019-11-19;759.0
2019-11-20;745.0
2019-11-20;744.0
2019-11-20;742.0
2019-11-20;744.0
2019-11-21;749.0
2019-11-21;751.0
2019-11-21;747.0
2019-11-21;749.0
2019-11-22;753.0
2019-11-22;753.0
2019-11-22;753.0
2019-11-22;752.0
2019-11-23;746.0
2019-11-23;743.0
2019-11-23;749.0
2019-11-23;746.0
2019-11-24;730.0
2019-11-24;735.0
2019-11-24;725.0
2019-11-24;730.0
2019-11-25;724.0
2019-11-25;727.0
2019-11-25;727.0
2019-11-25;730.0
2019-11-26;739.0
2019-11-26;736.0
2019-11-26;739.0
2019-11-26;742.0
2019-11-27;746.0
2019-11-27;747.0
2019-11-27;747.0
2019-11-27;747.0
2019-11-28;745.0
2019-11-28;743.0
2019-11-28;746.0
2019-11-28;745.0
2019-11-29;740.0
2019-11-29;741.0
2019-11-29;740.0
2019-11-29;739.0
2019-11-30;735.0
2019-11-30;732.0
2019-11-30;735.0
2019-11-30;737.0
2019-12-01;724.0
2019-12-01;722.0
2019-12-01;726.0
2019-12-01;724.0
2019-12-02;723.0
2019-12-02;723.0
2019-12-02;720.0
2019-12-02;725.0
2019-12-03;736.0
2019-12-03;736.0
2019-12-03;736.0
2019-12-03;736.0
2019-12-04;739.0
2019-12-04;738.0
2019-12-04;739.0
2019-12-04;739.0
2019-12-05;752.0
2019-12-05;759.0
2019-12-05;752.0
2019-12-05;745.0
2019-12-06;785.0
2019-12-06;780.0
2019-12-06;789.0
2019-12-06;785.0
2019-12-07;796.0
2019-12-07;796.0
2019-12-07;796.0
2019-12-07;796.0
2019-12-08;793.0
2019-12-08;791.0
2019-12-08;793.0
2019-12-08;794.0
2019-12-09;785.0
2019-12-09;783.0
2019-12-09;783.0
2019-12-09;781.0
2019-12-10;774.0
2019-12-10;777.0
2019-12-10;771.0
2019-12-10;774.0
2019-12-11;753.0
2019-12-11;760.0
2019-12-11;757.0
2019-12-11;757.0
2019-12-12;737.0
2019-12-12;733.0
2019-12-12;741.0
2019-12-12;737.0
2019-12-13;718.0
2019-12-13;722.0
2019-12-13;718.0
2019-12-13;714.0
2019-12-14;704.0
2019-12-14;707.0
2019-12-14;701.0
2019-12-14;704.0
2019-12-15;692.0
2019-12-15;692.0
2019-12-15;694.0
2019-12-15;690.0
2019-12-16;692.0
2019-12-16;690.0
2019-12-16;692.0
2019-12-16;693.0
2019-12-17;711.0
2019-12-17;711.0
2019-12-17;706.0
2019-12-17;716.0
2019-12-18;732.0
2019-12-18;728.0
2019-12-18;735.0
2019-12-18;732.0
2019-12-19;756.0
2019-12-19;745.0
2019-12-19;751.0
2019-12-19;751.0
2019-12-20;764.0
2019-12-20;771.0
2019-12-20;768.0
2019-12-20;768.0
2019-12-21;785.0
2019-12-21;781.0
2019-12-21;785.0
2019-12-21;788.0
2019-12-22;798.0
2019-12-22;796.0
2019-12-22;800.0
2019-12-22;798.0
2019-12-23;804.0
2019-12-23;806.0
2019-12-23;807.0
2019-12-23;806.0
2019-12-24;811.0
2019-12-24;812.0
2019-12-24;810.0
2019-12-24;811.0
2019-12-25;813.0
2019-12-25;813.0
2019-12-25;813.0
2019-12-25;813.0
2019-12-26;807.0
2019-12-26;807.0
2019-12-26;809.0
2019-12-26;805.0
2019-12-27;795.0
2019-12-27;792.0
2019-12-27;798.0
2019-12-27;795.0
2019-12-28;779.0
2019-12-28;769.0
2019-12-28;774.0
2019-12-28;774.0
2019-12-29;750.0
2019-12-29;745.0
2019-12-29;754.0
2019-12-29;750.0
2019-12-30;742.0
2019-12-30;740.0
2019-12-30;744.0
2019-12-30;742.0
2019-12-31;770.0
2019-12-31;774.0
2019-12-31;765.0
2019-12-31;770.0
2020-01-01;780.0
2020-01-01;780.0
2020-01-01;780.0
2020-01-01;780.0
2020-01-02;779.0
2020-01-02;779.0
2020-01-02;778.0
2020-01-02;779.0
2020-01-03;771.0
2020-01-03;771.0
2020-01-03;773.0
2020-01-03;768.0
2020-01-04;755.0
2020-01-04;759.0
2020-01-04;759.0
2020-01-04;762.0
2020-01-05;739.0
2020-01-05;734.0
2020-01-05;744.0
2020-01-05;739.0
2020-01-06;712.0
2020-01-06;722.0
2020-01-06;717.0
2020-01-06;717.0
2020-01-07;702.0
2020-01-07;698.0
2020-01-07;698.0
2020-01-07;694.0
2020-01-08;682.0
2020-01-08;678.0
2020-01-08;674.0
2020-01-08;678.0
2020-01-09;663.0
2020-01-09;663.0
2020-01-09;659.0
2020-01-09;666.0
2020-01-10;648.0
2020-01-10;651.0
2020-01-10;645.0
2020-01-10;648.0
2020-01-11;639.0
2020-01-11;638.0
2020-01-11;638.0
2020-01-11;636.0
2020-01-12;639.0
2020-01-12;640.0
2020-01-12;637.0
2020-01-12;639.0
2020-01-13;643.0
2020-01-13;643.0
2020-01-13;643.0
2020-01-13;642.0
2020-01-14;637.0
2020-01-14;638.0
2020-01-14;637.0
2020-01-14;635.0
2020-01-15;624.0
2020-01-15;628.0
2020-01-15;620.0
2020-01-15;624.0
2020-01-16;612.0
2020-01-16;612.0
2020-01-16;609.0
2020-01-16;614.0
2020-01-17;600.0
2020-01-17;600.0
2020-01-17;602.0
2020-01-17;597.0
2020-01-18;593.0
2020-01-18;592.0
2020-01-18;594.0
2020-01-18;593.0
2020-01-19;588.0
2020-01-19;590.0
2020-01-19;589.0
2020-01-19;589.0
2020-01-20;587.0
2020-01-20;590.0
2020-01-20;590.0
2020-01-20;593.0
2020-01-21;622.0
2020-01-21;622.0
2020-01-21;630.0
2020-01-21;614.0
2020-01-22;649.0
2020-01-22;652.0
2020-01-22;646.0
2020-01-22;649.0
2020-01-23;656.0
2020-01-23;656.0
2020-01-23;655.0
2020-01-23;657.0
2020-01-24;640.0
2020-01-24;645.0
2020-01-24;635.0
2020-01-24;640.0
2020-01-25;623.0
2020-01-25;618.0
2020-01-25;618.0
2020-01-25;612.0
2020-01-26;584.0
2020-01-26;596.0
2020-01-26;590.0
2020-01-26;590.0
2020-01-27;569.0
2020-01-27;565.0
2020-01-27;569.0
2020-01-27;573.0
2020-01-28;556.0
2020-01-28;558.0
2020-01-28;554.0
2020-01-28;556.0
2020-01-29;550.0
2020-01-29;551.0
2020-01-29;551.0
2020-01-29;551.0
2020-01-30;546.0
2020-01-30;545.0
2020-01-30;546.0
2020-01-30;546.0
2020-01-31;550.0
2020-01-31;548.0
2020-01-31;550.0
2020-01-31;551.0
2020-02-01;635.0
2020-02-01;636.0
2020-02-01;536.0
2020-02-01;636.0
2020-02-02;636.0
2020-02-02;635.0
2020-02-02;636.0
2020-02-02;536.0
2020-02-03;652.0
2020-02-03;548.0
2020-02-03;644.0
2020-02-03;648.0
2020-02-04;659.0
2020-02-04;558.0
2020-02-04;658.0
2020-02-04;659.0
2020-02-05;653.0
2020-02-05;650.0
2020-02-05;655.0
2020-02-05;552.0
2020-02-06;641.0
2020-02-06;540.0
2020-02-06;644.0
2020-02-06;637.0
2020-02-07;628.0
2020-02-07;524.0
2020-02-07;621.0
2020-02-07;625.0
2020-02-08;510.0
2020-02-08;611.0
2020-02-08;613.0
2020-02-08;608.0
2020-02-09;503.0
2020-02-09;603.0
2020-02-09;604.0
2020-02-09;602.0
2020-02-10;607.0
2020-02-10;609.0
2020-02-10;605.0
2020-02-10;507.0
2020-02-11;611.0
2020-02-11;510.0
2020-02-11;608.0
2020-02-11;610.0
2020-02-12;498.0
2020-02-12;601.0
2020-02-12;599.0
2020-02-12;596.0
2020-02-13;587.0
2020-02-13;585.0
2020-02-13;486.0
2020-02-13;588.0
2020-02-14;492.0
2020-02-14;592.0
2020-02-14;596.0
2020-02-14;588.0
2020-02-15;601.0
2020-02-15;602.0
2020-02-15;599.0
2020-02-15;500.0
2020-02-16;603.0
2020-02-16;601.0
2020-02-16;602.0
2020-02-16;502.0
2020-02-17;591.0
2020-02-17;593.0
2020-02-17;493.0
2020-02-17;595.0
2020-02-18;590.0
2020-02-18;490.0
2020-02-18;590.0
2020-02-18;589.0
2020-02-19;492.0
2020-02-19;591.0
2020-02-19;592.0
2020-02-19;592.0
2020-02-20;592.0
2020-02-20;492.0
2020-02-20;591.0
2020-02-20;593.0
2020-02-21;585.0
2020-02-21;588.0
2020-02-21;486.0
2020-02-21;587.0
2020-02-22;580.0
2020-02-22;581.0
2020-02-22;582.0
2020-02-22;481.0
2020-02-23;574.0
2020-02-23;474.0
2020-02-23;572.0
2020-02-23;576.0
2020-02-24;474.0
2020-02-24;572.0
2020-02-24;575.0
2020-02-24;574.0
2020-02-25;492.0
2020-02-25;586.0
2020-02-25;598.0
2020-02-25;592.0
2020-02-26;606.0
2020-02-26;508.0
2020-02-26;608.0
2020-02-26;610.0
2020-02-27;610.0
2020-02-27;612.0
2020-02-27;511.0
2020-02-27;611.0
2020-02-28;617.0
2020-02-28;614.0
2020-02-28;516.0
2020-02-28;619.0
2020-02-29;526.0
2020-02-29;629.0
2020-02-29;627.0
2020-02-29;624.0
2020-03-01;633.0
2020-03-01;632.0
2020-03-01;631.0
2020-03-01;532.0
2020-03-02;626.0
2020-03-02;526.0
2020-03-02;628.0
2020-03-02;623.0
2020-03-03;515.0
2020-03-03;617.0
2020-03-03;613.0
2020-03-03;615.0
2020-03-04;616.0
2020-03-04;612.0
2020-03-04;516.0
2020-03-04;619.0
2020-03-05;528.0
2020-03-05;630.0
2020-03-05;628.0
2020-03-05;626.0
2020-03-06;637.0
2020-03-06;537.0
2020-03-06;635.0
2020-03-06;639.0
2020-03-07;540.0
2020-03-07;640.0
2020-03-07;640.0
2020-03-07;640.0
2020-03-08;542.0
2020-03-08;641.0
2020-03-08;642.0
2020-03-08;642.0
2020-03-09;542.0
2020-03-09;642.0
2020-03-09;642.0
2020-03-09;642.0
2020-03-10;539.0
2020-03-10;640.0
2020-03-10;638.0
2020-03-10;639.0
2020-03-11;536.0
2020-03-11;636.0
2020-03-11;636.0
2020-03-11;635.0
2020-03-12;533.0
2020-03-12;631.0
2020-03-12;635.0
2020-03-12;633.0
2020-03-13;626.0
2020-03-13;624.0
2020-03-13;627.0
2020-03-13;526.0
2020-03-14;620.0
2020-03-14;622.0
2020-03-14;521.0
2020-03-14;621.0
2020-03-15;621.0
2020-03-15;622.0
2020-03-15;521.0
2020-03-15;620.0
2020-03-16;626.0
2020-03-16;626.0
2020-03-16;626.0
2020-03-16;526.0
2020-03-17;625.0
2020-03-17;624.0
2020-03-17;626.0
2020-03-17;525.0
2020-03-18;618.0
2020-03-18;620.0
2020-03-18;518.0
2020-03-18;616.0
2020-03-19;606.0
2020-03-19;602.0
2020-03-19;609.0
2020-03-19;506.0
2020-03-20;500.0
2020-03-20;613.0
2020-03-20;600.0
2020-03-20;587.0
2020-03-21;577.0
2020-03-21;579.0
2020-03-21;580.0
2020-03-21;478.0
2020-03-22;568.0
2020-03-22;470.0
2020-03-22;572.0
2020-03-22;570.0
2020-03-23;565.0
2020-03-23;466.0
2020-03-23;567.0
2020-03-23;566.0
2020-03-24;568.0
2020-03-24;468.0
2020-03-24;568.0
2020-03-24;567.0
2020-03-25;470.0
2020-03-25;567.0
2020-03-25;573.0
2020-03-25;570.0
2020-03-26;573.0
2020-03-26;572.0
2020-03-26;574.0
2020-03-26;473.0
2020-03-27;467.0
2020-03-27;566.0
2020-03-27;568.0
2020-03-27;567.0
2020-03-28;568.0
2020-03-28;468.0
2020-03-28;570.0
2020-03-28;566.0
2020-03-29;578.0
2020-03-29;580.0
2020-03-29;575.0
2020-03-29;478.0
2020-03-30;595.0
2020-03-30;591.0
2020-03-30;587.0
2020-03-30;491.0
2020-03-31;609.0
2020-03-31;512.0
2020-03-31;614.0
2020-03-31;612.0
2020-04-01;637.0
2020-04-01;624.0
2020-04-01;649.0
2020-04-01;536.0
2020-04-02;680.0
2020-04-02;584.0
2020-04-02;688.0
2020-04-02;684.0
2020-04-03;686.0
2020-04-03;588.0
2020-04-03;691.0
2020-04-03;689.0
2020-04-04;679.0
2020-04-04;676.0
2020-04-04;611.0
2020-04-04;678.0
2020-04-05;634.0
2020-04-05;673.0
2020-04-05;675.0
2020-04-05;674.0
2020-04-06;657.0
2020-04-06;672.0
2020-04-06;672.0
2020-04-06;672.0
2020-04-07;684.0
2020-04-07;676.0
2020-04-07;680.0
2020-04-07;680.0
2020-04-08;721.0
2020-04-08;711.0
2020-04-08;711.0
2020-04-08;700.0
2020-04-09;764.0
2020-04-09;772.0
2020-04-09;764.0
2020-04-09;756.0
2020-04-10;798.0
2020-04-10;791.0
2020-04-10;805.0
2020-04-10;798.0
2020-04-11;822.0
2020-04-11;847.0
2020-04-11;835.0
2020-04-11;835.0
2020-04-12;847.0
2020-04-12;845.0
2020-04-12;849.0
2020-04-12;847.0
2020-04-13;834.0
2020-04-13;836.0
2020-04-13;835.0
2020-04-13;835.0
2020-04-14;852.0
2020-04-14;848.0
2020-04-14;852.0
2020-04-14;856.0
2020-04-15;863.0
2020-04-15;863.0
2020-04-15;863.0
2020-04-15;863.0
2020-04-16;859.0
2020-04-16;856.0
2020-04-16;858.0
2020-04-16;861.0
2020-04-17;848.0
2020-04-17;844.0
2020-04-17;840.0
2020-04-17;844.0
2020-04-18;829.0
2020-04-18;828.0
2020-04-18;830.0
2020-04-18;829.0
2020-04-19;840.0
2020-04-19;844.0
2020-04-19;848.0
2020-04-19;844.0
2020-04-20;878.0
2020-04-20;873.0
2020-04-20;882.0
2020-04-20;878.0
2020-04-21;888.0
2020-04-21;888.0
2020-04-21;888.0
2020-04-21;888.0
2020-04-22;893.0
2020-04-22;893.0
2020-04-22;893.0
2020-04-22;893.0
2020-04-23;881.0
2020-04-23;882.0
2020-04-23;879.0
2020-04-23;880.0
2020-04-24;864.0
2020-04-24;869.0
2020-04-24;858.0
2020-04-24;863.0
2020-04-25;836.0
2020-04-25;842.0
2020-04-25;830.0
2020-04-25;836.0
2020-04-26;805.0
2020-04-26;817.0
2020-04-26;811.0
2020-04-26;811.0
2020-04-27;779.0
2020-04-27;789.0
2020-04-27;768.0
2020-04-27;778.0
2020-04-28;757.0
2020-04-28;764.0
2020-04-28;750.0
2020-04-28;757.0
2020-04-29;726.0
2020-04-29;719.0
2020-04-29;734.0
2020-04-29;727.0
2020-04-30;691.0
2020-04-30;696.0
2020-04-30;701.0
2020-04-30;696.0
2020-05-01;682.0
2020-05-01;683.0
2020-05-01;681.0
2020-05-01;682.0
2020-05-02;689.0
2020-05-02;691.0
2020-05-02;689.0
2020-05-02;686.0
2020-05-03;709.0
2020-05-03;704.0
2020-05-03;714.0
2020-05-03;709.0
2020-05-04;734.0
2020-05-04;740.0
2020-05-04;728.0
2020-05-04;734.0
2020-05-05;752.0
2020-05-05;752.0
2020-05-05;754.0
2020-05-05;750.0
2020-05-06;763.0
2020-05-06;765.0
2020-05-06;761.0
2020-05-06;763.0
2020-05-07;770.0
2020-05-07;768.0
2020-05-07;771.0
2020-05-07;770.0
2020-05-08;783.0
2020-05-08;792.0
2020-05-08;774.0
2020-05-08;783.0
2020-05-09;859.0
2020-05-09;872.0
2020-05-09;846.0
2020-05-09;859.0
2020-05-10;894.0
2020-05-10;900.0
2020-05-10;906.0
2020-05-10;900.0
2020-05-11;922.0
2020-05-11;926.0
2020-05-11;922.0
2020-05-11;918.0
2020-05-12;935.0
2020-05-12;935.0
2020-05-12;935.0
2020-05-12;934.0
2020-05-13;940.0
2020-05-13;939.0
2020-05-13;940.0
2020-05-13;940.0
2020-05-14;937.0
2020-05-14;939.0
2020-05-14;938.0
2020-05-14;938.0
2020-05-15;931.0
2020-05-15;927.0
2020-05-15;922.0
2020-05-15;926.0
2020-05-16;913.0
2020-05-16;908.0
2020-05-16;903.0
2020-05-16;908.0
2020-05-17;897.0
2020-05-17;899.0
2020-05-17;898.0
2020-05-17;898.0
2020-05-18;902.0
2020-05-18;902.0
2020-05-18;902.0
2020-05-18;902.0
2020-05-19;899.0
2020-05-19;901.0
2020-05-19;903.0
2020-05-19;901.0
2020-05-20;923.0
2020-05-20;917.0
2020-05-20;923.0
2020-05-20;929.0
2020-05-21;942.0
2020-05-21;940.0
2020-05-21;944.0
2020-05-21;942.0
2020-05-22;944.0
2020-05-22;945.0
2020-05-22;945.0
2020-05-22;945.0
2020-05-23;945.0
2020-05-23;945.0
2020-05-23;945.0
2020-05-23;944.0
2020-05-24;956.0
2020-05-24;959.0
2020-05-24;953.0
2020-05-24;956.0
2020-05-25;959.0
2020-05-25;960.0
2020-05-25;960.0
2020-05-25;961.0
2020-05-26;949.0
2020-05-26;954.0
2020-05-26;951.0
2020-05-26;952.0
2020-05-27;930.0
2020-05-27;940.0
2020-05-27;935.0
2020-05-27;935.0
2020-05-28;919.0
2020-05-28;922.0
2020-05-28;916.0
2020-05-28;919.0
2020-05-29;911.0
2020-05-29;913.0
2020-05-29;912.0
2020-05-29;912.0
2020-05-30;904.0
2020-05-30;908.0
2020-05-30;900.0
2020-05-30;904.0
2020-05-31;889.0
2020-05-31;885.0
2020-05-31;892.0
2020-05-31;888.0
2020-06-01;872.0
2020-06-01;875.0
2020-06-01;870.0
2020-06-01;873.0
2020-06-02;868.0
2020-06-02;868.0
2020-06-02;868.0
2020-06-02;868.0
2020-06-03;871.0
2020-06-03;871.0
2020-06-03;871.0
2020-06-03;871.0
2020-06-04;872.0
2020-06-04;872.0
2020-06-04;872.0
2020-06-04;872.0
2020-06-05;872.0
2020-06-05;872.0
2020-06-05;871.0
2020-06-05;872.0
2020-06-06;874.0
2020-06-06;875.0
2020-06-06;872.0
2020-06-06;874.0
2020-06-07;881.0
2020-06-07;881.0
2020-06-07;883.0
2020-06-07;879.0
2020-06-08;897.0
2020-06-08;897.0
2020-06-08;894.0
2020-06-08;899.0
2020-06-09;905.0
2020-06-09;907.0
2020-06-09;907.0
2020-06-09;908.0
2020-06-10;913.0
2020-06-10;913.0
2020-06-10;912.0
2020-06-10;914.0
2020-06-11;921.0
2020-06-11;922.0
2020-06-11;920.0
2020-06-11;921.0
2020-06-12;929.0
2020-06-12;931.0
2020-06-12;929.0
2020-06-12;926.0
2020-06-13;940.0
2020-06-13;947.0
2020-06-13;944.0
2020-06-13;944.0
2020-06-14;958.0
2020-06-14;956.0
2020-06-14;953.0
2020-06-14;956.0
2020-06-15;961.0
2020-06-15;961.0
2020-06-15;961.0
2020-06-15;961.0
2020-06-16;954.0
2020-06-16;955.0
2020-06-16;952.0
2020-06-16;957.0
2020-06-17;947.0
2020-06-17;948.0
2020-06-17;947.0
2020-06-17;946.0
2020-06-18;946.0
2020-06-18;945.0
2020-06-18;947.0
2020-06-18;946.0
2020-06-19;935.0
2020-06-19;935.0
2020-06-19;933.0
2020-06-19;937.0
2020-06-20;953.0
2020-06-20;962.0
2020-06-20;943.0
2020-06-20;953.0
2020-06-21;985.0
2020-06-21;985.0
2020-06-21;990.0
2020-06-21;980.0
2020-06-22;1008.0
2020-06-22;1006.0
2020-06-22;1006.0
2020-06-22;1004.0
2020-06-23;1015.0
2020-06-23;1018.0
2020-06-23;1020.0
2020-06-23;1018.0
2020-06-24;1022.0
2020-06-24;1021.0
2020-06-24;1022.0
2020-06-24;1021.0
2020-06-25;1015.0
2020-06-25;1017.0
2020-06-25;1013.0
2020-06-25;1015.0
2020-06-26;1015.0
2020-06-26;1017.0
2020-06-26;1013.0
2020-06-26;1015.0
2020-06-27;1025.0
2020-06-27;1025.0
2020-06-27;1027.0
2020-06-27;1022.0
2020-06-28;1034.0
2020-06-28;1032.0
2020-06-28;1033.0
2020-06-28;1033.0
2020-06-29;1039.0
2020-06-29;1039.0
2020-06-29;1037.0
2020-06-29;1040.0
2020-06-30;1041.0
2020-06-30;1041.0
2020-06-30;1042.0
2020-06-30;1042.0
2020-07-01;1036.0
2020-07-01;1038.0
2020-07-01;1039.0
2020-07-01;1037.0
2020-07-02;1027.0
2020-07-02;1024.0
2020-07-02;1029.0
2020-07-02;1026.0
2020-07-03;1012.0
2020-07-03;1013.0
2020-07-03;1011.0
2020-07-03;1012.0
2020-07-04;1005.0
2020-07-04;1004.0
2020-07-04;1006.0
2020-07-04;1005.0
2020-07-05;1004.0
2020-07-05;1002.0
2020-07-05;1006.0
2020-07-05;1004.0
2020-07-06;1009.0
2020-07-06;1010.0
2020-07-06;1010.0
2020-07-06;1009.0
2020-07-07;999.0
2020-07-07;1003.0
2020-07-07;999.0
2020-07-07;995.0
2020-07-08;989.0
2020-07-08;987.0
2020-07-08;991.0
2020-07-08;989.0
2020-07-09;970.0
2020-07-09;975.0
2020-07-09;965.0
2020-07-09;970.0
2020-07-10;949.0
2020-07-10;949.0
2020-07-10;945.0
2020-07-10;953.0
2020-07-11;934.0
2020-07-11;935.0
2020-07-11;934.0
2020-07-11;933.0
2020-07-12;928.0
2020-07-12;930.0
2020-07-12;933.0
2020-07-12;931.0
2020-07-13;925.0
2020-07-13;925.0
2020-07-13;926.0
2020-07-13;924.0
2020-07-14;929.0
2020-07-14;929.0
2020-07-14;929.0
2020-07-14;929.0
2020-07-15;927.0
2020-07-15;926.0
2020-07-15;926.0
2020-07-15;927.0
2020-07-16;929.0
2020-07-16;929.0
2020-07-16;929.0
2020-07-16;929.0
2020-07-17;932.0
2020-07-17;933.0
2020-07-17;932.0
2020-07-17;931.0
2020-07-18;934.0
2020-07-18;933.0
2020-07-18;934.0
2020-07-18;934.0
2020-07-19;939.0
2020-07-19;945.0
2020-07-19;942.0
2020-07-19;942.0
2020-07-20;953.0
2020-07-20;956.0
2020-07-20;955.0
2020-07-20;955.0
2020-07-21;952.0
2020-07-21;954.0
2020-07-21;956.0
2020-07-21;954.0
2020-07-22;940.0
2020-07-22;937.0
2020-07-22;943.0
2020-07-22;940.0
2020-07-23;929.0
2020-07-23;921.0
2020-07-23;912.0
2020-07-23;920.0
2020-07-24;909.0
2020-07-24;900.0
2020-07-24;905.0
2020-07-24;904.0
2020-07-25;889.0
2020-07-25;886.0
2020-07-25;891.0
2020-07-25;888.0
2020-07-26;883.0
2020-07-26;884.0
2020-07-26;881.0
2020-07-26;882.0
2020-07-27;881.0
2020-07-27;883.0
2020-07-27;883.0
2020-07-27;884.0
2020-07-28;886.0
2020-07-28;886.0
2020-07-28;886.0
2020-07-28;885.0
2020-07-29;883.0
2020-07-29;885.0
2020-07-29;884.0
2020-07-29;884.0
2020-07-30;880.0
2020-07-30;879.0
2020-07-30;878.0
2020-07-30;879.0
2020-07-31;875.0
2020-07-31;874.0
2020-07-31;876.0
2020-07-31;875.0
2020-08-01;868.0
2020-08-01;870.0
2020-08-01;867.0
2020-08-01;869.0
2020-08-02;861.0
2020-08-02;858.0
2020-08-02;858.0
2020-08-02;855.0
2020-08-03;849.0
2020-08-03;849.0
2020-08-03;848.0
2020-08-03;848.0
2020-08-04;844.0
2020-08-04;843.0
2020-08-04;843.0
2020-08-04;844.0
2020-08-05;847.0
2020-08-05;849.0
2020-08-05;847.0
2020-08-05;845.0
2020-08-06;855.0
2020-08-06;859.0
2020-08-06;862.0
2020-08-06;859.0
2020-08-07;879.0
2020-08-07;871.0
2020-08-07;875.0
2020-08-07;875.0
2020-08-08;890.0
2020-08-08;890.0
2020-08-08;888.0
2020-08-08;891.0
2020-08-09;902.0
2020-08-09;900.0
2020-08-09;903.0
2020-08-09;902.0
2020-08-10;892.0
2020-08-10;890.0
2020-08-10;892.0
2020-08-10;894.0
2020-08-11;888.0
2020-08-11;882.0
2020-08-11;885.0
2020-08-11;885.0
2020-08-12;866.0
2020-08-12;869.0
2020-08-12;869.0
2020-08-12;872.0
2020-08-13;855.0
2020-08-13;853.0
2020-08-13;856.0
2020-08-13;854.0
2020-08-14;844.0
2020-08-14;842.0
2020-08-14;845.0
2020-08-14;843.0
2020-08-15;835.0
2020-08-15;838.0
2020-08-15;836.0
2020-08-15;837.0
2020-08-16;838.0
2020-08-16;837.0
2020-08-16;838.0
2020-08-16;838.0
2020-08-17;843.0
2020-08-17;841.0
2020-08-17;842.0
2020-08-17;842.0
2020-08-18;845.0
2020-08-18;845.0
2020-08-18;845.0
2020-08-18;845.0
2020-08-19;842.0
2020-08-19;844.0
2020-08-19;840.0
2020-08-19;842.0
2020-08-20;831.0
2020-08-20;828.0
2020-08-20;834.0
2020-08-20;831.0
2020-08-21;815.0
2020-08-21;810.0
2020-08-21;815.0
2020-08-21;820.0
2020-08-22;795.0
2020-08-22;798.0
2020-08-22;798.0
2020-08-22;801.0
2020-08-23;793.0
2020-08-23;793.0
2020-08-23;794.0
2020-08-23;794.0
2020-08-24;788.0
2020-08-24;785.0
2020-08-24;787.0
2020-08-24;790.0
2020-08-25;778.0
2020-08-25;775.0
2020-08-25;771.0
2020-08-25;774.0
2020-08-26;753.0
2020-08-26;761.0
2020-08-26;757.0
2020-08-26;757.0
2020-08-27;738.0
2020-08-27;733.0
2020-08-27;742.0
2020-08-27;737.0
2020-08-28;721.0
2020-08-28;724.0
2020-08-28;718.0
2020-08-28;721.0
2020-08-29;712.0
2020-08-29;712.0
2020-08-29;712.0
2020-08-29;712.0
2020-08-30;707.0
2020-08-30;710.0
2020-08-30;709.0
2020-08-30;708.0
2020-08-31;704.0
2020-08-31;704.0
2020-08-31;703.0
2020-08-31;705.0
2020-09-01;700.0
2020-09-01;701.0
2020-09-01;700.0
2020-09-01;699.0
2020-09-02;704.0
2020-09-02;703.0
2020-09-02;703.0
2020-09-02;702.0
2020-09-03;712.0
2020-09-03;711.0
2020-09-03;712.0
2020-09-03;712.0
2020-09-04;710.0
2020-09-04;711.0
2020-09-04;712.0
2020-09-04;711.0
2020-09-05;711.0
2020-09-05;712.0
2020-09-05;710.0
2020-09-05;711.0
2020-09-06;716.0
2020-09-06;717.0
2020-09-06;715.0
2020-09-06;716.0
2020-09-07;716.0
2020-09-07;714.0
2020-09-07;713.0
2020-09-07;715.0
2020-09-08;706.0
2020-09-08;706.0
2020-09-08;706.0
2020-09-08;706.0
2020-09-09;684.0
2020-09-09;689.0
2020-09-09;679.0
2020-09-09;684.0
2020-09-10;669.0
2020-09-10;662.0
2020-09-10;665.0
2020-09-10;666.0
2020-09-11;650.0
2020-09-11;646.0
2020-09-11;653.0
2020-09-11;649.0
2020-09-12;635.0
2020-09-12;638.0
2020-09-12;640.0
2020-09-12;637.0
2020-09-13;634.0
2020-09-13;634.0
2020-09-13;633.0
2020-09-13;633.0
2020-09-14;627.0
2020-09-14;629.0
2020-09-14;625.0
2020-09-14;627.0
2020-09-15;627.0
2020-09-15;628.0
2020-09-15;626.0
2020-09-15;627.0
2020-09-16;634.0
2020-09-16;638.0
2020-09-16;636.0
2020-09-16;636.0
2020-09-17;646.0
2020-09-17;644.0
2020-09-17;644.0
2020-09-17;642.0
2020-09-18;648.0
2020-09-18;646.0
2020-09-18;647.0
2020-09-18;647.0
2020-09-19;641.0
2020-09-19;643.0
2020-09-19;638.0
2020-09-19;640.0
2020-09-20;632.0
2020-09-20;631.0
2020-09-20;633.0
2020-09-20;632.0
2020-09-21;635.0
2020-09-21;634.0
2020-09-21;632.0
2020-09-21;634.0
2020-09-22;643.0
2020-09-22;644.0
2020-09-22;641.0
2020-09-22;643.0
2020-09-23;651.0
2020-09-23;653.0
2020-09-23;648.0
2020-09-23;651.0
2020-09-24;664.0
2020-09-24;660.0
2020-09-24;662.0
2020-09-24;662.0
2020-09-25;672.0
2020-09-25;670.0
2020-09-25;674.0
2020-09-25;672.0
2020-09-26;675.0
2020-09-26;675.0
2020-09-26;675.0
2020-09-26;675.0
2020-09-27;664.0
2020-09-27;662.0
2020-09-27;664.0
2020-09-27;666.0
2020-09-28;660.0
2020-09-28;659.0
2020-09-28;658.0
2020-09-28;657.0
2020-09-29;652.0
2020-09-29;650.0
2020-09-29;653.0
2020-09-29;651.0
2020-09-30;646.0
2020-09-30;646.0
2020-09-30;646.0
2020-09-30;646.0
2020-10-01;649.0
2020-10-01;650.0
2020-10-01;649.0
2020-10-01;648.0
2020-10-02;657.0
2020-10-02;664.0
2020-10-02;657.0
2020-10-02;650.0
2020-10-03;676.0
2020-10-03;673.0
2020-10-03;678.0
2020-10-03;676.0
2020-10-04;686.0
2020-10-04;690.0
2020-10-04;682.0
2020-10-04;686.0
2020-10-05;701.0
2020-10-05;710.0
2020-10-05;706.0
2020-10-05;706.0
2020-10-06;720.0
2020-10-06;724.0
2020-10-06;727.0
2020-10-06;724.0
2020-10-07;733.0
2020-10-07;732.0
2020-10-07;734.0
2020-10-07;733.0
2020-10-08;739.0
2020-10-08;743.0
2020-10-08;735.0
2020-10-08;739.0
2020-10-09;753.0
2020-10-09;759.0
2020-10-09;764.0
2020-10-09;759.0
2020-10-10;778.0
2020-10-10;774.0
2020-10-10;782.0
2020-10-10;778.0
2020-10-11;788.0
2020-10-11;787.0
2020-10-11;788.0
2020-10-11;788.0
2020-10-12;783.0
2020-10-12;786.0
2020-10-12;785.0
2020-10-12;784.0
2020-10-13;779.0
2020-10-13;780.0
2020-10-13;779.0
2020-10-13;780.0
2020-10-14;782.0
2020-10-14;779.0
2020-10-14;784.0
2020-10-14;782.0
2020-10-15;789.0
2020-10-15;788.0
2020-10-15;789.0
2020-10-15;789.0
2020-10-16;790.0
2020-10-16;790.0
2020-10-16;790.0
2020-10-16;790.0
2020-10-17;789.0
2020-10-17;790.0
2020-10-17;788.0
2020-10-17;789.0
2020-10-18;785.0
2020-10-18;783.0
2020-10-18;782.0
2020-10-18;780.0
2020-10-19;777.0
2020-10-19;772.0
2020-10-19;782.0
2020-10-19;777.0
2020-10-20;765.0
2020-10-20;763.0
2020-10-20;767.0
2020-10-20;765.0
2020-10-21;756.0
2020-10-21;758.0
2020-10-21;756.0
2020-10-21;754.0
2020-10-22;750.0
2020-10-22;748.0
2020-10-22;752.0
2020-10-22;750.0
2020-10-23;755.0
2020-10-23;754.0
2020-10-23;755.0
2020-10-23;754.0
2020-10-24;743.0
2020-10-24;749.0
2020-10-24;746.0
2020-10-24;746.0
2020-10-25;737.0
2020-10-25;728.0
2020-10-25;732.0
2020-10-25;733.0
2020-10-26;717.0
2020-10-26;719.0
2020-10-26;716.0
2020-10-26;714.0
2020-10-27;705.0
2020-10-27;707.0
2020-10-27;710.0
2020-10-27;708.0
2020-10-28;697.0
2020-10-28;699.0
2020-10-28;695.0
2020-10-28;697.0
2020-10-29;687.0
2020-10-29;689.0
2020-10-29;687.0
2020-10-29;685.0
2020-10-30;678.0
2020-10-30;677.0
2020-10-30;676.0
2020-10-30;679.0
2020-10-31;683.0
2020-10-31;689.0
2020-10-31;686.0
2020-10-31;686.0
2020-11-01;695.0
2020-11-01;694.0
2020-11-01;696.0
2020-11-01;695.0
2020-11-02;697.0
2020-11-02;696.0
2020-11-02;697.0
2020-11-02;697.0
2020-11-03;699.0
2020-11-03;699.0
2020-11-03;696.0
2020-11-03;702.0
2020-11-04;699.0
2020-11-04;698.0
2020-11-04;700.0
2020-11-04;701.0
2020-11-05;692.0
2020-11-05;692.0
2020-11-05;692.0
2020-11-05;692.0
2020-11-06;694.0
2020-11-06;694.0
2020-11-06;694.0
2020-11-06;694.0
2020-11-07;701.0
2020-11-07;704.0
2020-11-07;697.0
2020-11-07;701.0
2020-11-08;722.0
2020-11-08;717.0
2020-11-08;727.0
2020-11-08;722.0
2020-11-09;738.0
2020-11-09;733.0
2020-11-09;738.0
2020-11-09;742.0
2020-11-10;781.0
2020-11-10;781.0
2020-11-10;789.0
2020-11-10;772.0
2020-11-11;792.0
2020-11-11;790.0
2020-11-11;791.0
2020-11-11;791.0
2020-11-12;778.0
2020-11-12;784.0
2020-11-12;778.0
2020-11-12;772.0
2020-11-13;738.0
2020-11-13;723.0
2020-11-13;752.0
2020-11-13;737.0
2020-11-14;711.0
2020-11-14;714.0
2020-11-14;717.0
2020-11-14;714.0
2020-11-15;694.0
2020-11-15;695.0
2020-11-15;696.0
2020-11-15;697.0
2020-11-16;687.0
2020-11-16;690.0
2020-11-16;684.0
2020-11-16;687.0
2020-11-17;684.0
2020-11-17;688.0
2020-11-17;680.0
2020-11-17;684.0
2020-11-18;702.0
2020-11-18;706.0
2020-11-18;710.0
2020-11-18;706.0
2020-11-19;713.0
2020-11-19;713.0
2020-11-19;713.0
2020-11-19;712.0
2020-11-20;707.0
2020-11-20;709.0
2020-11-20;705.0
2020-11-20;707.0
2020-11-21;705.0
2020-11-21;703.0
2020-11-21;701.0
2020-11-21;703.0
2020-11-22;710.0
2020-11-22;710.0
2020-11-22;710.0
2020-11-22;710.0
2020-11-23;708.0
2020-11-23;707.0
2020-11-23;706.0
2020-11-23;707.0
2020-11-24;702.0
2020-11-24;700.0
2020-11-24;701.0
2020-11-24;701.0
2020-11-25;698.0
2020-11-25;698.0
2020-11-25;697.0
2020-11-25;699.0
2020-11-26;693.0
2020-11-26;692.0
2020-11-26;694.0
2020-11-26;693.0
2020-11-27;689.0
2020-11-27;688.0
2020-11-27;689.0
2020-11-27;690.0
2020-11-28;723.0
2020-11-28;706.0
2020-11-28;740.0
2020-11-28;723.0
2020-11-29;764.0
2020-11-29;761.0
2020-11-29;767.0
2020-11-29;764.0
2020-11-30;772.0
2020-11-30;772.0
2020-11-30;772.0
2020-11-30;772.0
2020-12-01;759.0
2020-12-01;762.0
2020-12-01;762.0
2020-12-01;765.0
2020-12-02;740.0
2020-12-02;745.0
2020-12-02;735.0
2020-12-02;740.0
2020-12-03;721.0
2020-12-03;718.0
2020-12-03;723.0
2020-12-03;720.0
2020-12-04;712.0
2020-12-04;711.0
2020-12-04;713.0
2020-12-04;712.0
2020-12-05;704.0
2020-12-05;707.0
2020-12-05;705.0
2020-12-05;702.0
2020-12-06;698.0
2020-12-06;698.0
2020-12-06;697.0
2020-12-06;697.0
2020-12-07;696.0
2020-12-07;696.0
2020-12-07;696.0
2020-12-07;696.0
2020-12-08;707.0
2020-12-08;711.0
2020-12-08;703.0
2020-12-08;707.0
2020-12-09;726.0
2020-12-09;722.0
2020-12-09;730.0
2020-12-09;726.0
2020-12-10;735.0
2020-12-10;735.0
2020-12-10;735.0
2020-12-10;735.0
2020-12-11;732.0
2020-12-11;731.0
2020-12-11;732.0
2020-12-11;731.0
2020-12-12;726.0
2020-12-12;723.0
2020-12-12;720.0
2020-12-12;723.0
2020-12-13;716.0
2020-12-13;717.0
2020-12-13;716.0
2020-12-13;717.0
2020-12-14;711.0
2020-12-14;708.0
2020-12-14;710.0
2020-12-14;713.0
2020-12-15;699.0
2020-12-15;700.0
2020-12-15;702.0
2020-12-15;701.0
2020-12-16;692.0
2020-12-16;691.0
2020-12-16;694.0
2020-12-16;689.0
2020-12-17;676.0
2020-12-17;676.0
2020-12-17;680.0
2020-12-17;672.0
2020-12-18;666.0
2020-12-18;667.0
2020-12-18;667.0
2020-12-18;666.0
2020-12-19;665.0
2020-12-19;665.0
2020-12-19;665.0
2020-12-19;665.0
2020-12-20;667.0
2020-12-20;668.0
2020-12-20;668.0
2020-12-20;668.0
2020-12-21;677.0
2020-12-21;674.0
2020-12-21;680.0
2020-12-21;677.0
2020-12-22;703.0
2020-12-22;690.0
2020-12-22;697.0
2020-12-22;697.0
2020-12-23;718.0
2020-12-23;715.0
2020-12-23;718.0
2020-12-23;721.0
2020-12-24;729.0
2020-12-24;729.0
2020-12-24;732.0
2020-12-24;725.0
2020-12-25;744.0
2020-12-25;738.0
2020-12-25;741.0
2020-12-25;741.0
2020-12-26;752.0
2020-12-26;752.0
2020-12-26;753.0
2020-12-26;750.0
2020-12-27;754.0
2020-12-27;754.0
2020-12-27;754.0
2020-12-27;754.0
2020-12-28;745.0
2020-12-28;745.0
2020-12-28;748.0
2020-12-28;742.0
2020-12-29;734.0
2020-12-29;731.0
2020-12-29;736.0
2020-12-29;733.0
2020-12-30;721.0
2020-12-30;718.0
2020-12-30;723.0
2020-12-30;720.0
2020-12-31;709.0
2020-12-31;706.0
2020-12-31;706.0
2020-12-31;703.0
2021-01-01;690.0
2021-01-01;694.0
2021-01-01;694.0
2021-01-01;698.0
2021-01-02;686.0
2021-01-02;697.0
2021-01-02;692.0
2021-01-02;692.0
2021-01-03;709.0
2021-01-03;714.0
2021-01-03;712.0
2021-01-03;712.0
2021-01-04;717.0
2021-01-04;715.0
2021-01-04;716.0
2021-01-04;716.0
2021-01-05;710.0
2021-01-05;710.0
2021-01-05;708.0
2021-01-05;712.0
2021-01-06;705.0
2021-01-06;703.0
2021-01-06;701.0
2021-01-06;703.0
2021-01-07;697.0
2021-01-07;693.0
2021-01-07;694.0
2021-01-07;690.0
2021-01-08;686.0
2021-01-08;686.0
2021-01-08;681.0
2021-01-08;691.0
2021-01-09;709.0
2021-01-09;712.0
2021-01-09;705.0
2021-01-09;709.0
2021-01-10;710.0
2021-01-10;708.0
2021-01-10;712.0
2021-01-10;710.0
2021-01-11;698.0
2021-01-11;694.0
2021-01-11;690.0
2021-01-11;694.0
2021-01-12;673.0
2021-01-12;678.0
2021-01-12;668.0
2021-01-12;673.0
2021-01-13;655.0
2021-01-13;658.0
2021-01-13;655.0
2021-01-13;652.0
2021-01-14;648.0
2021-01-14;648.0
2021-01-14;648.0
2021-01-14;648.0
2021-01-15;664.0
2021-01-15;660.0
2021-01-15;662.0
2021-01-15;662.0
2021-01-16;666.0
2021-01-16;667.0
2021-01-16;667.0
2021-01-16;668.0
2021-01-17;664.0
2021-01-17;661.0
2021-01-17;666.0
2021-01-17;663.0
2021-01-18;656.0
2021-01-18;655.0
2021-01-18;654.0
2021-01-18;657.0
2021-01-19;646.0
2021-01-19;644.0
2021-01-19;645.0
2021-01-19;647.0
2021-01-20;647.0
2021-01-20;647.0
2021-01-20;648.0
2021-01-20;645.0
2021-01-21;652.0
2021-01-21;652.0
2021-01-21;651.0
2021-01-21;652.0
2021-01-22;669.0
2021-01-22;681.0
2021-01-22;657.0
2021-01-22;669.0
2021-01-23;787.0
2021-01-23;753.0
2021-01-23;821.0
2021-01-23;787.0
2021-01-24;908.0
2021-01-24;920.0
2021-01-24;908.0
2021-01-24;895.0
2021-01-25;923.0
2021-01-25;920.0
2021-01-25;922.0
2021-01-25;925.0
2021-01-26;909.0
2021-01-26;905.0
2021-01-26;907.0
2021-01-26;907.0
2021-01-27;888.0
2021-01-27;895.0
2021-01-27;889.0
2021-01-27;882.0
2021-01-28;855.0
2021-01-28;865.0
2021-01-28;845.0
2021-01-28;855.0
2021-01-29;829.0
2021-01-29;819.0
2021-01-29;819.0
2021-01-29;809.0
2021-01-30;782.0
2021-01-30;782.0
2021-01-30;775.0
2021-01-30;789.0
2021-01-31;736.0
2021-01-31;746.0
2021-01-31;726.0
2021-01-31;736.0
2021-02-01;700.0
2021-02-01;705.0
2021-02-01;696.0
2021-02-01;701.0
2021-02-02;687.0
2021-02-02;684.0
2021-02-02;685.0
2021-02-02;682.0
2021-02-03;676.0
2021-02-03;678.0
2021-02-03;679.0
2021-02-03;677.0
2021-02-04;676.0
2021-02-04;672.0
2021-02-04;679.0
2021-02-04;676.0
2021-02-05;702.0
2021-02-05;702.0
2021-02-05;708.0
2021-02-05;696.0
2021-02-06;729.0
2021-02-06;725.0
2021-02-06;733.0
2021-02-06;729.0
2021-02-07;739.0
2021-02-07;740.0
2021-02-07;740.0
2021-02-07;740.0
2021-02-08;753.0
2021-02-08;753.0
2021-02-08;752.0
2021-02-08;753.0
2021-02-09;746.0
2021-02-09;747.0
2021-02-09;745.0
2021-02-09;746.0
2021-02-10;739.0
2021-02-10;738.0
2021-02-10;737.0
2021-02-10;740.0
2021-02-11;718.0
2021-02-11;723.0
2021-02-11;727.0
2021-02-11;722.0
2021-02-12;711.0
2021-02-12;712.0
2021-02-12;711.0
2021-02-12;712.0
2021-02-13;712.0
2021-02-13;711.0
2021-02-13;712.0
2021-02-13;711.0
2021-02-14;704.0
2021-02-14;706.0
2021-02-14;702.0
2021-02-14;704.0
2021-02-15;703.0
2021-02-15;703.0
2021-02-15;704.0
2021-02-15;704.0
2021-02-16;699.0
2021-02-16;700.0
2021-02-16;703.0
2021-02-16;696.0
2021-02-17;682.0
2021-02-17;686.0
2021-02-17;690.0
2021-02-17;686.0
2021-02-18;672.0
2021-02-18;656.0
2021-02-18;664.0
2021-02-18;664.0
2021-02-19;637.0
2021-02-19;637.0
2021-02-19;632.0
2021-02-19;642.0
2021-02-20;612.0
2021-02-20;617.0
2021-02-20;607.0
2021-02-20;612.0
2021-02-21;590.0
2021-02-21;580.0
2021-02-21;585.0
2021-02-21;585.0
2021-02-22;571.0
2021-02-22;570.0
2021-02-22;574.0
2021-02-22;567.0
2021-02-23;561.0
2021-02-23;562.0
2021-02-23;560.0
2021-02-23;561.0
2021-02-24;554.0
2021-02-24;553.0
2021-02-24;556.0
2021-02-24;555.0
2021-02-25;548.0
2021-02-25;548.0
2021-02-25;548.0
2021-02-25;548.0
2021-02-26;543.0
2021-02-26;544.0
2021-02-26;545.0
2021-02-26;544.0
2021-02-27;551.0
2021-02-27;544.0
2021-02-27;548.0
2021-02-27;548.0
2021-02-28;562.0
2021-02-28;562.0
2021-02-28;566.0
2021-02-28;558.0
2021-03-01;573.0
2021-03-01;576.0
2021-03-01;573.0
2021-03-01;570.0
2021-03-02;574.0
2021-03-02;575.0
2021-03-02;576.0
2021-03-02;575.0
2021-03-03;570.0
2021-03-03;566.0
2021-03-03;568.0
2021-03-03;568.0
2021-03-04;560.0
2021-03-04;559.0
2021-03-04;562.0
2021-03-04;557.0
2021-03-05;550.0
2021-03-05;553.0
2021-03-05;551.0
2021-03-05;548.0
2021-03-06;539.0
2021-03-06;536.0
2021-03-06;542.0
2021-03-06;539.0
2021-03-07;546.0
2021-03-07;549.0
2021-03-07;542.0
2021-03-07;546.0
2021-03-08;561.0
2021-03-08;566.0
2021-03-08;571.0
2021-03-08;566.0
2021-03-09;579.0
2021-03-09;574.0
2021-03-09;583.0
2021-03-09;579.0
2021-03-10;598.0
2021-03-10;592.0
2021-03-10;595.0
2021-03-10;595.0
2021-03-11;610.0
2021-03-11;610.0
2021-03-11;606.0
2021-03-11;613.0
2021-03-12;626.0
2021-03-12;629.0
2021-03-12;631.0
2021-03-12;629.0
2021-03-13;644.0
2021-03-13;649.0
2021-03-13;644.0
2021-03-13;639.0
2021-03-14;662.0
2021-03-14;673.0
2021-03-14;668.0
2021-03-14;668.0
2021-03-15;680.0
2021-03-15;688.0
2021-03-15;684.0
2021-03-15;684.0
2021-03-16;703.0
2021-03-16;702.0
2021-03-16;700.0
2021-03-16;702.0
2021-03-17;704.0
2021-03-17;703.0
2021-03-17;704.0
2021-03-17;704.0
2021-03-18;713.0
2021-03-18;715.0
2021-03-18;713.0
2021-03-18;710.0
2021-03-19;714.0
2021-03-19;714.0
2021-03-19;714.0
2021-03-19;714.0
2021-03-20;709.0
2021-03-20;710.0
2021-03-20;710.0
2021-03-20;709.0
2021-03-21;702.0
2021-03-21;705.0
2021-03-21;699.0
2021-03-21;702.0
2021-03-22;692.0
2021-03-22;690.0
2021-03-22;694.0
2021-03-22;692.0
2021-03-23;691.0
2021-03-23;691.0
2021-03-23;692.0
2021-03-23;692.0
2021-03-24;687.0
2021-03-24;689.0
2021-03-24;686.0
2021-03-24;688.0
2021-03-25;685.0
2021-03-25;685.0
2021-03-25;684.0
2021-03-25;685.0
2021-03-26;691.0
2021-03-26;691.0
2021-03-26;696.0
2021-03-26;686.0
2021-03-27;704.0
2021-03-27;702.0
2021-03-27;700.0
2021-03-27;702.0
2021-03-28;711.0
2021-03-28;714.0
2021-03-28;714.0
2021-03-28;716.0
2021-03-29;730.0
2021-03-29;750.0
2021-03-29;770.0
2021-03-29;750.0
2021-03-30;801.0
2021-03-30;801.0
2021-03-30;791.0
2021-03-30;810.0
2021-03-31;880.0
2021-03-31;853.0
2021-03-31;867.0
2021-03-31;867.0
2021-04-01;903.0
2021-04-01;909.0
2021-04-01;909.0
2021-04-01;915.0
2021-04-02;926.0
2021-04-02;928.0
2021-04-02;928.0
2021-04-02;930.0
2021-04-03;930.0
2021-04-03;930.0
2021-04-03;931.0
2021-04-03;931.0
2021-04-04;927.0
2021-04-04;928.0
2021-04-04;926.0
2021-04-04;927.0
2021-04-05;927.0
2021-04-05;927.0
2021-04-05;926.0
2021-04-05;928.0
2021-04-06;943.0
2021-04-06;943.0
2021-04-06;948.0
2021-04-06;938.0
2021-04-07;967.0
2021-04-07;969.0
2021-04-07;967.0
2021-04-07;964.0
2021-04-08;972.0
2021-04-08;975.0
2021-04-08;978.0
2021-04-08;975.0
2021-04-09;978.0
2021-04-09;978.0
2021-04-09;978.0
2021-04-09;978.0
2021-04-10;973.0
2021-04-10;976.0
2021-04-10;974.0
2021-04-10;975.0
2021-04-11;963.0
2021-04-11;964.0
2021-04-11;962.0
2021-04-11;963.0
2021-04-12;953.0
2021-04-12;949.0
2021-04-12;956.0
2021-04-12;952.0
2021-04-13;936.0
2021-04-13;932.0
2021-04-13;935.0
2021-04-13;939.0
2021-04-14;920.0
2021-04-14;923.0
2021-04-14;925.0
2021-04-14;922.0
2021-04-15;923.0
2021-04-15;922.0
2021-04-15;923.0
2021-04-15;923.0
2021-04-16;930.0
2021-04-16;933.0
2021-04-16;926.0
2021-04-16;930.0
2021-04-17;947.0
2021-04-17;949.0
2021-04-17;944.0
2021-04-17;947.0
2021-04-18;961.0
2021-04-18;964.0
2021-04-18;966.0
2021-04-18;964.0
2021-04-19;975.0
2021-04-19;972.0
2021-04-19;975.0
2021-04-19;978.0
2021-04-20;980.0
2021-04-20;980.0
2021-04-20;980.0
2021-04-20;980.0
2021-04-21;976.0
2021-04-21;976.0
2021-04-21;977.0
2021-04-21;975.0
2021-04-22;963.0
2021-04-22;963.0
2021-04-22;969.0
2021-04-22;957.0
2021-04-23;953.0
2021-04-23;948.0
2021-04-23;952.0
2021-04-23;957.0
2021-04-24;938.0
2021-04-24;944.0
2021-04-24;932.0
2021-04-24;938.0
2021-04-25;914.0
2021-04-25;920.0
2021-04-25;909.0
2021-04-25;915.0
2021-04-26;909.0
2021-04-26;907.0
2021-04-26;908.0
2021-04-26;908.0
2021-04-27;961.0
2021-04-27;946.0
2021-04-27;946.0
2021-04-27;931.0
2021-04-28;1005.0
2021-04-28;1017.0
2021-04-28;993.0
2021-04-28;1005.0
2021-04-29;1040.0
2021-04-29;1053.0
2021-04-29;1053.0
2021-04-29;1066.0
2021-04-30;1098.0
2021-04-30;1072.0
2021-04-30;1085.0
2021-04-30;1085.0
2021-05-01;1019.0
2021-05-01;1017.0
2021-05-01;1021.0
2021-05-01;1019.0
2021-05-02;1028.0
2021-05-02;1028.0
2021-05-02;1027.0
2021-05-02;1027.0
2021-05-03;1017.0
2021-05-03;1022.0
2021-05-03;1013.0
2021-05-03;1018.0
2021-05-04;988.0
2021-05-04;979.0
2021-05-04;997.0
2021-05-04;988.0
2021-05-05;959.0
2021-05-05;969.0
2021-05-05;964.0
2021-05-05;964.0
2021-05-06;942.0
2021-05-06;951.0
2021-05-06;946.0
2021-05-06;947.0
2021-05-07;929.0
2021-05-07;930.0
2021-05-07;926.0
2021-05-07;933.0
2021-05-08;914.0
2021-05-08;921.0
2021-05-08;917.0
2021-05-08;918.0
2021-05-09;906.0
2021-05-09;909.0
2021-05-09;912.0
2021-05-09;909.0
2021-05-10;900.0
2021-05-10;900.0
2021-05-10;900.0
2021-05-10;899.0
2021-05-11;916.0
2021-05-11;935.0
2021-05-11;916.0
2021-05-11;896.0
2021-05-12;996.0
2021-05-12;984.0
2021-05-12;1008.0
2021-05-12;996.0
2021-05-13;1039.0
2021-05-13;1039.0
2021-05-13;1049.0
2021-05-13;1029.0
2021-05-14;1074.0
2021-05-14;1069.0
2021-05-14;1078.0
2021-05-14;1074.0
2021-05-15;1111.0
2021-05-15;1124.0
2021-05-15;1098.0
2021-05-15;1111.0
2021-05-16;1149.0
2021-05-16;1161.0
2021-05-16;1155.0
2021-05-16;1155.0
2021-05-17;1203.0
2021-05-17;1200.0
2021-05-17;1205.0
2021-05-17;1203.0
2021-05-18;1220.0
2021-05-18;1223.0
2021-05-18;1220.0
2021-05-18;1217.0
2021-05-19;1228.0
2021-05-19;1231.0
2021-05-19;1230.0
2021-05-19;1230.0
2021-05-20;1228.0
2021-05-20;1230.0
2021-05-20;1229.0
2021-05-20;1227.0
2021-05-21;1214.0
2021-05-21;1221.0
2021-05-21;1218.0
2021-05-21;1217.0
2021-05-22;1207.0
2021-05-22;1201.0
2021-05-22;1201.0
2021-05-22;1195.0
2021-05-23;1175.0
2021-05-23;1181.0
2021-05-23;1188.0
2021-05-23;1182.0
2021-05-24;1165.0
2021-05-24;1161.0
2021-05-24;1168.0
2021-05-24;1164.0
2021-05-25;1168.0
2021-05-25;1168.0
2021-05-25;1173.0
2021-05-25;1162.0
2021-05-26;1192.0
2021-05-26;1187.0
2021-05-26;1187.0
2021-05-26;1182.0
2021-05-27;1206.0
2021-05-27;1200.0
2021-05-27;1203.0
2021-05-27;1203.0
2021-05-28;1204.0
2021-05-28;1205.0
2021-05-28;1205.0
2021-05-28;1204.0
2021-05-29;1194.0
2021-05-29;1193.0
2021-05-29;1196.0
2021-05-29;1191.0
2021-05-30;1182.0
2021-05-30;1184.0
2021-05-30;1180.0
2021-05-30;1182.0
2021-05-31;1171.0
2021-05-31;1171.0
2021-05-31;1169.0
2021-05-31;1173.0
2021-06-01;1160.0
2021-06-01;1161.0
2021-06-01;1163.0
2021-06-01;1162.0
2021-06-02;1149.0
2021-06-02;1154.0
2021-06-02;1152.0
2021-06-02;1151.0
2021-06-03;1136.0
2021-06-03;1142.0
2021-06-03;1139.0
2021-06-03;1139.0
2021-06-04;1122.0
2021-06-04;1123.0
2021-06-04;1127.0
2021-06-04;1118.0
2021-06-05;1105.0
2021-06-05;1109.0
2021-06-05;1102.0
2021-06-05;1106.0
2021-06-06;1088.0
2021-06-06;1091.0
2021-06-06;1091.0
2021-06-06;1094.0
2021-06-07;1083.0
2021-06-07;1082.0
2021-06-07;1083.0
2021-06-07;1082.0
2021-06-08;1079.0
2021-06-08;1078.0
2021-06-08;1079.0
2021-06-08;1078.0
2021-06-09;1083.0
2021-06-09;1081.0
2021-06-09;1081.0
2021-06-09;1078.0
2021-06-10;1088.0
2021-06-10;1088.0
2021-06-10;1088.0
2021-06-10;1087.0
2021-06-11;1087.0
2021-06-11;1087.0
2021-06-11;1087.0
2021-06-11;1087.0
2021-06-12;1081.0
2021-06-12;1081.0
2021-06-12;1081.0
2021-06-12;1081.0
2021-06-13;1079.0
2021-06-13;1077.0
2021-06-13;1078.0
2021-06-13;1078.0
2021-06-14;1074.0
2021-06-14;1073.0
2021-06-14;1074.0
2021-06-14;1074.0
2021-06-15;1110.0
2021-06-15;1115.0
2021-06-15;1105.0
2021-06-15;1110.0
2021-06-16;1132.0
2021-06-16;1130.0
2021-06-16;1130.0
2021-06-16;1128.0
2021-06-17;1134.0
2021-06-17;1133.0
2021-06-17;1134.0
2021-06-17;1134.0
2021-06-18;1131.0
2021-06-18;1133.0
2021-06-18;1133.0
2021-06-18;1135.0
2021-06-19;1124.0
2021-06-19;1124.0
2021-06-19;1123.0
2021-06-19;1123.0
2021-06-20;1116.0
2021-06-20;1116.0
2021-06-20;1118.0
2021-06-20;1114.0
2021-06-21;1105.0
2021-06-21;1104.0
2021-06-21;1105.0
2021-06-21;1106.0
2021-06-22;1102.0
2021-06-22;1101.0
2021-06-22;1102.0
2021-06-22;1102.0
2021-06-23;1108.0
2021-06-23;1106.0
2021-06-23;1109.0
2021-06-23;1107.0
2021-06-24;1097.0
2021-06-24;1094.0
2021-06-24;1100.0
2021-06-24;1097.0
2021-06-25;1083.0
2021-06-25;1077.0
2021-06-25;1080.0
2021-06-25;1080.0
2021-06-26;1062.0
2021-06-26;1057.0
2021-06-26;1066.0
2021-06-26;1061.0
2021-06-27;1042.0
2021-06-27;1037.0
2021-06-27;1047.0
2021-06-27;1042.0
2021-06-28;1032.0
2021-06-28;1029.0
2021-06-28;1025.0
2021-06-28;1028.0
2021-06-29;1016.0
2021-06-29;1016.0
2021-06-29;1017.0
2021-06-29;1015.0
2021-06-30;1005.0
2021-06-30;1000.0
2021-06-30;1009.0
2021-06-30;1004.0
2021-07-01;990.0
2021-07-01;990.0
2021-07-01;987.0
2021-07-01;993.0
2021-07-02;979.0
2021-07-02;976.0
2021-07-02;974.0
2021-07-02;977.0
2021-07-03;962.0
2021-07-03;959.0
2021-07-03;961.0
2021-07-03;964.0
2021-07-04;939.0
2021-07-04;944.0
2021-07-04;948.0
2021-07-04;943.0
2021-07-05;929.0
2021-07-05;919.0
2021-07-05;924.0
2021-07-05;924.0
2021-07-06;904.0
2021-07-06;899.0
2021-07-06;909.0
2021-07-06;904.0
2021-07-07;892.0
2021-07-07;888.0
2021-07-07;892.0
2021-07-07;896.0
2021-07-08;867.0
2021-07-08;872.0
2021-07-08;872.0
2021-07-08;877.0
2021-07-09;858.0
2021-07-09;859.0
2021-07-09;857.0
2021-07-09;858.0
2021-07-10;865.0
2021-07-10;870.0
2021-07-10;860.0
2021-07-10;865.0
2021-07-11;880.0
2021-07-11;870.0
2021-07-11;889.0
2021-07-11;880.0
2021-07-12;898.0
2021-07-12;900.0
2021-07-12;899.0
2021-07-12;899.0
2021-07-13;908.0
2021-07-13;911.0
2021-07-13;911.0
2021-07-13;913.0
2021-07-14;933.0
2021-07-14;929.0
2021-07-14;924.0
2021-07-14;929.0
2021-07-15;942.0
2021-07-15;940.0
2021-07-15;942.0
2021-07-15;944.0
2021-07-16;954.0
2021-07-16;954.0
2021-07-16;950.0
2021-07-16;957.0
2021-07-17;960.0
2021-07-17;958.0
2021-07-17;959.0
2021-07-17;959.0
2021-07-18;966.0
2021-07-18;969.0
2021-07-18;963.0
2021-07-18;966.0
2021-07-19;956.0
2021-07-19;956.0
2021-07-19;955.0
2021-07-19;955.0
2021-07-20;943.0
2021-07-20;948.0
2021-07-20;945.0
2021-07-20;946.0
2021-07-21;943.0
2021-07-21;944.0
2021-07-21;944.0
2021-07-21;943.0
2021-07-22;942.0
2021-07-22;941.0
2021-07-22;942.0
2021-07-22;941.0
2021-07-23;938.0
2021-07-23;935.0
2021-07-23;941.0
2021-07-23;938.0
2021-07-24;929.0
2021-07-24;930.0
2021-07-24;932.0
2021-07-24;931.0
2021-07-25;931.0
2021-07-25;932.0
2021-07-25;930.0
2021-07-25;931.0
2021-07-26;928.0
2021-07-26;932.0
2021-07-26;925.0
2021-07-26;929.0
2021-07-27;926.0
2021-07-27;929.0
2021-07-27;923.0
2021-07-27;926.0
2021-07-28;931.0
2021-07-28;930.0
2021-07-28;931.0
2021-07-28;931.0
2021-07-29;927.0
2021-07-29;925.0
2021-07-29;929.0
2021-07-29;927.0
2021-07-30;912.0
2021-07-30;916.0
2021-07-30;908.0
2021-07-30;912.0
2021-07-31;900.0
2021-07-31;895.0
2021-07-31;890.0
2021-07-31;895.0
2021-08-01;875.0
2021-08-01;870.0
2021-08-01;879.0
2021-08-01;874.0
2021-08-02;859.0
2021-08-02;855.0
2021-08-02;862.0
2021-08-02;858.0
2021-08-03;858.0
2021-08-03;862.0
2021-08-03;853.0
2021-08-03;858.0
2021-08-04;885.0
2021-08-04;882.0
2021-08-04;888.0
2021-08-04;885.0
2021-08-05;893.0
2021-08-05;892.0
2021-08-05;893.0
2021-08-05;893.0
2021-08-06;900.0
2021-08-06;896.0
2021-08-06;898.0
2021-08-06;898.0
2021-08-07;902.0
2021-08-07;905.0
2021-08-07;908.0
2021-08-07;905.0
2021-08-08;922.0
2021-08-08;918.0
2021-08-08;918.0
2021-08-08;914.0
2021-08-09;928.0
2021-08-09;929.0
2021-08-09;929.0
2021-08-09;929.0
2021-08-10;919.0
2021-08-10;919.0
2021-08-10;914.0
2021-08-10;924.0
2021-08-11;894.0
2021-08-11;898.0
2021-08-11;899.0
2021-08-11;903.0
2021-08-12;884.0
2021-08-12;884.0
2021-08-12;886.0
2021-08-12;882.0
2021-08-13;889.0
2021-08-13;892.0
2021-08-13;886.0
2021-08-13;889.0
2021-08-14;895.0
2021-08-14;895.0
2021-08-14;894.0
2021-08-14;894.0
2021-08-15;890.0
2021-08-15;889.0
2021-08-15;889.0
2021-08-15;888.0
2021-08-16;884.0
2021-08-16;886.0
2021-08-16;885.0
2021-08-16;885.0
2021-08-17;878.0
2021-08-17;880.0
2021-08-17;876.0
2021-08-17;878.0
2021-08-18;873.0
2021-08-18;872.0
2021-08-18;873.0
2021-08-18;872.0
2021-08-19;875.0
2021-08-19;875.0
2021-08-19;875.0
2021-08-19;875.0
2021-08-20;875.0
2021-08-20;875.0
2021-08-20;875.0
2021-08-20;875.0
2021-08-21;875.0
2021-08-21;875.0
2021-08-21;875.0
2021-08-21;875.0
2021-08-22;873.0
2021-08-22;874.0
2021-08-22;873.0
2021-08-22;874.0
2021-08-23;870.0
2021-08-23;871.0
2021-08-23;870.0
2021-08-23;871.0
2021-08-24;863.0
2021-08-24;860.0
2021-08-24;865.0
2021-08-24;862.0
2021-08-25;853.0
2021-08-25;850.0
2021-08-25;855.0
2021-08-25;852.0
2021-08-26;828.0
2021-08-26;821.0
2021-08-26;828.0
2021-08-26;835.0
2021-08-27;813.0
2021-08-27;810.0
2021-08-27;815.0
2021-08-27;812.0
2021-08-28;812.0
2021-08-28;812.0
2021-08-28;811.0
2021-08-28;812.0
2021-08-29;816.0
2021-08-29;814.0
2021-08-29;816.0
2021-08-29;817.0
2021-08-30;843.0
2021-08-30;833.0
2021-08-30;838.0
2021-08-30;838.0
2021-08-31;864.0
2021-08-31;858.0
2021-08-31;851.0
2021-08-31;858.0
2021-09-01;879.0
2021-09-01;880.0
2021-09-01;878.0
2021-09-01;879.0
2021-09-02;864.0
2021-09-02;874.0
2021-09-02;869.0
2021-09-02;869.0
2021-09-03;841.0
2021-09-03;849.0
2021-09-03;834.0
2021-09-03;842.0
2021-09-04;816.0
2021-09-04;810.0
2021-09-04;821.0
2021-09-04;815.0
2021-09-05;797.0
2021-09-05;791.0
2021-09-05;785.0
2021-09-05;791.0
2021-09-06;760.0
2021-09-06;771.0
2021-09-06;766.0
2021-09-06;765.0
2021-09-07;755.0
2021-09-07;755.0
2021-09-07;755.0
2021-09-07;755.0
2021-09-08;762.0
2021-09-08;760.0
2021-09-08;758.0
2021-09-08;760.0
2021-09-09;768.0
2021-09-09;767.0
2021-09-09;768.0
2021-09-09;768.0
2021-09-10;769.0
2021-09-10;769.0
2021-09-10;768.0
2021-09-10;769.0
2021-09-11;803.0
2021-09-11;808.0
2021-09-11;797.0
2021-09-11;803.0
2021-09-12;819.0
2021-09-12;822.0
2021-09-12;819.0
2021-09-12;815.0
2021-09-13;828.0
2021-09-13;832.0
2021-09-13;830.0
2021-09-13;830.0
2021-09-14;830.0
2021-09-14;831.0
2021-09-14;832.0
2021-09-14;831.0
2021-09-15;822.0
2021-09-15;826.0
2021-09-15;819.0
2021-09-15;823.0
2021-09-16;820.0
2021-09-16;818.0
2021-09-16;820.0
2021-09-16;821.0
2021-09-17;829.0
2021-09-17;832.0
2021-09-17;826.0
2021-09-17;829.0
2021-09-18;877.0
2021-09-18;866.0
2021-09-18;866.0
2021-09-18;854.0
2021-09-19;898.0
2021-09-19;910.0
2021-09-19;904.0
2021-09-19;904.0
2021-09-20;933.0
2021-09-20;926.0
2021-09-20;930.0
2021-09-20;930.0
2021-09-21;936.0
2021-09-21;937.0
2021-09-21;938.0
2021-09-21;937.0
2021-09-22;941.0
2021-09-22;944.0
2021-09-22;938.0
2021-09-22;941.0
2021-09-23;950.0
2021-09-23;951.0
2021-09-23;949.0
2021-09-23;950.0
2021-09-24;953.0
2021-09-24;953.0
2021-09-24;953.0
2021-09-24;953.0
2021-09-25;958.0
2021-09-25;961.0
2021-09-25;960.0
2021-09-25;960.0
2021-09-26;961.0
2021-09-26;959.0
2021-09-26;961.0
2021-09-26;963.0
2021-09-27;948.0
2021-09-27;953.0
2021-09-27;942.0
2021-09-27;947.0
2021-09-28;918.0
2021-09-28;917.0
2021-09-28;926.0
2021-09-28;909.0
2021-09-29;878.0
2021-09-29;889.0
2021-09-29;884.0
2021-09-29;883.0
2021-09-30;866.0
2021-09-30;861.0
2021-09-30;856.0
2021-09-30;861.0
2021-10-01;849.0
2021-10-01;852.0
2021-10-01;850.0
2021-10-01;851.0
2021-10-02;844.0
2021-10-02;841.0
2021-10-02;839.0
2021-10-02;842.0
2021-10-03;825.0
2021-10-03;832.0
2021-10-03;819.0
2021-10-03;826.0
2021-10-04;813.0
2021-10-04;813.0
2021-10-04;809.0
2021-10-04;817.0
2021-10-05;852.0
2021-10-05;839.0
2021-10-05;846.0
2021-10-05;846.0
2021-10-06;872.0
2021-10-06;872.0
2021-10-06;875.0
2021-10-06;869.0
2021-10-07;875.0
2021-10-07;875.0
2021-10-07;876.0
2021-10-07;876.0
2021-10-08;868.0
2021-10-08;870.0
2021-10-08;866.0
2021-10-08;868.0
2021-10-09;862.0
2021-10-09;860.0
2021-10-09;863.0
2021-10-09;861.0
2021-10-10;856.0
2021-10-10;858.0
2021-10-10;856.0
2021-10-10;854.0
2021-10-11;852.0
2021-10-11;851.0
2021-10-11;852.0
2021-10-11;851.0
2021-10-12;848.0
2021-10-12;848.0
2021-10-12;848.0
2021-10-12;848.0
2021-10-13;847.0
2021-10-13;847.0
2021-10-13;848.0
2021-10-13;846.0
2021-10-14;844.0
2021-10-14;842.0
2021-10-14;840.0
2021-10-14;842.0
2021-10-15;829.0
2021-10-15;832.0
2021-10-15;826.0
2021-10-15;829.0
2021-10-16;814.0
2021-10-16;818.0
2021-10-16;813.0
2021-10-16;809.0
2021-10-17;804.0
2021-10-17;804.0
2021-10-17;804.0
2021-10-17;804.0
2021-10-18;798.0
2021-10-18;800.0
2021-10-18;801.0
2021-10-18;799.0
2021-10-19;788.0
2021-10-19;791.0
2021-10-19;785.0
2021-10-19;788.0
2021-10-20;772.0
2021-10-20;775.0
2021-10-20;769.0
2021-10-20;772.0
2021-10-21;762.0
2021-10-21;764.0
2021-10-21;763.0
2021-10-21;761.0
2021-10-22;771.0
2021-10-22;769.0
2021-10-22;771.0
2021-10-22;773.0
2021-10-23;774.0
2021-10-23;774.0
2021-10-23;775.0
2021-10-23;775.0
2021-10-24;765.0
2021-10-24;760.0
2021-10-24;769.0
2021-10-24;764.0
2021-10-25;740.0
2021-10-25;745.0
2021-10-25;741.0
2021-10-25;736.0
2021-10-26;720.0
2021-10-26;720.0
2021-10-26;724.0
2021-10-26;716.0
2021-10-27;703.0
2021-10-27;706.0
2021-10-27;705.0
2021-10-27;708.0
2021-10-28;700.0
2021-10-28;700.0
2021-10-28;700.0
2021-10-28;700.0
2021-10-29;690.0
2021-10-29;679.0
2021-10-29;700.0
2021-10-29;690.0
2021-10-30;703.0
2021-10-30;702.0
2021-10-30;704.0
2021-10-30;703.0
2021-10-31;713.0
2021-10-31;716.0
2021-10-31;710.0
2021-10-31;713.0
2021-11-01;730.0
2021-11-01;732.0
2021-11-01;727.0
2021-11-01;730.0
2021-11-02;740.0
2021-11-02;735.0
2021-11-02;738.0
2021-11-02;738.0
2021-11-03;740.0
2021-11-03;740.0
2021-11-03;741.0
2021-11-03;741.0
2021-11-04;730.0
2021-11-04;730.0
2021-11-04;734.0
2021-11-04;726.0
2021-11-05;713.0
2021-11-05;711.0
2021-11-05;714.0
2021-11-05;716.0
2021-11-06;707.0
2021-11-06;708.0
2021-11-06;706.0
2021-11-06;707.0
2021-11-07;715.0
2021-11-07;722.0
2021-11-07;728.0
2021-11-07;722.0
2021-11-08;741.0
2021-11-08;750.0
2021-11-08;746.0
2021-11-08;746.0
2021-11-09;760.0
2021-11-09;758.0
2021-11-09;762.0
2021-11-09;760.0
2021-11-10;765.0
2021-11-10;765.0
2021-11-10;765.0
2021-11-10;765.0
2021-11-11;766.0
2021-11-11;766.0
2021-11-11;765.0
2021-11-11;765.0
2021-11-12;758.0
2021-11-12;756.0
2021-11-12;758.0
2021-11-12;760.0
2021-11-13;751.0
2021-11-13;746.0
2021-11-13;749.0
2021-11-13;748.0
2021-11-14;739.0
2021-11-14;739.0
2021-11-14;734.0
2021-11-14;744.0
2021-11-15;732.0
2021-11-15;732.0
2021-11-15;732.0
2021-11-15;732.0
2021-11-16;731.0
2021-11-16;731.0
2021-11-16;731.0
2021-11-16;731.0
2021-11-17;733.0
2021-11-17;737.0
2021-11-17;735.0
2021-11-17;735.0
2021-11-18;738.0
2021-11-18;736.0
2021-11-18;737.0
2021-11-18;735.0
2021-11-19;722.0
2021-11-19;726.0
2021-11-19;724.0
2021-11-19;724.0
2021-11-20;706.0
2021-11-20;708.0
2021-11-20;708.0
2021-11-20;710.0
2021-11-21;699.0
2021-11-21;697.0
2021-11-21;698.0
2021-11-21;700.0
2021-11-22;698.0
2021-11-22;697.0
2021-11-22;698.0
2021-11-22;697.0
2021-11-23;695.0
2021-11-23;696.0
2021-11-23;694.0
2021-11-23;695.0
2021-11-24;694.0
2021-11-24;692.0
2021-11-24;695.0
2021-11-24;694.0
2021-11-25;700.0
2021-11-25;699.0
2021-11-25;698.0
2021-11-25;699.0
2021-11-26;699.0
2021-11-26;699.0
2021-11-26;700.0
2021-11-26;700.0
2021-11-27;699.0
2021-11-27;699.0
2021-11-27;699.0
2021-11-27;699.0
2021-11-28;690.0
2021-11-28;693.0
2021-11-28;696.0
2021-11-28;693.0
2021-11-29;682.0
2021-11-29;683.0
2021-11-29;685.0
2021-11-29;680.0
2021-11-30;680.0
2021-11-30;680.0
2021-11-30;679.0
2021-11-30;679.0
2021-12-01;681.0
2021-12-01;680.0
2021-12-01;681.0
2021-12-01;680.0
2021-12-02;671.0
2021-12-02;672.0
2021-12-02;669.0
2021-12-02;674.0
2021-12-03;661.0
2021-12-03;658.0
2021-12-03;664.0
2021-12-03;661.0
2021-12-04;646.0
2021-12-04;649.0
2021-12-04;643.0
2021-12-04;646.0
2021-12-05;628.0
2021-12-05;632.0
2021-12-05;632.0
2021-12-05;636.0
2021-12-06;618.0
2021-12-06;618.0
2021-12-06;616.0
2021-12-06;620.0
2021-12-07;613.0
2021-12-07;614.0
2021-12-07;613.0
2021-12-07;614.0
2021-12-08;598.0
2021-12-08;601.0
2021-12-08;604.0
2021-12-08;601.0
2021-12-09;589.0
2021-12-09;586.0
2021-12-09;591.0
2021-12-09;588.0
2021-12-10;578.0
2021-12-10;577.0
2021-12-10;579.0
2021-12-10;578.0
2021-12-11;576.0
2021-12-11;576.0
2021-12-11;576.0
2021-12-11;575.0
2021-12-12;578.0
2021-12-12;581.0
2021-12-12;583.0
2021-12-12;581.0
2021-12-13;596.0
2021-12-13;594.0
2021-12-13;591.0
2021-12-13;594.0
2021-12-14;596.0
2021-12-14;597.0
2021-12-14;597.0
2021-12-14;596.0
2021-12-15;594.0
2021-12-15;593.0
2021-12-15;594.0
2021-12-15;593.0
2021-12-16;598.0
2021-12-16;596.0
2021-12-16;596.0
2021-12-16;594.0
2021-12-17;607.0
2021-12-17;609.0
2021-12-17;604.0
2021-12-17;607.0
2021-12-18;619.0
2021-12-18;617.0
2021-12-18;615.0
2021-12-18;617.0
2021-12-19;616.0
2021-12-19;615.0
2021-12-19;616.0
2021-12-19;616.0
2021-12-20;618.0
2021-12-20;618.0
2021-12-20;618.0
2021-12-20;617.0
2021-12-21;623.0
2021-12-21;622.0
2021-12-21;624.0
2021-12-21;623.0
2021-12-22;632.0
2021-12-22;632.0
2021-12-22;633.0
2021-12-22;631.0
2021-12-23;630.0
2021-12-23;628.0
2021-12-23;629.0
2021-12-23;629.0
2021-12-24;626.0
2021-12-24;627.0
2021-12-24;626.0
2021-12-24;627.0
2021-12-25;625.0
2021-12-25;624.0
2021-12-25;623.0
2021-12-25;624.0
2021-12-26;619.0
2021-12-26;617.0
2021-12-26;620.0
2021-12-26;618.0
2021-12-27;605.0
2021-12-27;608.0
2021-12-27;611.0
2021-12-27;608.0
2021-12-28;591.0
2021-12-28;587.0
2021-12-28;590.0
2021-12-28;594.0
2021-12-29;583.0
2021-12-29;580.0
2021-12-29;586.0
2021-12-29;583.0
2021-12-30;659.0
2021-12-30;645.0
2021-12-30;630.0
2021-12-30;645.0
2021-12-31;679.0
2021-12-31;678.0
2021-12-31;679.0
2021-12-31;679.0
2022-01-01;666.0
2022-01-01;663.0
2022-01-01;662.0
2022-01-01;659.0
2022-01-02;638.0
2022-01-02;655.0
2022-01-02;646.0
2022-01-02;647.0
2022-01-03;635.0
2022-01-03;636.0
2022-01-03;636.0
2022-01-03;635.0
2022-01-04;633.0
2022-01-04;629.0
2022-01-04;630.0
2022-01-04;626.0
2022-01-05;608.0
2022-01-05;602.0
2022-01-05;614.0
2022-01-05;608.0
2022-01-06;574.0
2022-01-06;582.0
2022-01-06;566.0
2022-01-06;574.0
2022-01-07;532.0
2022-01-07;547.0
2022-01-07;540.0
2022-01-07;539.0
2022-01-08;514.0
2022-01-08;508.0
2022-01-08;519.0
2022-01-08;513.0
2022-01-09;490.0
2022-01-09;497.0
2022-01-09;494.0
2022-01-09;493.0
2022-01-10;480.0
2022-01-10;483.0
2022-01-10;479.0
2022-01-10;476.0
2022-01-11;467.0
2022-01-11;470.0
2022-01-11;464.0
2022-01-11;467.0
2022-01-12;458.0
2022-01-12;455.0
2022-01-12;460.0
2022-01-12;457.0
2022-01-13;448.0
2022-01-13;450.0
2022-01-13;447.0
2022-01-13;449.0
2022-01-14;444.0
2022-01-14;442.0
2022-01-14;442.0
2022-01-14;440.0
2022-01-15;435.0
2022-01-15;436.0
2022-01-15;435.0
2022-01-15;434.0
2022-01-16;432.0
2022-01-16;432.0
2022-01-16;432.0
2022-01-16;432.0
2022-01-17;456.0
2022-01-17;461.0
2022-01-17;456.0
2022-01-17;451.0
2022-01-18;469.0
2022-01-18;468.0
2022-01-18;469.0
2022-01-18;470.0
2022-01-19;479.0
2022-01-19;482.0
2022-01-19;479.0
2022-01-19;476.0
2022-01-20;492.0
2022-01-20;498.0
2022-01-20;495.0
2022-01-20;495.0
2022-01-21;508.0
2022-01-21;514.0
2022-01-21;520.0
2022-01-21;514.0
2022-01-22;536.0
2022-01-22;534.0
2022-01-22;534.0
2022-01-22;532.0
2022-01-23;542.0
2022-01-23;547.0
2022-01-23;545.0
2022-01-23;545.0
2022-01-24;548.0
2022-01-24;548.0
2022-01-24;548.0
2022-01-24;548.0
2022-01-25;543.0
2022-01-25;546.0
2022-01-25;545.0
2022-01-25;544.0
2022-01-26;536.0
2022-01-26;538.0
2022-01-26;538.0
2022-01-26;540.0
2022-01-27;525.0
2022-01-27;532.0
2022-01-27;528.0
2022-01-27;529.0
2022-01-28;512.0
2022-01-28;515.0
2022-01-28;510.0
2022-01-28;513.0
2022-01-29;491.0
2022-01-29;499.0
2022-01-29;495.0
2022-01-29;495.0
2022-01-30;479.0
2022-01-30;476.0
2022-01-30;482.0
2022-01-30;479.0
2022-01-31;467.0
2022-01-31;461.0
2022-01-31;464.0
2022-01-31;464.0
2022-02-01;452.0
2022-02-01;455.0
2022-02-01;450.0
2022-02-01;453.0
2022-02-02;444.0
2022-02-02;445.0
2022-02-02;442.0
2022-02-02;443.0
2022-02-03;437.0
2022-02-03;440.0
2022-02-03;438.0
2022-02-03;439.0
2022-02-04;433.0
2022-02-04;432.0
2022-02-04;434.0
2022-02-04;433.0
2022-02-05;433.0
2022-02-05;435.0
2022-02-05;434.0
2022-02-05;434.0
2022-02-06;439.0
2022-02-06;439.0
2022-02-06;441.0
2022-02-06;437.0
2022-02-07;450.0
2022-02-07;447.0
2022-02-07;452.0
2022-02-07;450.0
2022-02-08;470.0
2022-02-08;463.0
2022-02-08;470.0
2022-02-08;476.0
2022-02-09;515.0
2022-02-09;505.0
2022-02-09;525.0
2022-02-09;515.0
2022-02-10;565.0
2022-02-10;554.0
2022-02-10;576.0
2022-02-10;565.0
2022-02-11;614.0
2022-02-11;605.0
2022-02-11;614.0
2022-02-11;622.0
2022-02-12;641.0
2022-02-12;644.0
2022-02-12;638.0
2022-02-12;641.0
2022-02-13;642.0
2022-02-13;640.0
2022-02-13;642.0
2022-02-13;644.0
2022-02-14;636.0
2022-02-14;632.0
2022-02-14;634.0
2022-02-14;634.0
2022-02-15;628.0
2022-02-15;629.0
2022-02-15;624.0
2022-02-15;633.0
2022-02-16;605.0
2022-02-16;612.0
2022-02-16;598.0
2022-02-16;605.0
2022-02-17;591.0
2022-02-17;592.0
2022-02-17;590.0
2022-02-17;591.0
2022-02-18;597.0
2022-02-18;597.0
2022-02-18;597.0
2022-02-18;597.0
2022-02-19;584.0
2022-02-19;579.0
2022-02-19;589.0
2022-02-19;584.0
2022-02-20;550.0
2022-02-20;556.0
2022-02-20;563.0
2022-02-20;557.0
2022-02-21;528.0
2022-02-21;522.0
2022-02-21;534.0
2022-02-21;528.0
2022-02-22;503.0
2022-02-22;503.0
2022-02-22;498.0
2022-02-22;508.0
2022-02-23;490.0
2022-02-23;490.0
2022-02-23;489.0
2022-02-23;490.0
2022-02-24;501.0
2022-02-24;507.0
2022-02-24;504.0
2022-02-24;504.0
2022-02-25;511.0
2022-02-25;513.0
2022-02-25;514.0
2022-02-25;513.0
2022-02-26;520.0
2022-02-26;518.0
2022-02-26;520.0
2022-02-26;522.0
2022-02-27;538.0
2022-02-27;532.0
2022-02-27;543.0
2022-02-27;538.0
2022-02-28;576.0
2022-02-28;583.0
2022-02-28;568.0
2022-02-28;576.0
2022-03-01;633.0
2022-03-01;633.0
2022-03-01;624.0
2022-03-01;642.0
2022-03-02;665.0
2022-03-02;659.0
2022-03-02;652.0
2022-03-02;659.0
2022-03-03;679.0
2022-03-03;677.0
2022-03-03;679.0
2022-03-03;681.0
2022-03-04;692.0
2022-03-04;702.0
2022-03-04;697.0
2022-03-04;697.0
2022-03-05;700.0
2022-03-05;701.0
2022-03-05;700.0
2022-03-05;701.0
2022-03-06;697.0
2022-03-06;699.0
2022-03-06;697.0
2022-03-06;695.0
2022-03-07;683.0
2022-03-07;684.0
2022-03-07;679.0
2022-03-07;688.0
2022-03-08;662.0
2022-03-08;663.0
2022-03-08;657.0
2022-03-08;668.0
2022-03-09;637.0
2022-03-09;641.0
2022-03-09;645.0
2022-03-09;641.0
2022-03-10;628.0
2022-03-10;624.0
2022-03-10;632.0
2022-03-10;628.0
2022-03-11;612.0
2022-03-11;606.0
2022-03-11;609.0
2022-03-11;609.0
2022-03-12;588.0
2022-03-12;590.0
2022-03-12;590.0
2022-03-12;592.0
2022-03-13;582.0
2022-03-13;582.0
2022-03-13;582.0
2022-03-13;582.0
2022-03-14;584.0
2022-03-14;583.0
2022-03-14;585.0
2022-03-14;584.0
2022-03-15;590.0
2022-03-15;594.0
2022-03-15;592.0
2022-03-15;592.0
2022-03-16;601.0
2022-03-16;600.0
2022-03-16;600.0
2022-03-16;598.0
2022-03-17;605.0
2022-03-17;604.0
2022-03-17;605.0
2022-03-17;605.0
2022-03-18;602.0
2022-03-18;601.0
2022-03-18;603.0
2022-03-18;602.0
2022-03-19;597.0
2022-03-19;598.0
2022-03-19;597.0
2022-03-19;598.0
2022-03-20;594.0
2022-03-20;595.0
2022-03-20;593.0
2022-03-20;594.0
2022-03-21;593.0
2022-03-21;595.0
2022-03-21;597.0
2022-03-21;595.0
2022-03-22;606.0
2022-03-22;603.0
2022-03-22;608.0
2022-03-22;606.0
2022-03-23;622.0
2022-03-23;637.0
2022-03-23;630.0
2022-03-23;630.0
2022-03-24;686.0
2022-03-24;669.0
2022-03-24;678.0
2022-03-24;678.0
2022-03-25;720.0
2022-03-25;730.0
2022-03-25;709.0
2022-03-25;720.0
2022-03-26;762.0
2022-03-26;745.0
2022-03-26;754.0
2022-03-26;754.0
2022-03-27;760.0
2022-03-27;756.0
2022-03-27;753.0
2022-03-27;757.0
2022-03-28;745.0
2022-03-28;745.0
2022-03-28;745.0
2022-03-28;745.0
2022-03-29;823.0
2022-03-29;791.0
2022-03-29;807.0
2022-03-29;807.0
2022-03-30;848.0
2022-03-30;842.0
2022-03-30;848.0
2022-03-30;853.0
2022-03-31;858.0
2022-03-31;855.0
2022-03-31;860.0
2022-03-31;857.0
2022-04-01;832.0
2022-04-01;823.0
2022-04-01;842.0
2022-04-01;833.0
2022-04-02;811.0
2022-04-02;796.0
2022-04-02;804.0
2022-04-02;803.0
2022-04-03;775.0
2022-04-03;774.0
2022-04-03;780.0
2022-04-03;769.0
2022-04-04;760.0
2022-04-04;762.0
2022-04-04;764.0
2022-04-04;762.0
2022-04-05;746.0
2022-04-05;751.0
2022-04-05;742.0
2022-04-05;747.0
2022-04-06;729.0
2022-04-06;724.0
2022-04-06;725.0
2022-04-06;720.0
2022-04-07;707.0
2022-04-07;697.0
2022-04-07;702.0
2022-04-07;702.0
2022-04-08;696.0
2022-04-08;695.0
2022-04-08;694.0
2022-04-08;695.0
2022-04-09;722.0
2022-04-09;730.0
2022-04-09;713.0
2022-04-09;722.0
2022-04-10;761.0
2022-04-10;769.0
2022-04-10;753.0
2022-04-10;761.0
2022-04-11;795.0
2022-04-11;815.0
2022-04-11;805.0
2022-04-11;805.0
2022-04-12;827.0
2022-04-12;827.0
2022-04-12;827.0
2022-04-12;826.0
2022-04-13;819.0
2022-04-13;819.0
2022-04-13;816.0
2022-04-13;822.0
2022-04-14;804.0
2022-04-14;806.0
2022-04-14;806.0
2022-04-14;808.0
2022-04-15;796.0
2022-04-15;794.0
2022-04-15;795.0
2022-04-15;797.0
2022-04-16;782.0
2022-04-16;804.0
2022-04-16;793.0
2022-04-16;793.0
2022-04-17;822.0
2022-04-17;814.0
2022-04-17;818.0
2022-04-17;818.0
2022-04-18;821.0
2022-04-18;821.0
2022-04-18;822.0
2022-04-18;822.0
2022-04-19;818.0
2022-04-19;822.0
2022-04-19;818.0
2022-04-19;814.0
2022-04-20;822.0
2022-04-20;822.0
2022-04-20;821.0
2022-04-20;821.0
2022-04-21;816.0
2022-04-21;815.0
2022-04-21;814.0
2022-04-21;813.0
2022-04-22;813.0
2022-04-22;812.0
2022-04-22;813.0
2022-04-22;813.0
2022-04-23;841.0
2022-04-23;835.0
2022-04-23;828.0
2022-04-23;835.0
2022-04-24;873.0
2022-04-24;858.0
2022-04-24;866.0
2022-04-24;866.0
2022-04-25;874.0
2022-04-25;875.0
2022-04-25;874.0
2022-04-25;875.0
2022-04-26;865.0
2022-04-26;869.0
2022-04-26;861.0
2022-04-26;865.0
2022-04-27;845.0
2022-04-27;847.0
2022-04-27;850.0
2022-04-27;848.0
2022-04-28;833.0
2022-04-28;836.0
2022-04-28;830.0
2022-04-28;833.0
2022-04-29;832.0
2022-04-29;842.0
2022-04-29;837.0
2022-04-29;837.0
2022-04-30;863.0
2022-04-30;861.0
2022-04-30;861.0
2022-04-30;859.0
2022-05-01;881.0
2022-05-01;881.0
2022-05-01;873.0
2022-05-01;888.0
2022-05-02;916.0
2022-05-02;908.0
2022-05-02;923.0
2022-05-02;916.0
2022-05-03;941.0
2022-05-03;941.0
2022-05-03;945.0
2022-05-03;937.0
2022-05-04;952.0
2022-05-04;951.0
2022-05-04;952.0
2022-05-04;953.0
2022-05-05;950.0
2022-05-05;949.0
2022-05-05;951.0
2022-05-05;950.0
2022-05-06;954.0
2022-05-06;951.0
2022-05-06;956.0
2022-05-06;954.0
2022-05-07;970.0
2022-05-07;975.0
2022-05-07;970.0
2022-05-07;964.0
2022-05-08;990.0
2022-05-08;980.0
2022-05-08;999.0
2022-05-08;990.0
2022-05-09;1063.0
2022-05-09;1029.0
2022-05-09;1046.0
2022-05-09;1046.0
2022-05-10;1101.0
2022-05-10;1109.0
2022-05-10;1101.0
2022-05-10;1093.0
2022-05-11;1118.0
2022-05-11;1117.0
2022-05-11;1119.0
2022-05-11;1118.0
2022-05-12;1101.0
2022-05-12;1110.0
2022-05-12;1105.0
2022-05-12;1106.0
2022-05-13;1084.0
2022-05-13;1089.0
2022-05-13;1080.0
2022-05-13;1085.0
2022-05-14;1067.0
2022-05-14;1058.0
2022-05-14;1063.0
2022-05-14;1062.0
2022-05-15;1046.0
2022-05-15;1040.0
2022-05-15;1043.0
2022-05-15;1043.0
2022-05-16;1032.0
2022-05-16;1034.0
2022-05-16;1033.0
2022-05-16;1033.0
2022-05-17;1031.0
2022-05-17;1030.0
2022-05-17;1032.0
2022-05-17;1031.0
2022-05-18;1067.0
2022-05-18;1082.0
2022-05-18;1051.0
2022-05-18;1067.0
2022-05-19;1161.0
2022-05-19;1134.0
2022-05-19;1148.0
2022-05-19;1148.0
2022-05-20;1206.0
2022-05-20;1190.0
2022-05-20;1198.0
2022-05-20;1198.0
2022-05-21;1228.0
2022-05-21;1232.0
2022-05-21;1223.0
2022-05-21;1228.0
2022-05-22;1239.0
2022-05-22;1238.0
2022-05-22;1239.0
2022-05-22;1239.0
2022-05-23;1236.0
2022-05-23;1238.0
2022-05-23;1234.0
2022-05-23;1236.0
2022-05-24;1219.0
2022-05-24;1227.0
2022-05-24;1223.0
2022-05-24;1223.0
2022-05-25;1205.0
2022-05-25;1200.0
2022-05-25;1201.0
2022-05-25;1196.0
2022-05-26;1179.0
2022-05-26;1179.0
2022-05-26;1174.0
2022-05-26;1184.0
2022-05-27;1162.0
2022-05-27;1156.0
2022-05-27;1151.0
2022-05-27;1157.0
2022-05-28;1155.0
2022-05-28;1153.0
2022-05-28;1154.0
2022-05-28;1154.0
2022-05-29;1157.0
2022-05-29;1155.0
2022-05-29;1157.0
2022-05-29;1158.0
2022-05-30;1160.0
2022-05-30;1160.0
2022-05-30;1159.0
2022-05-30;1160.0
2022-05-31;1157.0
2022-05-31;1157.0
2022-05-31;1158.0
2022-05-31;1158.0
2022-06-01;1153.0
2022-06-01;1155.0
2022-06-01;1154.0
2022-06-01;1152.0
2022-06-02;1145.0
2022-06-02;1145.0
2022-06-02;1147.0
2022-06-02;1143.0
2022-06-03;1143.0
2022-06-03;1143.0
2022-06-03;1145.0
2022-06-03;1140.0
2022-06-04;1147.0
2022-06-04;1147.0
2022-06-04;1147.0
2022-06-04;1147.0
2022-06-05;1130.0
2022-06-05;1123.0
2022-06-05;1127.0
2022-06-05;1126.0
2022-06-06;1108.0
2022-06-06;1103.0
2022-06-06;1108.0
2022-06-06;1113.0
2022-06-07;1082.0
2022-06-07;1075.0
2022-06-07;1090.0
2022-06-07;1083.0
2022-06-08;1055.0
2022-06-08;1061.0
2022-06-08;1056.0
2022-06-08;1050.0
2022-06-09;1038.0
2022-06-09;1034.0
2022-06-09;1041.0
2022-06-09;1037.0
2022-06-10;1027.0
2022-06-10;1026.0
2022-06-10;1028.0
2022-06-10;1027.0
2022-06-11;1013.0
2022-06-11;1018.0
2022-06-11;1024.0
2022-06-11;1019.0
2022-06-12;990.0
2022-06-12;989.0
2022-06-12;985.0
2022-06-12;994.0
2022-06-13;976.0
2022-06-13;973.0
2022-06-13;970.0
2022-06-13;973.0
2022-06-14;958.0
2022-06-14;959.0
2022-06-14;962.0
2022-06-14;955.0
2022-06-15;939.0
2022-06-15;939.0
2022-06-15;934.0
2022-06-15;944.0
2022-06-16;914.0
2022-06-16;924.0
2022-06-16;919.0
2022-06-16;919.0
2022-06-17;900.0
2022-06-17;901.0
2022-06-17;897.0
2022-06-17;904.0
2022-06-18;881.0
2022-06-18;885.0
2022-06-18;888.0
2022-06-18;884.0
2022-06-19;869.0
2022-06-19;870.0
2022-06-19;873.0
2022-06-19;866.0
2022-06-20;860.0
2022-06-20;858.0
2022-06-20;862.0
2022-06-20;860.0
2022-06-21;876.0
2022-06-21;876.0
2022-06-21;870.0
2022-06-21;881.0
2022-06-22;893.0
2022-06-22;896.0
2022-06-22;889.0
2022-06-22;893.0
2022-06-23;903.0
2022-06-23;901.0
2022-06-23;904.0
2022-06-23;903.0
2022-06-24;913.0
2022-06-24;919.0
2022-06-24;907.0
2022-06-24;913.0
2022-06-25;952.0
2022-06-25;959.0
2022-06-25;944.0
2022-06-25;952.0
2022-06-26;974.0
2022-06-26;985.0
2022-06-26;980.0
2022-06-26;980.0
2022-06-27;1009.0
2022-06-27;1005.0
2022-06-27;1013.0
2022-06-27;1009.0
2022-06-28;1024.0
2022-06-28;1023.0
2022-06-28;1021.0
2022-06-28;1023.0
2022-06-29;1028.0
2022-06-29;1028.0
2022-06-29;1028.0
2022-06-29;1028.0
2022-06-30;1022.0
2022-06-30;1025.0
2022-06-30;1020.0
2022-06-30;1023.0
2022-07-01;1012.0
2022-07-01;1014.0
2022-07-01;1010.0
2022-07-01;1012.0
2022-07-02;1004.0
2022-07-02;1005.0
2022-07-02;1006.0
2022-07-02;1005.0
2022-07-03;1008.0
2022-07-03;1008.0
2022-07-03;1006.0
2022-07-03;1009.0
2022-07-04;1016.0
2022-07-04;1018.0
2022-07-04;1014.0
2022-07-04;1016.0
2022-07-05;1020.0
2022-07-05;1020.0
2022-07-05;1020.0
2022-07-05;1020.0
2022-07-06;1015.0
2022-07-06;1017.0
2022-07-06;1013.0
2022-07-06;1015.0
2022-07-07;1006.0
2022-07-07;1000.0
2022-07-07;1003.0
2022-07-07;1003.0
2022-07-08;997.0
2022-07-08;996.0
2022-07-08;998.0
2022-07-08;997.0
2022-07-09;1006.0
2022-07-09;1007.0
2022-07-09;1004.0
2022-07-09;1006.0
2022-07-10;1017.0
2022-07-10;1015.0
2022-07-10;1012.0
2022-07-10;1015.0
2022-07-11;1024.0
2022-07-11;1023.0
2022-07-11;1025.0
2022-07-11;1024.0
2022-07-12;1027.0
2022-07-12;1027.0
2022-07-12;1027.0
2022-07-12;1026.0
2022-07-13;1034.0
2022-07-13;1032.0
2022-07-13;1033.0
2022-07-13;1033.0
2022-07-14;1035.0
2022-07-14;1037.0
2022-07-14;1033.0
2022-07-14;1035.0
2022-07-15;1043.0
2022-07-15;1043.0
2022-07-15;1043.0
2022-07-15;1042.0
2022-07-16;1036.0
2022-07-16;1033.0
2022-07-16;1039.0
2022-07-16;1036.0
2022-07-17;1023.0
2022-07-17;1023.0
2022-07-17;1024.0
2022-07-17;1024.0
2022-07-18;1022.0
2022-07-18;1022.0
2022-07-18;1021.0
2022-07-18;1022.0
2022-07-19;1025.0
2022-07-19;1024.0
2022-07-19;1026.0
2022-07-19;1025.0
2022-07-20;1038.0
2022-07-20;1038.0
2022-07-20;1042.0
2022-07-20;1034.0
2022-07-21;1052.0
2022-07-21;1051.0
2022-07-21;1053.0
2022-07-21;1052.0
2022-07-22;1038.0
2022-07-22;1042.0
2022-07-22;1040.0
2022-07-22;1040.0
2022-07-23;1031.0
2022-07-23;1022.0
2022-07-23;1027.0
2022-07-23;1026.0
2022-07-24;1017.0
2022-07-24;1013.0
2022-07-24;1015.0
2022-07-24;1015.0
2022-07-25;1003.0
2022-07-25;1006.0
2022-07-25;1005.0
2022-07-25;1008.0
2022-07-26;993.0
2022-07-26;988.0
2022-07-26;997.0
2022-07-26;992.0
2022-07-27;981.0
2022-07-27;978.0
2022-07-27;978.0
2022-07-27;975.0
2022-07-28;968.0
2022-07-28;969.0
2022-07-28;969.0
2022-07-28;969.0
2022-07-29;981.0
2022-07-29;981.0
2022-07-29;976.0
2022-07-29;986.0
2022-07-30;1012.0
2022-07-30;1008.0
2022-07-30;1008.0
2022-07-30;1004.0
2022-07-31;1023.0
2022-07-31;1021.0
2022-07-31;1025.0
2022-07-31;1023.0
2022-08-01;1027.0
2022-08-01;1027.0
2022-08-01;1027.0
2022-08-01;1027.0
2022-08-02;1025.0
2022-08-02;1024.0
2022-08-02;1025.0
2022-08-02;1026.0
2022-08-03;1013.0
2022-08-03;1013.0
2022-08-03;1013.0
2022-08-03;1013.0
2022-08-04;1005.0
2022-08-04;1003.0
2022-08-04;1005.0
2022-08-04;1007.0
2022-08-05;1006.0
2022-08-05;1013.0
2022-08-05;998.0
2022-08-05;1006.0
2022-08-06;1021.0
2022-08-06;1022.0
2022-08-06;1020.0
2022-08-06;1021.0
2022-08-07;1023.0
2022-08-07;1023.0
2022-08-07;1023.0
2022-08-07;1023.0
2022-08-08;1020.0
2022-08-08;1019.0
2022-08-08;1020.0
2022-08-08;1019.0
2022-08-09;1013.0
2022-08-09;1016.0
2022-08-09;1011.0
2022-08-09;1014.0
2022-08-10;1003.0
2022-08-10;1008.0
2022-08-10;1005.0
2022-08-10;1006.0
2022-08-11;997.0
2022-08-11;996.0
2022-08-11;999.0
2022-08-11;994.0
2022-08-12;990.0
2022-08-12;988.0
2022-08-12;987.0
2022-08-12;985.0
2022-08-13;970.0
2022-08-13;964.0
2022-08-13;969.0
2022-08-13;975.0
2022-08-14;956.0
2022-08-14;953.0
2022-08-14;959.0
2022-08-14;956.0
2022-08-15;946.0
2022-08-15;949.0
2022-08-15;944.0
2022-08-15;947.0
2022-08-16;930.0
2022-08-16;931.0
2022-08-16;927.0
2022-08-16;934.0
2022-08-17;912.0
2022-08-17;916.0
2022-08-17;915.0
2022-08-17;919.0
2022-08-18;908.0
2022-08-18;904.0
2022-08-18;900.0
2022-08-18;904.0
2022-08-19;891.0
2022-08-19;889.0
2022-08-19;893.0
2022-08-19;891.0
2022-08-20;887.0
2022-08-20;887.0
2022-08-20;887.0
2022-08-20;887.0
2022-08-21;892.0
2022-08-21;893.0
2022-08-21;892.0
2022-08-21;890.0
2022-08-22;897.0
2022-08-22;897.0
2022-08-22;897.0
2022-08-22;897.0
2022-08-23;894.0
2022-08-23;892.0
2022-08-23;895.0
2022-08-23;893.0
2022-08-24;889.0
2022-08-24;897.0
2022-08-24;881.0
2022-08-24;889.0
2022-08-25;872.0
2022-08-25;869.0
2022-08-25;871.0
2022-08-25;874.0
2022-08-26;857.0
2022-08-26;863.0
2022-08-26;860.0
2022-08-26;860.0
2022-08-27;848.0
2022-08-27;848.0
2022-08-27;850.0
2022-08-27;846.0
2022-08-28;836.0
2022-08-28;839.0
2022-08-28;834.0
2022-08-28;837.0
2022-08-29;827.0
2022-08-29;828.0
2022-08-29;830.0
2022-08-29;825.0
2022-08-30;820.0
2022-08-30;815.0
2022-08-30;818.0
2022-08-30;817.0
2022-08-31;814.0
2022-08-31;814.0
2022-08-31;814.0
2022-08-31;814.0
2022-09-01;814.0
2022-09-01;814.0
2022-09-01;813.0
2022-09-01;813.0
2022-09-02;809.0
2022-09-02;807.0
2022-09-02;810.0
2022-09-02;809.0
2022-09-03;815.0
2022-09-03;818.0
2022-09-03;815.0
2022-09-03;812.0
2022-09-04;823.0
2022-09-04;824.0
2022-09-04;824.0
2022-09-04;824.0
2022-09-05;846.0
2022-09-05;841.0
2022-09-05;836.0
2022-09-05;841.0
2022-09-06;863.0
2022-09-06;858.0
2022-09-06;868.0
2022-09-06;863.0
2022-09-07;885.0
2022-09-07;890.0
2022-09-07;880.0
2022-09-07;885.0
2022-09-08;907.0
2022-09-08;904.0
2022-09-08;909.0
2022-09-08;907.0
2022-09-09;914.0
2022-09-09;914.0
2022-09-09;914.0
2022-09-09;914.0
2022-09-10;920.0
2022-09-10;920.0
2022-09-10;920.0
2022-09-10;920.0
2022-09-11;921.0
2022-09-11;921.0
2022-09-11;920.0
2022-09-11;920.0
2022-09-12;920.0
2022-09-12;919.0
2022-09-12;919.0
2022-09-12;920.0
2022-09-13;910.0
2022-09-13;913.0
2022-09-13;907.0
2022-09-13;910.0
2022-09-14;892.0
2022-09-14;898.0
2022-09-14;893.0
2022-09-14;887.0
2022-09-15;862.0
2022-09-15;853.0
2022-09-15;872.0
2022-09-15;863.0
2022-09-16;840.0
2022-09-16;826.0
2022-09-16;833.0
2022-09-16;833.0
2022-09-17;803.0
2022-09-17;804.0
2022-09-17;809.0
2022-09-17;798.0
2022-09-18;780.0
2022-09-18;784.0
2022-09-18;775.0
2022-09-18;779.0
2022-09-19;760.0
2022-09-19;759.0
2022-09-19;755.0
2022-09-19;764.0
2022-09-20;744.0
2022-09-20;740.0
2022-09-20;740.0
2022-09-20;736.0
2022-09-21;719.0
2022-09-21;724.0
2022-09-21;714.0
2022-09-21;719.0
2022-09-22;708.0
2022-09-22;703.0
2022-09-22;705.0
2022-09-22;706.0
2022-09-23;694.0
2022-09-23;698.0
2022-09-23;690.0
2022-09-23;694.0
2022-09-24;681.0
2022-09-24;682.0
2022-09-24;684.0
2022-09-24;679.0
2022-09-25;674.0
2022-09-25;677.0
2022-09-25;676.0
2022-09-25;679.0
2022-09-26;663.0
2022-09-26;665.0
2022-09-26;660.0
2022-09-26;662.0
2022-09-27;649.0
2022-09-27;650.0
2022-09-27;650.0
2022-09-27;651.0
2022-09-28;640.0
2022-09-28;642.0
2022-09-28;642.0
2022-09-28;644.0
2022-09-29;632.0
2022-09-29;639.0
2022-09-29;625.0
2022-09-29;632.0
2022-09-30;631.0
2022-09-30;629.0
2022-09-30;627.0
2022-09-30;629.0
2022-10-01;623.0
2022-10-01;623.0
2022-10-01;622.0
2022-10-01;623.0
2022-10-02;641.0
2022-10-02;637.0
2022-10-02;645.0
2022-10-02;641.0
2022-10-03;665.0
2022-10-03;660.0
2022-10-03;670.0
2022-10-03;665.0
2022-10-04;697.0
2022-10-04;693.0
2022-10-04;689.0
2022-10-04;693.0
2022-10-05;704.0
2022-10-05;703.0
2022-10-05;704.0
2022-10-05;704.0
2022-10-06;702.0
2022-10-06;701.0
2022-10-06;699.0
2022-10-06;700.0
2022-10-07;689.0
2022-10-07;692.0
2022-10-07;690.0
2022-10-07;687.0
2022-10-08;673.0
2022-10-08;670.0
2022-10-08;677.0
2022-10-08;674.0
2022-10-09;666.0
2022-10-09;665.0
2022-10-09;664.0
2022-10-09;663.0
2022-10-10;664.0
2022-10-10;662.0
2022-10-10;665.0
2022-10-10;664.0
2022-10-11;677.0
2022-10-11;674.0
2022-10-11;671.0
2022-10-11;674.0
2022-10-12;685.0
2022-10-12;686.0
2022-10-12;684.0
2022-10-12;685.0
2022-10-13;687.0
2022-10-13;687.0
2022-10-13;687.0
2022-10-13;687.0
2022-10-14;682.0
2022-10-14;683.0
2022-10-14;680.0
2022-10-14;681.0
2022-10-15;670.0
2022-10-15;672.0
2022-10-15;674.0
2022-10-15;672.0
2022-10-16;660.0
2022-10-16;664.0
2022-10-16;662.0
2022-10-16;662.0
2022-10-17;660.0
2022-10-17;660.0
2022-10-17;661.0
2022-10-17;661.0
2022-10-18;657.0
2022-10-18;658.0
2022-10-18;656.0
2022-10-18;655.0
2022-10-19;650.0
2022-10-19;649.0
2022-10-19;651.0
2022-10-19;650.0
2022-10-20;643.0
2022-10-20;642.0
2022-10-20;643.0
2022-10-20;644.0
2022-10-21;646.0
2022-10-21;643.0
2022-10-21;645.0
2022-10-21;648.0
2022-10-22;644.0
2022-10-22;643.0
2022-10-22;642.0
2022-10-22;643.0
2022-10-23;639.0
2022-10-23;638.0
2022-10-23;640.0
2022-10-23;639.0
2022-10-24;640.0
2022-10-24;638.0
2022-10-24;642.0
2022-10-24;640.0
2022-10-25;661.0
2022-10-25;654.0
2022-10-25;668.0
2022-10-25;661.0
2022-10-26;689.0
2022-10-26;705.0
2022-10-26;697.0
2022-10-26;697.0
2022-10-27;728.0
2022-10-27;733.0
2022-10-27;722.0
2022-10-27;728.0
2022-10-28;746.0
2022-10-28;742.0
2022-10-28;750.0
2022-10-28;746.0
2022-10-29;770.0
2022-10-29;780.0
2022-10-29;790.0
2022-10-29;780.0
2022-10-30;808.0
2022-10-30;808.0
2022-10-30;808.0
2022-10-30;808.0
2022-10-31;793.0
2022-10-31;790.0
2022-10-31;795.0
2022-10-31;792.0
2022-11-01;780.0
2022-11-01;782.0
2022-11-01;785.0
2022-11-01;783.0
2022-11-02;766.0
2022-11-02;756.0
2022-11-02;761.0
2022-11-02;761.0
2022-11-03;743.0
2022-11-03;739.0
2022-11-03;746.0
2022-11-03;742.0
2022-11-04;730.0
2022-11-04;732.0
2022-11-04;727.0
2022-11-04;729.0
2022-11-05;720.0
2022-11-05;721.0
2022-11-05;723.0
2022-11-05;718.0
2022-11-06;711.0
2022-11-06;709.0
2022-11-06;712.0
2022-11-06;714.0
2022-11-07;704.0
2022-11-07;699.0
2022-11-07;702.0
2022-11-07;701.0
2022-11-08;691.0
2022-11-08;688.0
2022-11-08;695.0
2022-11-08;692.0
2022-11-09;683.0
2022-11-09;683.0
2022-11-09;684.0
2022-11-09;684.0
2022-11-10;687.0
2022-11-10;688.0
2022-11-10;685.0
2022-11-10;687.0
2022-11-11;687.0
2022-11-11;687.0
2022-11-11;688.0
2022-11-11;686.0
2022-11-12;681.0
2022-11-12;678.0
2022-11-12;676.0
2022-11-12;679.0
2022-11-13;667.0
2022-11-13;666.0
2022-11-13;665.0
2022-11-13;668.0
2022-11-14;654.0
2022-11-14;655.0
2022-11-14;652.0
2022-11-14;657.0
2022-11-15;643.0
2022-11-15;648.0
2022-11-15;645.0
2022-11-15;646.0
2022-11-16;640.0
2022-11-16;640.0
2022-11-16;639.0
2022-11-16;640.0
2022-11-17;646.0
2022-11-17;642.0
2022-11-17;646.0
2022-11-17;650.0
2022-11-18;679.0
2022-11-18;688.0
2022-11-18;679.0
2022-11-18;669.0
2022-11-19;721.0
2022-11-19;730.0
2022-11-19;711.0
2022-11-19;721.0
2022-11-20;747.0
2022-11-20;754.0
2022-11-20;751.0
2022-11-20;751.0
2022-11-21;764.0
2022-11-21;764.0
2022-11-21;767.0
2022-11-21;761.0
2022-11-22;771.0
2022-11-22;772.0
2022-11-22;772.0
2022-11-22;772.0
2022-11-23;772.0
2022-11-23;772.0
2022-11-23;772.0
2022-11-23;772.0
2022-11-24;768.0
2022-11-24;764.0
2022-11-24;764.0
2022-11-24;760.0
2022-11-25;741.0
2022-11-25;742.0
2022-11-25;735.0
2022-11-25;748.0
2022-11-26;717.0
2022-11-26;721.0
2022-11-26;721.0
2022-11-26;725.0
2022-11-27;708.0
2022-11-27;704.0
2022-11-27;699.0
2022-11-27;703.0
2022-11-28;693.0
2022-11-28;692.0
2022-11-28;690.0
2022-11-28;695.0
2022-11-29;688.0
2022-11-29;689.0
2022-11-29;687.0
2022-11-29;688.0
2022-11-30;684.0
2022-11-30;682.0
2022-11-30;686.0
2022-11-30;684.0
2022-12-01;672.0
2022-12-01;669.0
2022-12-01;675.0
2022-12-01;672.0
2022-12-02;656.0
2022-12-02;652.0
2022-12-02;660.0
2022-12-02;656.0
2022-12-03;646.0
2022-12-03;640.0
2022-12-03;641.0
2022-12-03;635.0
2022-12-04;633.0
2022-12-04;627.0
2022-12-04;620.0
2022-12-04;626.0
2022-12-05;605.0
2022-12-05;599.0
2022-12-05;610.0
2022-12-05;604.0
2022-12-06;589.0
2022-12-06;585.0
2022-12-06;592.0
2022-12-06;588.0
2022-12-07;570.0
2022-12-07;576.0
2022-12-07;573.0
2022-12-07;573.0
2022-12-08;566.0
2022-12-08;566.0
2022-12-08;567.0
2022-12-08;565.0
2022-12-09;561.0
2022-12-09;559.0
2022-12-09;560.0
2022-12-09;560.0
2022-12-10;554.0
2022-12-10;553.0
2022-12-10;554.0
2022-12-10;553.0
2022-12-11;549.0
2022-12-11;545.0
2022-12-11;547.0
2022-12-11;547.0
2022-12-12;536.0
2022-12-12;538.0
2022-12-12;534.0
2022-12-12;536.0
2022-12-13;530.0
2022-12-13;528.0
2022-12-13;529.0
2022-12-13;529.0
2022-12-14;520.0
2022-12-14;524.0
2022-12-14;522.0
2022-12-14;522.0
2022-12-15;509.0
2022-12-15;511.0
2022-12-15;512.0
2022-12-15;514.0
2022-12-16;500.0
2022-12-16;497.0
2022-12-16;503.0
2022-12-16;500.0
2022-12-17;483.0
2022-12-17;480.0
2022-12-17;483.0
2022-12-17;486.0
2022-12-18;477.0
2022-12-18;475.0
2022-12-18;479.0
2022-12-18;477.0
2022-12-19;471.0
2022-12-19;470.0
2022-12-19;470.0
2022-12-19;471.0
2022-12-20;471.0
2022-12-20;471.0
2022-12-20;471.0
2022-12-20;471.0
2022-12-21;469.0
2022-12-21;468.0
2022-12-21;470.0
2022-12-21;469.0
2022-12-22;465.0
2022-12-22;462.0
2022-12-22;464.0
2022-12-22;463.0
2022-12-23;460.0
2022-12-23;460.0
2022-12-23;460.0
2022-12-23;460.0
2022-12-24;471.0
2022-12-24;471.0
2022-12-24;475.0
2022-12-24;467.0
2022-12-25;494.0
2022-12-25;488.0
2022-12-25;491.0
2022-12-25;491.0
2022-12-26;498.0
2022-12-26;498.0
2022-12-26;498.0
2022-12-26;498.0
2022-12-27;493.0
2022-12-27;497.0
2022-12-27;490.0
2022-12-27;494.0
2022-12-28;482.0
2022-12-28;486.0
2022-12-28;482.0
2022-12-28;478.0
2022-12-29;466.0
2022-12-29;463.0
2022-12-29;469.0
2022-12-29;466.0
2022-12-30;451.0
2022-12-30;456.0
2022-12-30;454.0
2022-12-30;453.0
2022-12-31;446.0
2022-12-31;447.0
2022-12-31;446.0
2022-12-31;447.0
2023-01-01;451.0
2023-01-01;451.0
2023-01-01;449.0
2023-01-01;452.0
2023-01-02;458.0
2023-01-02;460.0
2023-01-02;456.0
2023-01-02;458.0
2023-01-03;496.0
2023-01-03;480.0
2023-01-03;488.0
2023-01-03;488.0
2023-01-04;512.0
2023-01-04;515.0
2023-01-04;514.0
2023-01-04;514.0
2023-01-05;518.0
2023-01-05;518.0
2023-01-05;519.0
2023-01-05;519.0
2023-01-06;513.0
2023-01-06;511.0
2023-01-06;509.0
2023-01-06;511.0
2023-01-07;512.0
2023-01-07;505.0
2023-01-07;519.0
2023-01-07;512.0
2023-01-08;533.0
2023-01-08;542.0
2023-01-08;533.0
2023-01-08;524.0
2023-01-09;567.0
2023-01-09;572.0
2023-01-09;567.0
2023-01-09;561.0
2023-01-10;579.0
2023-01-10;578.0
2023-01-10;579.0
2023-01-10;579.0
2023-01-11;574.0
2023-01-11;575.0
2023-01-11;572.0
2023-01-11;573.0
2023-01-12;572.0
2023-01-12;575.0
2023-01-12;568.0
2023-01-12;572.0
2023-01-13;584.0
2023-01-13;582.0
2023-01-13;583.0
2023-01-13;583.0
2023-01-14;579.0
2023-01-14;580.0
2023-01-14;582.0
2023-01-14;577.0
2023-01-15;569.0
2023-01-15;565.0
2023-01-15;567.0
2023-01-15;567.0
2023-01-16;562.0
2023-01-16;561.0
2023-01-16;561.0
2023-01-16;560.0
2023-01-17;563.0
2023-01-17;564.0
2023-01-17;565.0
2023-01-17;564.0
2023-01-18;568.0
2023-01-18;567.0
2023-01-18;568.0
2023-01-18;568.0
2023-01-19;586.0
2023-01-19;578.0
2023-01-19;578.0
2023-01-19;570.0
2023-01-20;611.0
2023-01-20;607.0
2023-01-20;607.0
2023-01-20;602.0
2023-01-21;619.0
2023-01-21;618.0
2023-01-21;620.0
2023-01-21;619.0
2023-01-22;615.0
2023-01-22;614.0
2023-01-22;616.0
2023-01-22;615.0
2023-01-23;607.0
2023-01-23;605.0
2023-01-23;610.0
2023-01-23;608.0
2023-01-24;596.0
2023-01-24;597.0
2023-01-24;598.0
2023-01-24;597.0
2023-01-25;589.0
2023-01-25;591.0
2023-01-25;593.0
2023-01-25;591.0
2023-01-26;577.0
2023-01-26;578.0
2023-01-26;573.0
2023-01-26;582.0
2023-01-27;559.0
2023-01-27;564.0
2023-01-27;554.0
2023-01-27;559.0
2023-01-28;535.0
2023-01-28;535.0
2023-01-28;541.0
2023-01-28;529.0
2023-01-29;528.0
2023-01-29;519.0
2023-01-29;510.0
2023-01-29;519.0
2023-01-30;500.0
2023-01-30;495.0
2023-01-30;490.0
2023-01-30;495.0
2023-01-31;483.0
2023-01-31;477.0
2023-01-31;480.0
2023-01-31;480.0
2023-02-01;468.0
2023-02-01;467.0
2023-02-01;465.0
2023-02-01;470.0
2023-02-02;454.0
2023-02-02;457.0
2023-02-02;456.0
2023-02-02;459.0
2023-02-03;447.0
2023-02-03;445.0
2023-02-03;449.0
2023-02-03;447.0
2023-02-04;439.0
2023-02-04;440.0
2023-02-04;437.0
2023-02-04;438.0
2023-02-05;434.0
2023-02-05;433.0
2023-02-05;435.0
2023-02-05;434.0
2023-02-06;435.0
2023-02-06;434.0
2023-02-06;435.0
2023-02-06;435.0
2023-02-07;447.0
2023-02-07;451.0
2023-02-07;442.0
2023-02-07;447.0
2023-02-08;465.0
2023-02-08;469.0
2023-02-08;460.0
2023-02-08;465.0
2023-02-09;502.0
2023-02-09;515.0
2023-02-09;488.0
2023-02-09;502.0
2023-02-10;565.0
2023-02-10;545.0
2023-02-10;555.0
2023-02-10;555.0
2023-02-11;582.0
2023-02-11;587.0
2023-02-11;592.0
2023-02-11;587.0
2023-02-12;605.0
2023-02-12;602.0
2023-02-12;607.0
2023-02-12;605.0
2023-02-13;614.0
2023-02-13;613.0
2023-02-13;615.0
2023-02-13;614.0
2023-02-14;615.0
2023-02-14;614.0
2023-02-14;615.0
2023-02-14;614.0
2023-02-15;612.0
2023-02-15;611.0
2023-02-15;609.0
2023-02-15;610.0
2023-02-16;606.0
2023-02-16;605.0
2023-02-16;603.0
2023-02-16;605.0
2023-02-17;617.0
2023-02-17;612.0
2023-02-17;622.0
2023-02-17;617.0
2023-02-18;645.0
2023-02-18;645.0
2023-02-18;648.0
2023-02-18;642.0
2023-02-19;653.0
2023-02-19;653.0
2023-02-19;653.0
2023-02-19;652.0
2023-02-20;674.0
2023-02-20;674.0
2023-02-20;667.0
2023-02-20;681.0
2023-02-21;699.0
2023-02-21;698.0
2023-02-21;700.0
2023-02-21;699.0
2023-02-22;676.0
2023-02-22;681.0
2023-02-22;687.0
2023-02-22;682.0
2023-02-23;658.0
2023-02-23;663.0
2023-02-23;652.0
2023-02-23;657.0
2023-02-24;622.0
2023-02-24;633.0
2023-02-24;632.0
2023-02-24;643.0
2023-02-25;609.0
2023-02-25;609.0
2023-02-25;608.0
2023-02-25;608.0
2023-02-26;599.0
2023-02-26;595.0
2023-02-26;602.0
2023-02-26;598.0
2023-02-27;580.0
2023-02-27;585.0
2023-02-27;575.0
2023-02-27;580.0
2023-02-28;561.0
2023-02-28;557.0
2023-02-28;566.0
2023-02-28;562.0
2023-03-01;540.0
2023-03-01;535.0
2023-03-01;545.0
2023-03-01;540.0
2023-03-02;526.0
2023-03-02;530.0
2023-03-02;526.0
2023-03-02;522.0
2023-03-03;517.0
2023-03-03;518.0
2023-03-03;516.0
2023-03-03;517.0
2023-03-04;525.0
2023-03-04;535.0
2023-03-04;530.0
2023-03-04;530.0
2023-03-05;551.0
2023-03-05;558.0
2023-03-05;558.0
2023-03-05;564.0
2023-03-06;581.0
2023-03-06;586.0
2023-03-06;576.0
2023-03-06;581.0
2023-03-07;595.0
2023-03-07;602.0
2023-03-07;599.0
2023-03-07;599.0
2023-03-08;615.0
2023-03-08;612.0
2023-03-08;618.0
2023-03-08;615.0
2023-03-09;649.0
2023-03-09;642.0
2023-03-09;655.0
2023-03-09;649.0
2023-03-10;668.0
2023-03-10;665.0
2023-03-10;671.0
2023-03-10;668.0
2023-03-11;691.0
2023-03-11;687.0
2023-03-11;687.0
2023-03-11;682.0
2023-03-12;691.0
2023-03-12;686.0
2023-03-12;689.0
2023-03-12;689.0
2023-03-13;709.0
2023-03-13;714.0
2023-03-13;703.0
2023-03-13;709.0
2023-03-14;729.0
2023-03-14;727.0
2023-03-14;731.0
2023-03-14;729.0
2023-03-15;739.0
2023-03-15;741.0
2023-03-15;740.0
2023-03-15;740.0
2023-03-16;738.0
2023-03-16;740.0
2023-03-16;736.0
2023-03-16;738.0
2023-03-17;732.0
2023-03-17;730.0
2023-03-17;728.0
2023-03-17;730.0
2023-03-18;724.0
2023-03-18;712.0
2023-03-18;718.0
2023-03-18;718.0
2023-03-19;709.0
2023-03-19;710.0
2023-03-19;709.0
2023-03-19;710.0
2023-03-20;710.0
2023-03-20;710.0
2023-03-20;710.0
2023-03-20;710.0
2023-03-21;708.0
2023-03-21;709.0
2023-03-21;711.0
2023-03-21;710.0
2023-03-22;694.0
2023-03-22;689.0
2023-03-22;699.0
2023-03-22;694.0
2023-03-23;672.0
2023-03-23;677.0
2023-03-23;666.0
2023-03-23;671.0
2023-03-24;648.0
2023-03-24;648.0
2023-03-24;653.0
2023-03-24;643.0
2023-03-25;631.0
2023-03-25;629.0
2023-03-25;631.0
2023-03-25;633.0
2023-03-26;626.0
2023-03-26;629.0
2023-03-26;626.0
2023-03-26;623.0
2023-03-27;621.0
2023-03-27;622.0
2023-03-27;621.0
2023-03-27;620.0
2023-03-28;618.0
2023-03-28;618.0
2023-03-28;618.0
2023-03-28;617.0
2023-03-29;635.0
2023-03-29;638.0
2023-03-29;635.0
2023-03-29;631.0
2023-03-30;651.0
2023-03-30;653.0
2023-03-30;649.0
2023-03-30;651.0
2023-03-31;654.0
2023-03-31;653.0
2023-03-31;654.0
2023-03-31;654.0
2023-04-01;659.0
2023-04-01;651.0
2023-04-01;659.0
2023-04-01;667.0
2023-04-02;672.0
2023-04-02;671.0
2023-04-02;672.0
2023-04-02;672.0
2023-04-03;679.0
2023-04-03;679.0
2023-04-03;678.0
2023-04-03;680.0
2023-04-04;684.0
2023-04-04;683.0
2023-04-04;684.0
2023-04-04;683.0
2023-04-05;670.0
2023-04-05;673.0
2023-04-05;673.0
2023-04-05;676.0
2023-04-06;666.0
2023-04-06;666.0
2023-04-06;666.0
2023-04-06;666.0
2023-04-07;669.0
2023-04-07;674.0
2023-04-07;672.0
2023-04-07;672.0
2023-04-08;685.0
2023-04-08;682.0
2023-04-08;685.0
2023-04-08;687.0
2023-04-09;709.0
2023-04-09;713.0
2023-04-09;705.0
2023-04-09;709.0
2023-04-10;728.0
2023-04-10;724.0
2023-04-10;732.0
2023-04-10;728.0
2023-04-11;744.0
2023-04-11;740.0
2023-04-11;747.0
2023-04-11;744.0
2023-04-12;757.0
2023-04-12;755.0
2023-04-12;758.0
2023-04-12;757.0
2023-04-13;760.0
2023-04-13;761.0
2023-04-13;759.0
2023-04-13;760.0
2023-04-14;758.0
2023-04-14;756.0
2023-04-14;757.0
2023-04-14;757.0
2023-04-15;748.0
2023-04-15;745.0
2023-04-15;747.0
2023-04-15;750.0
2023-04-16;735.0
2023-04-16;733.0
2023-04-16;737.0
2023-04-16;735.0
2023-04-17;757.0
2023-04-17;763.0
2023-04-17;750.0
2023-04-17;757.0
2023-04-18;786.0
2023-04-18;786.0
2023-04-18;780.0
2023-04-18;792.0
2023-04-19;786.0
2023-04-19;792.0
2023-04-19;792.0
2023-04-19;797.0
2023-04-20;788.0
2023-04-20;785.0
2023-04-20;791.0
2023-04-20;788.0
2023-04-21;779.0
2023-04-21;779.0
2023-04-21;778.0
2023-04-21;780.0
2023-04-22;782.0
2023-04-22;782.0
2023-04-22;783.0
2023-04-22;783.0
2023-04-23;778.0
2023-04-23;780.0
2023-04-23;776.0
2023-04-23;778.0
2023-04-24;777.0
2023-04-24;777.0
2023-04-24;778.0
2023-04-24;778.0
2023-04-25;763.0
2023-04-25;758.0
2023-04-25;763.0
2023-04-25;768.0
2023-04-26;741.0
2023-04-26;728.0
2023-04-26;735.0
2023-04-26;734.0
2023-04-27;714.0
2023-04-27;717.0
2023-04-27;715.0
2023-04-27;712.0
2023-04-28;715.0
2023-04-28;713.0
2023-04-28;716.0
2023-04-28;715.0
2023-04-29;723.0
2023-04-29;723.0
2023-04-29;723.0
2023-04-29;723.0
2023-04-30;726.0
2023-04-30;725.0
2023-04-30;725.0
2023-04-30;724.0
2023-05-01;717.0
2023-05-01;717.0
2023-05-01;720.0
2023-05-01;714.0
2023-05-02;708.0
2023-05-02;711.0
2023-05-02;714.0
2023-05-02;711.0
2023-05-03;728.0
2023-05-03;725.0
2023-05-03;728.0
2023-05-03;730.0
2023-05-04;737.0
2023-05-04;739.0
2023-05-04;735.0
2023-05-04;737.0
2023-05-05;749.0
2023-05-05;749.0
2023-05-05;745.0
2023-05-05;752.0
2023-05-06;754.0
2023-05-06;754.0
2023-05-06;754.0
2023-05-06;754.0
2023-05-07;753.0
2023-05-07;753.0
2023-05-07;753.0
2023-05-07;753.0
2023-05-08;750.0
2023-05-08;751.0
2023-05-08;751.0
2023-05-08;750.0
2023-05-09;747.0
2023-05-09;746.0
2023-05-09;748.0
2023-05-09;747.0
2023-05-10;787.0
2023-05-10;775.0
2023-05-10;771.0
2023-05-10;802.0
2023-05-11;803.0
2023-05-11;835.0
2023-05-11;837.0
2023-05-11;832.0
2023-05-12;833.0
2023-05-12;831.0
2023-05-12;830.0
2023-05-12;832.0
2023-05-13;835.0
2023-05-13;835.0
2023-05-13;837.0
2023-05-13;833.0
2023-05-14;852.0
2023-05-14;858.0
2023-05-14;846.0
2023-05-14;852.0
2023-05-15;882.0
2023-05-15;875.0
2023-05-15;888.0
2023-05-15;882.0
2023-05-16;898.0
2023-05-16;900.0
2023-05-16;898.0
2023-05-16;896.0
2023-05-17;901.0
2023-05-17;901.0
2023-05-17;900.0
2023-05-17;902.0
2023-05-18;895.0
2023-05-18;892.0
2023-05-18;897.0
2023-05-18;894.0
2023-05-19;874.0
2023-05-19;879.0
2023-05-19;879.0
2023-05-19;884.0
2023-05-20;862.0
2023-05-20;857.0
2023-05-20;857.0
2023-05-20;852.0
2023-05-21;834.0
2023-05-21;837.0
2023-05-21;840.0
2023-05-21;837.0
2023-05-22;835.0
2023-05-22;831.0
2023-05-22;833.0
2023-05-22;833.0
2023-05-23;846.0
2023-05-23;842.0
2023-05-23;850.0
2023-05-23;846.0
2023-05-24;863.0
2023-05-24;859.0
2023-05-24;866.0
2023-05-24;863.0
2023-05-25;883.0
2023-05-25;882.0
2023-05-25;882.0
2023-05-25;880.0
2023-05-26;884.0
2023-05-26;883.0
2023-05-26;885.0
2023-05-26;884.0
2023-05-27;888.0
2023-05-27;888.0
2023-05-27;890.0
2023-05-27;886.0
2023-05-28;892.0
2023-05-28;893.0
2023-05-28;894.0
2023-05-28;893.0
2023-05-29;901.0
2023-05-29;905.0
2023-05-29;901.0
2023-05-29;897.0
2023-05-30;922.0
2023-05-30;927.0
2023-05-30;927.0
2023-05-30;931.0
2023-05-31;940.0
2023-05-31;940.0
2023-05-31;939.0
2023-05-31;940.0
2023-06-01;935.0
2023-06-01;937.0
2023-06-01;935.0
2023-06-01;933.0
2023-06-02;923.0
2023-06-02;920.0
2023-06-02;923.0
2023-06-02;926.0
2023-06-03;904.0
2023-06-03;903.0
2023-06-03;908.0
2023-06-03;899.0
2023-06-04;885.0
2023-06-04;888.0
2023-06-04;882.0
2023-06-04;885.0
2023-06-05;877.0
2023-06-05;878.0
2023-06-05;879.0
2023-06-05;876.0
2023-06-06;872.0
2023-06-06;872.0
2023-06-06;873.0
2023-06-06;873.0
2023-06-07;872.0
2023-06-07;873.0
2023-06-07;870.0
2023-06-07;871.0
2023-06-08;872.0
2023-06-08;870.0
2023-06-08;873.0
2023-06-08;872.0
2023-06-09;888.0
2023-06-09;884.0
2023-06-09;879.0
2023-06-09;884.0
2023-06-10;905.0
2023-06-10;900.0
2023-06-10;903.0
2023-06-10;903.0
2023-06-11;908.0
2023-06-11;908.0
2023-06-11;908.0
2023-06-11;908.0
2023-06-12;919.0
2023-06-12;922.0
2023-06-12;919.0
2023-06-12;915.0
2023-06-13;938.0
2023-06-13;934.0
2023-06-13;941.0
2023-06-13;938.0
2023-06-14;947.0
2023-06-14;947.0
2023-06-14;946.0
2023-06-14;947.0
2023-06-15;944.0
2023-06-15;946.0
2023-06-15;942.0
2023-06-15;944.0
2023-06-16;932.0
2023-06-16;936.0
2023-06-16;934.0
2023-06-16;934.0
2023-06-17;922.0
2023-06-17;921.0
2023-06-17;919.0
2023-06-17;924.0
2023-06-18;906.0
2023-06-18;911.0
2023-06-18;908.0
2023-06-18;909.0
2023-06-19;895.0
2023-06-19;899.0
2023-06-19;892.0
2023-06-19;896.0
2023-06-20;882.0
2023-06-20;878.0
2023-06-20;882.0
2023-06-20;886.0
2023-06-21;867.0
2023-06-21;867.0
2023-06-21;863.0
2023-06-21;871.0
2023-06-22;853.0
2023-06-22;855.0
2023-06-22;850.0
2023-06-22;852.0
2023-06-23;845.0
2023-06-23;843.0
2023-06-23;842.0
2023-06-23;840.0
2023-06-24;835.0
2023-06-24;838.0
2023-06-24;836.0
2023-06-24;837.0
2023-06-25;830.0
2023-06-25;827.0
2023-06-25;824.0
2023-06-25;827.0
2023-06-26;816.0
2023-06-26;819.0
2023-06-26;817.0
2023-06-26;818.0
2023-06-27;819.0
2023-06-27;817.0
2023-06-27;818.0
2023-06-27;818.0
2023-06-28;827.0
2023-06-28;827.0
2023-06-28;829.0
2023-06-28;825.0
2023-06-29;830.0
2023-06-29;829.0
2023-06-29;830.0
2023-06-29;830.0
2023-06-30;827.0
2023-06-30;827.0
2023-06-30;828.0
2023-06-30;828.0
2023-07-01;825.0
2023-07-01;823.0
2023-07-01;825.0
2023-07-01;826.0
2023-07-02;832.0
2023-07-02;838.0
2023-07-02;838.0
2023-07-02;844.0
2023-07-03;871.0
2023-07-03;881.0
2023-07-03;891.0
2023-07-03;881.0
2023-07-04;914.0
2023-07-04;910.0
2023-07-04;918.0
2023-07-04;914.0
2023-07-05;919.0
2023-07-05;921.0
2023-07-05;917.0
2023-07-05;919.0
2023-07-06;912.0
2023-07-06;913.0
2023-07-06;913.0
2023-07-06;912.0
2023-07-07;919.0
2023-07-07;916.0
2023-07-07;918.0
2023-07-07;918.0
2023-07-08;921.0
2023-07-08;921.0
2023-07-08;921.0
2023-07-08;921.0
2023-07-09;920.0
2023-07-09;919.0
2023-07-09;918.0
2023-07-09;917.0
2023-07-10;910.0
2023-07-10;906.0
2023-07-10;901.0
2023-07-10;905.0
2023-07-11;886.0
2023-07-11;890.0
2023-07-11;882.0
2023-07-11;886.0
2023-07-12;870.0
2023-07-12;876.0
2023-07-12;873.0
2023-07-12;873.0
2023-07-13;852.0
2023-07-13;856.0
2023-07-13;860.0
2023-07-13;856.0
2023-07-14;841.0
2023-07-14;838.0
2023-07-14;839.0
2023-07-14;836.0
2023-07-15;852.0
2023-07-15;852.0
2023-07-15;835.0
2023-07-15;869.0
2023-07-16;859.0
2023-07-16;905.0
2023-07-16;882.0
2023-07-16;882.0
2023-07-17;905.0
2023-07-17;900.0
2023-07-17;900.0
2023-07-17;894.0
2023-07-18;922.0
2023-07-18;922.0
2023-07-18;925.0
2023-07-18;919.0
2023-07-19;935.0
2023-07-19;940.0
2023-07-19;938.0
2023-07-19;938.0
2023-07-20;949.0
2023-07-20;948.0
2023-07-20;946.0
2023-07-20;948.0
2023-07-21;952.0
2023-07-21;952.0
2023-07-21;952.0
2023-07-21;952.0
2023-07-22;952.0
2023-07-22;952.0
2023-07-22;951.0
2023-07-22;952.0
2023-07-23;953.0
2023-07-23;953.0
2023-07-23;953.0
2023-07-23;953.0
2023-07-24;957.0
2023-07-24;961.0
2023-07-24;959.0
2023-07-24;959.0
2023-07-25;960.0
2023-07-25;959.0
2023-07-25;957.0
2023-07-25;962.0
2023-07-26;947.0
2023-07-26;948.0
2023-07-26;950.0
2023-07-26;949.0
2023-07-27;945.0
2023-07-27;944.0
2023-07-27;943.0
2023-07-27;942.0
2023-07-28;940.0
2023-07-28;940.0
2023-07-28;940.0
2023-07-28;940.0
2023-07-29;941.0
2023-07-29;942.0
2023-07-29;939.0
2023-07-29;941.0
2023-07-30;951.0
2023-07-30;949.0
2023-07-30;953.0
2023-07-30;951.0
2023-07-31;959.0
2023-07-31;960.0
2023-07-31;960.0
2023-07-31;960.0
2023-08-01;964.0
2023-08-01;964.0
2023-08-01;964.0
2023-08-01;964.0
2023-08-02;967.0
2023-08-02;971.0
2023-08-02;969.0
2023-08-02;969.0
2023-08-03;978.0
2023-08-03;976.0
2023-08-03;978.0
2023-08-03;979.0
2023-08-04;980.0
2023-08-04;981.0
2023-08-04;981.0
2023-08-04;980.0
2023-08-05;978.0
2023-08-05;977.0
2023-08-05;978.0
2023-08-05;977.0
2023-08-06;973.0
2023-08-06;972.0
2023-08-06;974.0
2023-08-06;973.0
2023-08-07;971.0
2023-08-07;971.0
2023-08-07;971.0
2023-08-07;971.0
2023-08-08;969.0
2023-08-08;969.0
2023-08-08;970.0
2023-08-08;968.0
2023-08-09;961.0
2023-08-09;954.0
2023-08-09;958.0
2023-08-09;957.0
2023-08-10;939.0
2023-08-10;934.0
2023-08-10;939.0
2023-08-10;944.0
2023-08-11;920.0
2023-08-11;923.0
2023-08-11;920.0
2023-08-11;917.0
2023-08-12;908.0
2023-08-12;910.0
2023-08-12;909.0
2023-08-12;909.0
2023-08-13;912.0
2023-08-13;914.0
2023-08-13;912.0
2023-08-13;909.0
2023-08-14;918.0
2023-08-14;919.0
2023-08-14;920.0
2023-08-14;919.0
2023-08-15;938.0
2023-08-15;950.0
2023-08-15;938.0
2023-08-15;926.0
2023-08-16;968.0
2023-08-16;968.0
2023-08-16;966.0
2023-08-16;970.0
2023-08-17;967.0
2023-08-17;964.0
2023-08-17;970.0
2023-08-17;967.0
2023-08-18;946.0
2023-08-18;950.0
2023-08-18;954.0
2023-08-18;950.0
2023-08-19;938.0
2023-08-19;937.0
2023-08-19;939.0
2023-08-19;938.0
2023-08-20;933.0
2023-08-20;934.0
2023-08-20;935.0
2023-08-20;932.0
2023-08-21;928.0
2023-08-21;922.0
2023-08-21;933.0
2023-08-21;927.0
2023-08-22;901.0
2023-08-22;907.0
2023-08-22;913.0
2023-08-22;907.0
2023-08-23;879.0
2023-08-23;872.0
2023-08-23;885.0
2023-08-23;878.0
2023-08-24;855.0
2023-08-24;849.0
2023-08-24;860.0
2023-08-24;854.0
2023-08-25;830.0
2023-08-25;840.0
2023-08-25;835.0
2023-08-25;835.0
2023-08-26;814.0
2023-08-26;822.0
2023-08-26;818.0
2023-08-26;818.0
2023-08-27;800.0
2023-08-27;805.0
2023-08-27;796.0
2023-08-27;801.0
2023-08-28;784.0
2023-08-28;780.0
2023-08-28;788.0
2023-08-28;784.0
2023-08-29;772.0
2023-08-29;769.0
2023-08-29;769.0
2023-08-29;766.0
2023-08-30;761.0
2023-08-30;762.0
2023-08-30;761.0
2023-08-30;760.0
2023-08-31;757.0
2023-08-31;756.0
2023-08-31;757.0
2023-08-31;758.0
2023-09-01;752.0
2023-09-01;750.0
2023-09-01;753.0
2023-09-01;755.0
2023-09-02;743.0
2023-09-02;745.0
2023-09-02;742.0
2023-09-02;740.0
2023-09-03;725.0
2023-09-03;728.0
2023-09-03;731.0
2023-09-03;728.0
2023-09-04;715.0
2023-09-04;712.0
2023-09-04;718.0
2023-09-04;715.0
2023-09-05;698.0
2023-09-05;705.0
2023-09-05;701.0
2023-09-05;702.0
2023-09-06;687.0
2023-09-06;691.0
2023-09-06;689.0
2023-09-06;689.0
2023-09-07;680.0
2023-09-07;678.0
2023-09-07;681.0
2023-09-07;679.0
2023-09-08;674.0
2023-09-08;674.0
2023-09-08;673.0
2023-09-08;675.0
2023-09-09;669.0
2023-09-09;670.0
2023-09-09;669.0
2023-09-09;668.0
2023-09-10;668.0
2023-09-10;667.0
2023-09-10;668.0
2023-09-10;667.0
2023-09-11;667.0
2023-09-11;667.0
2023-09-11;667.0
2023-09-11;667.0
2023-09-12;669.0
2023-09-12;669.0
2023-09-12;669.0
2023-09-12;669.0
2023-09-13;671.0
2023-09-13;671.0
2023-09-13;671.0
2023-09-13;670.0
2023-09-14;671.0
2023-09-14;671.0
2023-09-14;671.0
2023-09-14;671.0
2023-09-15;670.0
2023-09-15;669.0
2023-09-15;669.0
2023-09-15;670.0
2023-09-16;664.0
2023-09-16;666.0
2023-09-16;666.0
2023-09-16;667.0
2023-09-17;670.0
2023-09-17;669.0
2023-09-17;670.0
2023-09-17;671.0
2023-09-18;667.0
2023-09-18;671.0
2023-09-18;671.0
2023-09-18;670.0
2023-09-19;662.0
2023-09-19;663.0
2023-09-19;665.0
2023-09-19;667.0
2023-09-20;654.0
2023-09-20;655.0
2023-09-20;657.0
2023-09-20;659.0
2023-09-21;648.0
2023-09-21;646.0
2023-09-21;650.0
2023-09-21;645.0
2023-09-22;639.0
2023-09-22;638.0
2023-09-22;639.0
2023-09-22;635.0
2023-09-23;634.0
2023-09-23;637.0
2023-09-23;637.0
2023-09-23;637.0
2023-09-24;633.0
2023-09-24;636.0
2023-09-24;635.0
2023-09-24;636.0
2023-09-25;636.0
2023-09-25;636.0
2023-09-25;635.0
2023-09-25;633.0
2023-09-26;639.0
2023-09-26;640.0
2023-09-26;643.0
2023-09-26;642.0
2023-09-27;653.0
2023-09-27;648.0
2023-09-27;664.0
2023-09-27;656.0
2023-09-28;663.0
2023-09-28;661.0
2023-09-28;659.0
2023-09-28;664.0
2023-09-29;647.0
2023-09-29;647.0
2023-09-29;650.0
2023-09-29;652.0
2023-09-30;643.0
2023-09-30;647.0
2023-09-30;646.0
2023-09-30;644.0
2023-10-01;635.0
2023-10-01;640.0
2023-10-01;639.0
2023-10-01;637.0
2023-10-02;631.0
2023-10-02;634.0
2023-10-02;635.0
2023-10-02;633.0
2023-10-03;631.0
2023-10-03;630.0
2023-10-03;631.0
2023-10-03;627.0
2023-10-04;622.0
2023-10-04;625.0
2023-10-04;627.0
2023-10-04;623.0
2023-10-05;614.0
2023-10-05;617.0
2023-10-05;614.0
2023-10-05;620.0
2023-10-06;607.0
2023-10-06;604.0
2023-10-06;609.0
2023-10-06;603.0
2023-10-07;592.0
2023-10-07;597.0
2023-10-07;591.0
2023-10-07;595.0
2023-10-08;581.0
2023-10-08;586.0
2023-10-08;581.0
2023-10-08;584.0
2023-10-09;571.0
2023-10-09;571.0
2023-10-09;576.0
2023-10-09;574.0
2023-10-10;556.0
2023-10-10;562.0
2023-10-10;556.0
2023-10-10;559.0
2023-10-11;545.0
2023-10-11;550.0
2023-10-11;547.0
2023-10-11;549.0
2023-10-12;544.0
2023-10-12;545.0
2023-10-12;545.0
2023-10-12;541.0
2023-10-13;540.0
2023-10-13;542.0
2023-10-13;538.0
2023-10-13;541.0
2023-10-14;540.0
2023-10-14;539.0
2023-10-14;540.0
2023-10-14;537.0
2023-10-15;547.0
2023-10-15;549.0
2023-10-15;544.0
2023-10-15;545.0
2023-10-16;554.0
2023-10-16;556.0
2023-10-16;551.0
2023-10-16;552.0
2023-10-17;554.0
2023-10-17;557.0
2023-10-17;557.0
2023-10-17;557.0
2023-10-18;559.0
2023-10-18;559.0
2023-10-18;559.0
2023-10-18;556.0
2023-10-19;552.0
2023-10-19;553.0
2023-10-19;552.0
2023-10-19;553.0
2023-10-20;552.0
2023-10-20;553.0
2023-10-20;553.0
2023-10-20;553.0
2023-10-21;555.0
2023-10-21;551.0
2023-10-21;553.0
2023-10-21;553.0
2023-10-22;584.0
2023-10-22;571.0
2023-10-22;578.0
2023-10-22;578.0
2023-10-23;600.0
2023-10-23;595.0
2023-10-23;604.0
2023-10-23;600.0
2023-10-24;605.0
2023-10-24;604.0
2023-10-24;602.0
2023-10-24;603.0
2023-10-25;590.0
2023-10-25;595.0
2023-10-25;591.0
2023-10-25;586.0
2023-10-26;573.0
2023-10-26;569.0
2023-10-26;576.0
2023-10-26;572.0
2023-10-27;558.0
2023-10-27;561.0
2023-10-27;555.0
2023-10-27;558.0
2023-10-28;545.0
2023-10-28;546.0
2023-10-28;543.0
2023-10-28;548.0
2023-10-29;536.0
2023-10-29;535.0
2023-10-29;537.0
2023-10-29;536.0
2023-10-30;531.0
2023-10-30;532.0
2023-10-30;530.0
2023-10-30;531.0
2023-10-31;529.0
2023-10-31;529.0
2023-10-31;530.0
2023-10-31;528.0
2023-11-01;530.0
2023-11-01;529.0
2023-11-01;529.0
2023-11-01;530.0
2023-11-02;529.0
2023-11-02;529.0
2023-11-02;528.0
2023-11-02;528.0
2023-11-03;525.0
2023-11-03;526.0
2023-11-03;526.0
2023-11-03;525.0
2023-11-04;518.0
2023-11-04;519.0
2023-11-04;520.0
2023-11-04;521.0
2023-11-05;513.0
2023-11-05;514.0
2023-11-05;513.0
2023-11-05;512.0
2023-11-06;511.0
2023-11-06;512.0
2023-11-06;510.0
2023-11-06;511.0
2023-11-07;516.0
2023-11-07;512.0
2023-11-07;514.0
2023-11-07;514.0
2023-11-08;526.0
2023-11-08;529.0
2023-11-08;526.0
2023-11-08;522.0
2023-11-09;547.0
2023-11-09;551.0
2023-11-09;542.0
2023-11-09;547.0
2023-11-10;574.0
2023-11-10;564.0
2023-11-10;584.0
2023-11-10;574.0
2023-11-11;605.0
2023-11-11;594.0
2023-11-11;600.0
2023-11-11;600.0
2023-11-12;625.0
2023-11-12;619.0
2023-11-12;630.0
2023-11-12;625.0
2023-11-13;644.0
2023-11-13;649.0
2023-11-13;653.0
2023-11-13;649.0
2023-11-14;664.0
2023-11-14;666.0
2023-11-14;661.0
2023-11-14;664.0
2023-11-15;667.0
2023-11-15;666.0
2023-11-15;665.0
2023-11-15;664.0
2023-11-16;655.0
2023-11-16;659.0
2023-11-16;655.0
2023-11-16;651.0
2023-11-17;639.0
2023-11-17;643.0
2023-11-17;635.0
2023-11-17;639.0
2023-11-18;625.0
2023-11-18;620.0
2023-11-18;623.0
2023-11-18;622.0
2023-11-19;603.0
2023-11-19;607.0
2023-11-19;611.0
2023-11-19;607.0
2023-11-20;597.0
2023-11-20;597.0
2023-11-20;596.0
2023-11-20;596.0
2023-11-21;592.0
2023-11-21;593.0
2023-11-21;593.0
2023-11-21;593.0
2023-11-22;594.0
2023-11-22;601.0
2023-11-22;601.0
2023-11-22;607.0
2023-11-23;644.0
2023-11-23;630.0
2023-11-23;637.0
2023-11-23;637.0
2023-11-24;656.0
2023-11-24;650.0
2023-11-24;662.0
2023-11-24;656.0
2023-11-25;673.0
2023-11-25;678.0
2023-11-25;678.0
2023-11-25;683.0
2023-11-26;687.0
2023-11-26;686.0
2023-11-26;686.0
2023-11-26;687.0
2023-11-27;663.0
2023-11-27;669.0
2023-11-27;670.0
2023-11-27;676.0
2023-11-28;630.0
2023-11-28;638.0
2023-11-28;637.0
2023-11-28;645.0
2023-11-29;609.0
2023-11-29;605.0
2023-11-29;613.0
2023-11-29;609.0
2023-11-30;593.0
2023-11-30;591.0
2023-11-30;595.0
2023-11-30;593.0
2023-12-01;587.0
2023-12-01;588.0
2023-12-01;586.0
2023-12-01;587.0
2023-12-02;581.0
2023-12-02;582.0
2023-12-02;582.0
2023-12-02;583.0
2023-12-03;574.0
2023-12-03;575.0
2023-12-03;574.0
2023-12-03;573.0
2023-12-04;570.0
2023-12-04;570.0
2023-12-04;570.0
2023-12-04;570.0
2023-12-05;576.0
2023-12-05;572.0
2023-12-05;580.0
2023-12-05;576.0
2023-12-06;597.0
2023-12-06;594.0
2023-12-06;591.0
2023-12-06;594.0
2023-12-07;604.0
2023-12-07;601.0
2023-12-07;604.0
2023-12-07;607.0
2023-12-08;630.0
2023-12-08;623.0
2023-12-08;630.0
2023-12-08;636.0
2023-12-09;660.0
2023-12-09;665.0
2023-12-09;654.0
2023-12-09;660.0
2023-12-10;670.0
2023-12-10;670.0
2023-12-10;672.0
2023-12-10;668.0
2023-12-11;660.0
2023-12-11;664.0
2023-12-11;657.0
2023-12-11;661.0
2023-12-12;652.0
2023-12-12;652.0
2023-12-12;654.0
2023-12-12;650.0
2023-12-13;638.0
2023-12-13;634.0
2023-12-13;643.0
2023-12-13;639.0
2023-12-14;628.0
2023-12-14;630.0
2023-12-14;627.0
2023-12-14;629.0
2023-12-15;621.0
2023-12-15;619.0
2023-12-15;620.0
2023-12-15;622.0
2023-12-16;619.0
2023-12-16;619.0
2023-12-16;619.0
2023-12-16;619.0
2023-12-17;632.0
2023-12-17;632.0
2023-12-17;636.0
2023-12-17;628.0
2023-12-18;664.0
2023-12-18;659.0
2023-12-18;654.0
2023-12-18;659.0
2023-12-19;673.0
2023-12-19;675.0
2023-12-19;671.0
2023-12-19;673.0
2023-12-20;686.0
2023-12-20;685.0
2023-12-20;686.0
2023-12-20;686.0
2023-12-21;692.0
2023-12-21;693.0
2023-12-21;693.0
2023-12-21;693.0
2023-12-22;691.0
2023-12-22;689.0
2023-12-22;693.0
2023-12-22;691.0
2023-12-23;681.0
2023-12-23;684.0
2023-12-23;678.0
2023-12-23;681.0
2023-12-24;673.0
2023-12-24;673.0
2023-12-24;672.0
2023-12-24;673.0
2023-12-25;682.0
2023-12-25;681.0
2023-12-25;682.0
2023-12-25;682.0
2023-12-26;685.0
2023-12-26;685.0
2023-12-26;685.0
2023-12-26;684.0
2023-12-27;685.0
2023-12-27;685.0
2023-12-27;684.0
2023-12-27;685.0
2023-12-28;703.0
2023-12-28;692.0
2023-12-28;714.0
2023-12-28;703.0
2023-12-29;744.0
2023-12-29;752.0
2023-12-29;744.0
2023-12-29;736.0
2023-12-30;765.0
2023-12-30;763.0
2023-12-30;764.0
2023-12-30;764.0
2023-12-31;761.0
2023-12-31;758.0
2023-12-31;758.0
2023-12-31;754.0
2024-01-01;734.0
2024-01-01;739.0
2024-01-01;744.0
2024-01-02;715.0
2024-01-02;721.0
2024-01-02;726.0
2024-01-03;691.0
2024-01-03;700.0
2024-01-03;696.0
2024-01-04;678.0
2024-01-04;674.0
2024-01-04;669.0
2024-01-05;654.0
2024-01-05;658.0
2024-01-05;649.0
2024-01-06;638.0
2024-01-06;641.0
2024-01-06;634.0
2024-01-07;624.0
2024-01-07;619.0
2024-01-07;622.0
2024-01-08;610.0
2024-01-08;606.0
2024-01-08;608.0
2024-01-09;607.0
2024-01-09;605.0
2024-01-09;602.0
2024-01-10;618.0
2024-01-10;621.0
2024-01-10;623.0
2024-01-11;620.0
2024-01-11;622.0
2024-01-11;618.0
2024-01-12;613.0
2024-01-12;611.0
2024-01-12;608.0
2024-01-13;608.0
2024-01-13;606.0
2024-01-13;603.0
2024-01-14;600.0
2024-01-14;600.0
2024-01-14;599.0
2024-01-15;598.0
2024-01-15;597.0
2024-01-15;598.0
2024-01-16;590.0
2024-01-16;594.0
2024-01-16;592.0
2024-01-17;591.0
2024-01-17;590.0
2024-01-17;592.0
2024-01-18;600.0
2024-01-18;597.0
2024-01-18;599.0
2024-01-19;602.0
2024-01-19;602.0
2024-01-19;602.0
2024-01-20;612.0
2024-01-20;612.0
2024-01-20;612.0
2024-01-21;624.0
2024-01-21;626.0
2024-01-21;622.0
2024-01-22;625.0
2024-01-22;626.0
2024-01-22;623.0
2024-01-23;618.0
2024-01-23;616.0
2024-01-23;613.0
2024-01-24;599.0
2024-01-24;603.0
2024-01-24;607.0
2024-01-25;594.0
2024-01-25;595.0
2024-01-25;593.0
2024-01-26;591.0
2024-01-26;588.0
2024-01-26;590.0
2024-01-27;581.0
2024-01-27;585.0
2024-01-27;583.0
2024-01-28;571.0
2024-01-28;576.0
2024-01-28;574.0
2024-01-29;566.0
2024-01-29;560.0
2024-01-29;563.0
2024-01-30;554.0
2024-01-30;556.0
2024-01-30;551.0
2024-01-31;555.0
2024-01-31;551.0
2024-01-31;547.0
2024-02-01;558.0
2024-02-01;559.0
2024-02-01;557.0
2024-02-02;552.0
2024-02-02;550.0
2024-02-02;553.0
2024-02-03;548.0
2024-02-03;546.0
2024-02-03;549.0
2024-02-04;559.0
2024-02-04;559.0
2024-02-04;558.0
2024-02-05;576.0
2024-02-05;572.0
2024-02-05;574.0
2024-02-06;578.0
2024-02-06;576.0
2024-02-06;577.0
2024-02-07;575.0
2024-02-07;572.0
2024-02-07;574.0
2024-02-08;570.0
2024-02-08;571.0
2024-02-08;571.0
2024-02-09;581.0
2024-02-09;594.0
2024-02-09;588.0
2024-02-10;627.0
2024-02-10;613.0
2024-02-10;620.0
2024-02-11;636.0
2024-02-11;641.0
2024-02-11;646.0
2024-02-12;671.0
2024-02-12;664.0
2024-02-12;678.0
2024-02-13;696.0
2024-02-13;691.0
2024-02-13;700.0
2024-02-14;717.0
2024-02-14;711.0
2024-02-14;722.0
2024-02-15;755.0
2024-02-15;745.0
2024-02-15;750.0
2024-02-16;759.0
2024-02-16;758.0
2024-02-16;760.0
2024-02-17;758.0
2024-02-17;759.0
2024-02-17;759.0
2024-02-18;757.0
2024-02-18;758.0
2024-02-18;756.0
2024-02-19;745.0
2024-02-19;754.0
2024-02-19;736.0
2024-02-20;718.0
2024-02-20;712.0
2024-02-20;724.0
2024-02-21;698.0
2024-02-21;690.0
2024-02-21;682.0
2024-02-22;658.0
2024-02-22;665.0
2024-02-22;651.0
2024-02-23;634.0
2024-02-23;621.0
2024-02-23;628.0
2024-02-24;608.0
2024-02-24;603.0
2024-02-24;598.0
2024-02-25;583.0
2024-02-25;587.0
2024-02-25;578.0
2024-02-26;568.0
2024-02-26;563.0
2024-02-26;566.0
2024-02-27;548.0
2024-02-27;554.0
2024-02-27;551.0
2024-02-28;540.0
2024-02-28;542.0
2024-02-28;537.0
2024-02-29;537.0
2024-02-29;539.0
2024-02-29;541.0
2024-03-01;550.0
2024-03-01;550.0
2024-03-01;550.0
2024-03-02;550.0
2024-03-02;555.0
2024-03-02;545.0
2024-03-03;548.0
2024-03-03;550.0
2024-03-03;545.0
2024-03-04;544.0
2024-03-04;540.0
2024-03-04;536.0
2024-03-05;523.0
2024-03-05;526.0
2024-03-05;519.0
2024-03-06;501.0
2024-03-06;507.0
2024-03-06;504.0
2024-03-07;494.0
2024-03-07;498.0
2024-03-07;496.0
2024-03-08;488.0
2024-03-08;486.0
2024-03-08;489.0
2024-03-09;490.0
2024-03-09;488.0
2024-03-09;492.0
2024-03-10;501.0
2024-03-10;504.0
2024-03-10;503.0
2024-03-11;505.0
2024-03-11;505.0
2024-03-11;505.0
2024-03-12;501.0
2024-03-12;505.0
2024-03-12;503.0
2024-03-13;507.0
2024-03-13;507.0
2024-03-13;507.0
2024-03-14;509.0
2024-03-14;510.0
2024-03-14;508.0
2024-03-15;508.0
2024-03-15;510.0
2024-03-15;511.0
2024-03-16;522.0
2024-03-16;517.0
2024-03-16;520.0
2024-03-17;526.0
2024-03-17;525.0
2024-03-17;526.0
2024-03-18;525.0
2024-03-18;524.0
2024-03-18;523.0
2024-03-19;525.0
2024-03-19;525.0
2024-03-19;525.0
2024-03-20;529.0
2024-03-20;527.0
2024-03-20;530.0
2024-03-21;534.0
2024-03-21;531.0
2024-03-21;533.0
2024-03-22;541.0
2024-03-22;537.0
2024-03-22;544.0
2024-03-23;555.0
2024-03-23;550.0
2024-03-23;553.0
2024-03-24;563.0
2024-03-24;565.0
2024-03-24;567.0
2024-03-25;574.0
2024-03-25;576.0
2024-03-25;578.0
2024-03-26;580.0
2024-03-26;581.0
2024-03-26;579.0
2024-03-27;572.0
2024-03-27;575.0
2024-03-27;568.0
2024-03-28;554.0
2024-03-28;558.0
2024-03-28;561.0
2024-03-29;545.0
2024-03-29;547.0
2024-03-29;542.0
2024-03-30;540.0
2024-03-30;542.0
2024-03-30;541.0
2024-03-31;546.0
2024-03-31;542.0
2024-03-31;550.0
2024-04-01;564.0
2024-04-01;558.0
2024-04-01;569.0
2024-04-02;598.0
2024-04-02;585.0
2024-04-02;611.0
2024-04-03;636.0
2024-04-03;632.0
2024-04-03;628.0
2024-04-04;643.0
2024-04-04;643.0
2024-04-04;643.0
2024-04-05;640.0
2024-04-05;641.0
2024-04-05;642.0
2024-04-06;650.0
2024-04-06;646.0
2024-04-06;654.0
2024-04-07;664.0
2024-04-07;667.0
2024-04-07;669.0
2024-04-08;669.0
2024-04-08;674.0
2024-04-08;672.0
2024-04-09;662.0
2024-04-09;666.0
2024-04-09;670.0
2024-04-10;641.0
2024-04-10;652.0
2024-04-10;647.0
2024-04-11;636.0
2024-04-11;633.0
2024-04-11;630.0
2024-04-12;632.0
2024-04-12;630.0
2024-04-12;634.0
2024-04-13;640.0
2024-04-13;643.0
2024-04-13;646.0
2024-04-14;648.0
2024-04-14;650.0
2024-04-14;645.0
2024-04-15;631.0
2024-04-15;635.0
2024-04-15;627.0
2024-04-16;618.0
2024-04-16;614.0
2024-04-16;621.0
2024-04-17;599.0
2024-04-17;610.0
2024-04-17;605.0
2024-04-18;591.0
2024-04-18;593.0
2024-04-18;588.0
2024-04-19;588.0
2024-04-19;587.0
2024-04-19;588.0
2024-04-20;590.0
2024-04-20;591.0
2024-04-20;591.0
2024-04-21;591.0
2024-04-21;591.0
2024-04-21;591.0
2024-04-22;596.0
2024-04-22;595.0
2024-04-22;593.0
2024-04-23;614.0
2024-04-23;604.0
2024-04-23;609.0
2024-04-24;627.0
2024-04-24;637.0
2024-04-24;632.0
2024-04-25;646.0
2024-04-25;644.0
2024-04-25;648.0
2024-04-26;657.0
2024-04-26;655.0
2024-04-26;653.0
2024-04-27;663.0
2024-04-27;665.0
2024-04-27;667.0
2024-04-28;674.0
2024-04-28;671.0
2024-04-28;673.0
2024-04-29;679.0
2024-04-29;684.0
2024-04-29;674.0
2024-04-30;698.0
2024-04-30;700.0
2024-04-30;699.0
2024-05-01;702.0
2024-05-01;702.0
2024-05-01;701.0
2024-05-02;692.0
2024-05-02;696.0
2024-05-02;694.0
2024-05-03;688.0
2024-05-03;688.0
2024-05-03;688.0
2024-05-04;692.0
2024-05-04;694.0
2024-05-04;696.0
2024-05-05;715.0
2024-05-05;723.0
2024-05-05;706.0
2024-05-06;758.0
2024-05-06;775.0
2024-05-06;792.0
2024-05-07;829.0
2024-05-07;828.0
2024-05-07;830.0
2024-05-08;843.0
2024-05-08;841.0
2024-05-08;844.0
2024-05-09;840.0
2024-05-09;844.0
2024-05-09;842.0
2024-05-10;838.0
2024-05-10;836.0
2024-05-10;834.0
2024-05-11;854.0
2024-05-11;852.0
2024-05-11;856.0
2024-05-12;852.0
2024-05-12;855.0
2024-05-12;854.0
2024-05-13;850.0
2024-05-13;849.0
2024-05-13;848.0
2024-05-14;838.0
2024-05-14;840.0
2024-05-14;839.0
2024-05-15;838.0
2024-05-15;839.0
2024-05-15;840.0
2024-05-16;899.0
2024-05-16;883.0
2024-05-16;914.0
2024-05-17;928.0
2024-05-17;926.0
2024-05-17;927.0
2024-05-18;929.0
2024-05-18;927.0
2024-05-18;928.0
2024-05-19;925.0
2024-05-19;924.0
2024-05-19;925.0
2024-05-20;925.0
2024-05-20;925.0
2024-05-20;925.0
2024-05-21;924.0
2024-05-21;924.0
2024-05-21;924.0
2024-05-22;922.0
2024-05-22;923.0
2024-05-22;923.0
2024-05-23;921.0
2024-05-23;919.0
2024-05-23;917.0
2024-05-24;908.0
2024-05-24;911.0
2024-05-24;910.0
2024-05-25;901.0
2024-05-25;899.0
2024-05-25;897.0
2024-05-26;907.0
2024-05-26;902.0
2024-05-26;896.0
2024-05-27;942.0
2024-05-27;937.0
2024-05-27;931.0
2024-05-28;961.0
2024-05-28;977.0
2024-05-28;969.0
2024-05-29;986.0
2024-05-29;986.0
2024-05-29;986.0
2024-05-30;982.0
2024-05-30;984.0
2024-05-30;980.0
2024-05-31;974.0
2024-05-31;976.0
2024-05-31;971.0
2024-06-01;957.0
2024-06-01;962.0
2024-06-01;952.0
2024-06-02;942.0
2024-06-02;932.0
2024-06-02;937.0
2024-06-03;914.0
2024-06-03;910.0
2024-06-03;918.0
2024-06-04;896.0
2024-06-04;893.0
2024-06-04;899.0
2024-06-05;893.0
2024-06-05;889.0
2024-06-05;897.0
2024-06-06;918.0
2024-06-06;923.0
2024-06-06;913.0
2024-06-07;936.0
2024-06-07;933.0
2024-06-07;938.0
2024-06-08;954.0
2024-06-08;946.0
2024-06-08;950.0
2024-06-09;964.0
2024-06-09;962.0
2024-06-09;966.0
2024-06-10;970.0
2024-06-10;974.0
2024-06-10;972.0
2024-06-11;978.0
2024-06-11;983.0
2024-06-11;981.0
2024-06-12;1011.0
2024-06-12;996.0
2024-06-12;1004.0
2024-06-13;1037.0
2024-06-13;1043.0
2024-06-13;1031.0
2024-06-14;1062.0
2024-06-14;1051.0
2024-06-14;1057.0
2024-06-15;1073.0
2024-06-15;1070.0
2024-06-15;1072.0
2024-06-16;1070.0
2024-06-16;1071.0
2024-06-16;1068.0
2024-06-17;1063.0
2024-06-17;1063.0
2024-06-17;1063.0
2024-06-18;1055.0
2024-06-18;1060.0
2024-06-18;1058.0
2024-06-19;1046.0
2024-06-19;1052.0
2024-06-19;1040.0
2024-06-20;1030.0
2024-06-20;1039.0
2024-06-20;1035.0
2024-06-21;1035.0
2024-06-21;1030.0
2024-06-21;1039.0
2024-06-22;1022.0
2024-06-22;1024.0
2024-06-22;1023.0
2024-06-23;1014.0
2024-06-23;1011.0
2024-06-23;1016.0
2024-06-24;1005.0
2024-06-24;1006.0
2024-06-24;1006.0
2024-06-25;1003.0
2024-06-25;1005.0
2024-06-25;1004.0
2024-06-26;1001.0
2024-06-26;998.0
2024-06-26;995.0
2024-06-27;973.0
2024-06-27;983.0
2024-06-27;963.0
2024-06-28;958.0
2024-06-28;950.0
2024-06-28;954.0
2024-06-29;950.0
2024-06-29;948.0
2024-06-29;945.0
2024-06-30;932.0
2024-06-30;935.0
2024-06-30;934.0
2024-07-01;925.0
2024-07-01;922.0
2024-07-01;919.0
2024-07-02;906.0
2024-07-02;909.0
2024-07-02;902.0
2024-07-03;882.0
2024-07-03;892.0
2024-07-03;887.0
2024-07-04;874.0
2024-07-04;872.0
2024-07-04;876.0
2024-07-05;867.0
2024-07-05;868.0
2024-07-05;869.0
2024-07-06;865.0
2024-07-06;864.0
2024-07-06;865.0
2024-07-07;870.0
2024-07-07;867.0
2024-07-07;864.0
2024-07-08;872.0
2024-07-08;870.0
2024-07-08;871.0
2024-07-09;896.0
2024-07-09;883.0
2024-07-09;890.0
2024-07-10;900.0
2024-07-10;903.0
2024-07-10;902.0
2024-07-11;894.0
2024-07-11;896.0
2024-07-11;892.0
2024-07-12;899.0
2024-07-12;896.0
2024-07-12;901.0
2024-07-13;908.0
2024-07-13;911.0
2024-07-13;910.0
2024-07-14;917.0
2024-07-14;918.0
2024-07-14;918.0
2024-07-15;919.0
2024-07-15;919.0
2024-07-15;919.0
2024-07-16;925.0
2024-07-16;923.0
2024-07-16;926.0
2024-07-17;929.0
2024-07-17;929.0
2024-07-17;929.0
2024-07-18;931.0
2024-07-18;931.0
2024-07-18;930.0
2024-07-19;933.0
2024-07-19;933.0
2024-07-19;933.0
2024-07-20;924.0
2024-07-20;927.0
2024-07-20;929.0
2024-07-21;920.0
2024-07-21;921.0
2024-07-21;918.0
2024-07-22;910.0
2024-07-22;912.0
2024-07-22;907.0
2024-07-23;901.0
2024-07-23;900.0
2024-07-23;898.0
2024-07-24;901.0
2024-07-24;898.0
2024-07-24;900.0
2024-07-25;912.0
2024-07-25;908.0
2024-07-25;910.0
2024-07-26;956.0
2024-07-26;946.0
2024-07-26;936.0
2024-07-27;966.0
2024-07-27;966.0
2024-07-27;965.0
2024-07-28;965.0
2024-07-28;965.0
2024-07-28;965.0
2024-07-29;943.0
2024-07-29;938.0
2024-07-29;947.0
2024-07-30;928.0
2024-07-30;925.0
2024-07-30;930.0
2024-07-31;921.0
2024-07-31;922.0
2024-07-31;919.0
2024-08-01;919.0
2024-08-01;919.0
2024-08-01;918.0
2024-08-02;912.0
2024-08-02;916.0
2024-08-02;914.0
2024-08-03;904.0
2024-08-03;902.0
2024-08-03;899.0
2024-08-04;892.0
2024-08-04;890.0
2024-08-04;894.0
2024-08-05;882.0
2024-08-05;884.0
2024-08-05;883.0
2024-08-06;880.0
2024-08-06;880.0
2024-08-06;880.0
2024-08-07;880.0
2024-08-07;879.0
2024-08-07;880.0
2024-08-08;876.0
2024-08-08;877.0
2024-08-08;875.0
2024-08-09;865.0
2024-08-09;872.0
2024-08-09;869.0
2024-08-10;859.0
2024-08-10;861.0
2024-08-10;857.0
2024-08-11;855.0
2024-08-11;854.0
2024-08-11;855.0
2024-08-12;853.0
2024-08-12;849.0
2024-08-12;851.0
2024-08-13;843.0
2024-08-13;845.0
2024-08-13;840.0
2024-08-14;831.0
2024-08-14;833.0
2024-08-14;828.0
2024-08-15;817.0
2024-08-15;822.0
2024-08-15;820.0
2024-08-16;811.0
2024-08-16;815.0
2024-08-16;813.0
2024-08-17;806.0
2024-08-17;808.0
2024-08-17;803.0
2024-08-18;787.0
2024-08-18;791.0
2024-08-18;795.0
2024-08-19;770.0
2024-08-19;778.0
2024-08-19;774.0
2024-08-20;757.0
2024-08-20;752.0
2024-08-20;761.0
2024-08-21;741.0
2024-08-21;744.0
2024-08-21;738.0
2024-08-22;727.0
2024-08-22;729.0
2024-08-22;725.0
2024-08-23;721.0
2024-08-23;720.0
2024-08-23;721.0
2024-08-24;721.0
2024-08-24;721.0
2024-08-24;720.0
2024-08-25;721.0
2024-08-25;722.0
2024-08-25;722.0
2024-08-26;722.0
2024-08-26;722.0
2024-08-26;722.0
2024-08-27;726.0
2024-08-27;728.0
2024-08-27;729.0
2024-08-28;733.0
2024-08-28;733.0
2024-08-28;732.0
2024-08-29;731.0
2024-08-29;732.0
2024-08-29;729.0
2024-08-30;727.0
2024-08-30;724.0
2024-08-30;730.0
2024-08-31;740.0
2024-08-31;737.0
2024-08-31;739.0
2024-09-01;739.0
2024-09-01;738.0
2024-09-01;740.0
2024-09-02;734.0
2024-09-02;732.0
2024-09-02;736.0
2024-09-03;724.0
2024-09-03;722.0
2024-09-03;720.0
2024-09-04;705.0
2024-09-04;699.0
2024-09-04;702.0
2024-09-05;696.0
2024-09-05;696.0
2024-09-05;695.0
2024-09-06;698.0
2024-09-06;703.0
2024-09-06;701.0
2024-09-07;706.0
2024-09-07;705.0
2024-09-07;706.0
2024-09-08;703.0
2024-09-08;701.0
2024-09-08;705.0
2024-09-09;684.0
2024-09-09;693.0
2024-09-09;689.0
2024-09-10;674.0
2024-09-10;665.0
2024-09-10;670.0
2024-09-11;655.0
2024-09-11;657.0
2024-09-11;658.0
2024-09-12;653.0
2024-09-12;652.0
2024-09-12;654.0
2024-09-13;645.0
2024-09-13;647.0
2024-09-13;649.0
2024-09-14;641.0
2024-09-14;639.0
2024-09-14;642.0
2024-09-15;631.0
2024-09-15;634.0
2024-09-15;633.0
2024-09-16;625.0
2024-09-16;621.0
2024-09-16;623.0
2024-09-17;617.0
2024-09-17;618.0
2024-09-17;618.0
2024-09-18;616.0
2024-09-18;612.0
2024-09-18;614.0
2024-09-19;616.0
2024-09-19;615.0
2024-09-19;617.0
2024-09-20;618.0
2024-09-20;617.0
2024-09-20;618.0
2024-09-21;614.0
2024-09-21;610.0
2024-09-21;612.0
2024-09-22;604.0
2024-09-22;602.0
2024-09-22;606.0
2024-09-23;598.0
2024-09-23;596.0
2024-09-23;600.0
2024-09-24;594.0
2024-09-24;592.0
2024-09-24;593.0
2024-09-25;591.0
2024-09-25;592.0
2024-09-25;590.0
2024-09-26;588.0
2024-09-26;588.0
2024-09-26;588.0
2024-09-27;591.0
2024-09-27;596.0
2024-09-27;594.0
2024-09-28;610.0
2024-09-28;614.0
2024-09-28;618.0
2024-09-29;633.0
2024-09-29;636.0
2024-09-29;630.0
2024-09-30;641.0
2024-09-30;640.0
2024-09-30;641.0
2024-10-01;643.0
2024-10-01;643.0
2024-10-01;642.0
2024-10-02;641.0
2024-10-02;642.0
2024-10-02;640.0
2024-10-03;634.0
2024-10-03;630.0
2024-10-03;632.0
2024-10-04;625.0
2024-10-04;623.0
2024-10-04;624.0
2024-10-05;621.0
2024-10-05;621.0
2024-10-05;620.0
2024-10-06;618.0
2024-10-06;619.0
2024-10-06;620.0
2024-10-07;613.0
2024-10-07;615.0
2024-10-07;614.0
2024-10-08;611.0
2024-10-08;612.0
2024-10-08;609.0
2024-10-09;603.0
2024-10-09;599.0
2024-10-09;601.0
2024-10-10;588.0
2024-10-10;591.0
2024-10-10;593.0
2024-10-11;582.0
2024-10-11;584.0
2024-10-11;580.0
2024-10-12;575.0
2024-10-12;574.0
2024-10-12;575.0
2024-10-13;573.0
2024-10-13;577.0
2024-10-13;575.0
2024-10-14;581.0
2024-10-14;582.0
2024-10-14;582.0
2024-10-15;584.0
2024-10-15;583.0
2024-10-15;584.0
2024-10-16;589.0
2024-10-16;590.0
2024-10-16;587.0
2024-10-17;599.0
2024-10-17;597.0
2024-10-17;598.0
2024-10-18;601.0
2024-10-18;600.0
2024-10-18;601.0
2024-10-19;596.0
2024-10-19;599.0
2024-10-19;598.0
2024-10-20;596.0
2024-10-20;595.0
2024-10-20;596.0
2024-10-21;593.0
2024-10-21;593.0
2024-10-21;593.0
2024-10-22;591.0
2024-10-22;591.0
2024-10-22;590.0
2024-10-23;587.0
2024-10-23;587.0
2024-10-23;586.0
2024-10-24;589.0
2024-10-24;592.0
2024-10-24;594.0
2024-10-25;616.0
2024-10-25;622.0
2024-10-25;609.0
2024-10-26;635.0
2024-10-26;642.0
2024-10-26;639.0
2024-10-27;645.0
2024-10-27;642.0
2024-10-27;644.0
2024-10-28;636.0
2024-10-28;628.0
2024-10-28;632.0
2024-10-29;616.0
2024-10-29;613.0
2024-10-29;609.0
2024-10-30;596.0
2024-10-30;600.0
2024-10-30;592.0
2024-10-31;584.0
2024-10-31;582.0
2024-10-31;579.0
2024-11-01;573.0
2024-11-01;574.0
2024-11-01;574.0
2024-11-02;567.0
2024-11-02;565.0
2024-11-02;569.0
2024-11-03;560.0
2024-11-03;558.0
2024-11-03;561.0
2024-11-04;554.0
2024-11-04;555.0
2024-11-04;556.0
2024-11-05;554.0
2024-11-05;554.0
2024-11-05;554.0
2024-11-06;552.0
2024-11-06;552.0
2024-11-06;551.0
2024-11-07;541.0
2024-11-07;544.0
2024-11-07;538.0
2024-11-08;532.0
2024-11-08;530.0
2024-11-08;528.0
2024-11-09;530.0
2024-11-09;532.0
2024-11-09;528.0
2024-11-10;513.0
2024-11-10;514.0
2024-11-10;512.0
2024-11-11;514.0
2024-11-11;516.0
2024-11-11;517.0
2024-11-12;525.0
2024-11-12;530.0
2024-11-12;534.0
2024-11-13;553.0
2024-11-13;546.0
2024-11-13;550.0
2024-11-14;557.0
2024-11-14;557.0
2024-11-14;557.0
2024-11-15;579.0
2024-11-15;570.0
2024-11-15;575.0
2024-11-16;589.0
2024-11-16;595.0
2024-11-16;592.0
2024-11-17;607.0
2024-11-17;605.0
2024-11-17;606.0
2024-11-18;604.0
2024-11-18;602.0
2024-11-18;606.0
2024-11-19;590.0
2024-11-19;594.0
2024-11-19;586.0
2024-11-20;577.0
2024-11-20;578.0
2024-11-20;575.0
2024-11-21;571.0
2024-11-21;572.0
2024-11-21;572.0
2024-11-22;572.0
2024-11-22;572.0
2024-11-22;572.0
2024-11-23;577.0
2024-11-23;575.0
2024-11-23;579.0
2024-11-24;598.0
2024-11-24;590.0
2024-11-24;594.0
2024-11-25;605.0
2024-11-25;610.0
2024-11-25;608.0
2024-11-26;612.0
2024-11-26;612.0
2024-11-26;612.0
2024-11-27;616.0
2024-11-27;615.0
2024-11-27;616.0
2024-11-28;616.0
2024-11-28;617.0
2024-11-28;618.0
2024-11-29;611.0
2024-11-29;612.0
2024-11-29;609.0
2024-11-30;597.0
2024-11-30;602.0
2024-11-30;600.0
2024-12-01;592.0
2024-12-01;588.0
2024-12-01;590.0
2024-12-02;588.0
2024-12-02;592.0
2024-12-02;590.0
2024-12-03;579.0
2024-12-03;579.0
2024-12-03;578.0
2024-12-04;577.0
2024-12-04;576.0
2024-12-04;577.0
2024-12-05;580.0
2024-12-05;579.0
2024-12-05;577.0
2024-12-06;586.0
2024-12-06;585.0
2024-12-06;587.0
2024-12-07;589.0
2024-12-07;587.0
2024-12-07;588.0
2024-12-08;587.0
2024-12-08;588.0
2024-12-08;588.0
2024-12-09;584.0
2024-12-09;585.0
2024-12-09;582.0
2024-12-10;578.0
2024-12-10;578.0
2024-12-10;578.0
2024-12-11;586.0
2024-12-11;581.0
2024-12-11;584.0
2024-12-12;599.0
2024-12-12;595.0
2024-12-12;603.0
2024-12-13;611.0
2024-12-13;609.0
2024-12-13;612.0
2024-12-14;626.0
2024-12-14;624.0
2024-12-14;621.0
2024-12-15;629.0
2024-12-15;629.0
2024-12-15;629.0
2024-12-16;639.0
2024-12-16;656.0
2024-12-16;648.0
2024-12-17;676.0
2024-12-17;673.0
2024-12-17;670.0
2024-12-18;682.0
2024-12-18;683.0
2024-12-18;684.0
2024-12-19;678.0
2024-12-19;681.0
2024-12-19;680.0
2024-12-20;669.0
2024-12-20;670.0
2024-12-20;667.0
2024-12-21;652.0
2024-12-21;658.0
2024-12-21;655.0
2024-12-22;640.0
2024-12-22;645.0
2024-12-22;643.0
2024-12-23;634.0
2024-12-23;632.0
2024-12-23;635.0
2024-12-24;635.0
2024-12-24;634.0
2024-12-24;636.0
2024-12-25;635.0
2024-12-25;634.0
2024-12-25;636.0
2024-12-26;631.0
2024-12-26;632.0
2024-12-26;629.0
2024-12-27;624.0
2024-12-27;626.0
2024-12-27;625.0
2024-12-28;653.0
2024-12-28;645.0
2024-12-28;636.0
2024-12-29;676.0
2024-12-29;671.0
2024-12-29;680.0
2024-12-30;691.0
2024-12-30;690.0
2024-12-30;689.0
2024-12-31;689.0
2024-12-31;686.0
2024-12-31;682.0
2025-01-01;680.0
2025-01-01;682.0
2025-01-01;678.0
2025-01-02;693.0
2025-01-02;690.0
2025-01-02;692.0
2025-01-03;697.0
2025-01-03;698.0
2025-01-03;698.0
2025-01-04;696.0
2025-01-04;696.0
2025-01-04;696.0
2025-01-05;693.0
2025-01-05;694.0
2025-01-05;695.0
2025-01-06;692.0
2025-01-06;692.0
2025-01-06;692.0
2025-01-07;692.0
2025-01-07;692.0
2025-01-07;691.0
2025-01-08;683.0
2025-01-08;687.0
2025-01-08;685.0
2025-01-09;676.0
2025-01-09;678.0
2025-01-09;673.0
2025-01-10;665.0
2025-01-10;667.0
2025-01-10;662.0
2025-01-11;653.0
2025-01-11;656.0
2025-01-11;655.0
2025-01-12;643.0
2025-01-12;640.0
2025-01-12;646.0
2025-01-13;629.0
2025-01-13;632.0
2025-01-13;626.0
2025-01-14;619.0
2025-01-14;616.0
2025-01-14;621.0
2025-01-15;606.0
2025-01-15;609.0
2025-01-15;603.0
2025-01-16;588.0
2025-01-16;591.0
2025-01-16;594.0
2025-01-17;575.0
2025-01-17;571.0
2025-01-17;579.0
2025-01-18;559.0
2025-01-18;554.0
2025-01-18;564.0
2025-01-19;545.0
2025-01-19;547.0
2025-01-19;543.0
2025-01-20;530.0
2025-01-20;537.0
2025-01-20;534.0
2025-01-21;520.0
2025-01-21;522.0
2025-01-21;518.0
2025-01-22;509.0
2025-01-22;506.0
2025-01-22;512.0
2025-01-23;497.0
2025-01-23;502.0
2025-01-23;500.0
2025-01-24;489.0
2025-01-24;486.0
2025-01-24;492.0
2025-01-25;496.0
2025-01-25;491.0
2025-01-25;494.0
2025-01-26;496.0
2025-01-26;494.0
2025-01-26;492.0
2025-01-27;488.0
2025-01-27;488.0
2025-01-27;487.0
2025-01-28;498.0
2025-01-28;494.0
2025-01-28;490.0
2025-01-29;526.0
2025-01-29;514.0
2025-01-29;520.0
2025-01-30;534.0
2025-01-30;542.0
2025-01-30;538.0
2025-01-31;562.0
2025-01-31;558.0
2025-01-31;553.0
2025-02-01;578.0
2025-02-01;576.0
2025-02-01;573.0
2025-02-02;589.0
2025-02-02;592.0
2025-02-02;586.0
2025-02-03;600.0
2025-02-03;605.0
2025-02-03;603.0
2025-02-04;610.0
2025-02-04;613.0
2025-02-04;615.0
2025-02-05;615.0
2025-02-05;615.0
2025-02-05;615.0
2025-02-06;610.0
2025-02-06;610.0
2025-02-06;610.0
2025-02-07;628.0
2025-02-07;648.0
2025-02-07;638.0
2025-02-08;669.0
2025-02-08;675.0
2025-02-08;680.0
2025-02-09;709.0
2025-02-09;708.0
2025-02-09;710.0
2025-02-10;696.0
2025-02-10;700.0
2025-02-10;698.0
2025-02-11;693.0
2025-02-11;692.0
2025-02-11;693.0
2025-02-12;695.0
2025-02-12;694.0
2025-02-12;695.0
2025-02-13;693.0
2025-02-13;693.0
2025-02-13;693.0
2025-02-14;699.0
2025-02-14;700.0
2025-02-14;700.0
2025-02-15;698.0
2025-02-15;700.0
2025-02-15;702.0
2025-02-16;691.0
2025-02-16;684.0
2025-02-16;688.0
2025-02-17;665.0
2025-02-17;657.0
2025-02-17;672.0
2025-02-18;644.0
2025-02-18;647.0
2025-02-18;650.0
2025-02-19;632.0
2025-02-19;635.0
2025-02-19;638.0
2025-02-20;622.0
2025-02-20;620.0
2025-02-20;624.0
2025-02-21;614.0
2025-02-21;612.0
2025-02-21;609.0
2025-02-22;623.0
2025-02-22;631.0
2025-02-22;639.0
2025-02-23;672.0
2025-02-23;685.0
2025-02-23;679.0
2025-02-24;704.0
2025-02-24;699.0
2025-02-24;702.0
2025-02-25;709.0
2025-02-25;709.0
2025-02-25;708.0
2025-02-26;703.0
2025-02-26;697.0
2025-02-26;700.0
2025-02-27;678.0
2025-02-27;683.0
2025-02-27;688.0
2025-02-28;662.0
2025-02-28;667.0
2025-02-28;672.0
